frame_id,file_path,file_base,file_exists,repID,camID,time,rank,score,head_x,head_y,head_score,middle_x,middle_y,middle_score,tail_x,tail_y,tail_score,centroid_x,centroid_y,size_px,x_dim,y_dim,out_of_frame,is_gap,size_z,status,false_cluster
frame1__s0,C:/R_projects/spat_1f_noise/processed_feed\rep36\processed_rep36__cam5_s0_rank1.jpg,processed_rep36__cam5_s0_rank1.jpg,TRUE,rep36,cam5,0,1,0.9908207058906556,819.319580078125,977.2061767578125,0.47116824984550476,835.4039306640625,964.862060546875,0.03535211831331253,898.50372314453125,979.67498779296875,0.0341852568089962,857.3337828725556,971.3061362103844,2965.5,1000,1000,TRUE,FALSE,NA,unclear,FALSE
frame2__s361,C:/R_projects/spat_1f_noise/processed_feed\rep36\processed_rep36__cam5_s361_rank2.jpg,processed_rep36__cam5_s361_rank2.jpg,TRUE,rep36,cam5,361,2,0.9898760914802552,818.4488525390625,980.919677734375,0.020544229075312614,833.41400146484375,968.4332275390625,0.8167049288749695,898.262939453125,978.42236328125,0.016979936510324478,862.315336204041,972.4239814508115,3018.5,1000,1000,TRUE,FALSE,NA,unclear,FALSE
frame3__s721,C:/R_projects/spat_1f_noise/processed_feed\rep36\processed_rep36__cam5_s721_rank3.jpg,processed_rep36__cam5_s721_rank3.jpg,TRUE,rep36,cam5,721,3,0.99476420879364,816.9774169921875,979.61785888671875,0.02755892276763916,871.8389892578125,971.06201171875,0.48170244693756104,898.02294921875,980.840087890625,0.020051337778568268,860.6468646864687,971.3879721305464,2725,1000,1000,TRUE,FALSE,NA,unclear,FALSE
frame4__s1082,C:/R_projects/spat_1f_noise/processed_feed\rep36\processed_rep36__cam5_s1082_rank4.jpg,processed_rep36__cam5_s1082_rank4.jpg,TRUE,rep36,cam5,1082,4,0.9963776469230652,824.13916015625,962.91253662109375,0.023189891129732132,880.2769775390625,957.98345947265625,0.13862402737140656,908.9696044921875,965.376953125,0.024101926013827324,872.33028780264965,958.2457743261764,2183,1000,1000,FALSE,FALSE,NA,unclear,FALSE
frame5__s1442,C:/R_projects/spat_1f_noise/processed_feed\rep36\processed_rep36__cam5_s1442_rank5.jpg,processed_rep36__cam5_s1442_rank5.jpg,TRUE,rep36,cam5,1442,5,0.9973076581954956,813.36175537109375,965.56268310546875,0.03062095120549202,873.265625,959.3173828125,1.525256872177124,908.20953369140625,964.3135986328125,0.030631663277745247,867.5421310744539,958.0878288007133,2237.5,1000,1000,FALSE,FALSE,NA,unclear,FALSE
frame6__s1802,C:/R_projects/spat_1f_noise/processed_feed\rep36\processed_rep36__cam5_s1802_rank6.jpg,processed_rep36__cam5_s1802_rank6.jpg,TRUE,rep36,cam5,1802,6,0.9972683191299438,811.21038818359375,975.41046142578125,0.056049466133117676,843.423583984375,947.17315673828125,0.062399424612522125,906.6109619140625,968.044189453125,0.05527393892407417,861.9627527492019,955.5023057821923,2818,1000,1000,FALSE,FALSE,NA,unclear,FALSE
frame7__s2163,C:/R_projects/spat_1f_noise/processed_feed\rep36\processed_rep36__cam5_s2163_rank7.jpg,processed_rep36__cam5_s2163_rank7.jpg,TRUE,rep36,cam5,2163,7,0.9720850586891174,854.410888671875,963.77410888671875,0.2087716907262802,882.75238037109375,962.5579833984375,0.1169305145740509,904.9327392578125,958.90936279296875,0.02049037627875805,881.312987012987,960.7227272727273,1535.5,1000,1000,FALSE,FALSE,NA,unclear,FALSE
frame8__s2523,C:/R_projects/spat_1f_noise/processed_feed\rep36\processed_rep36__cam5_s2523_rank8.jpg,processed_rep36__cam5_s2523_rank8.jpg,TRUE,rep36,cam5,2523,8,0.989537239074707,847.33575439453125,957.84368896484375,0.048737067729234695,880.69610595703125,960.33056640625,17.726234436035156,910.34967041015625,965.3043212890625,0.027179976925253868,879.790750141004,957.9012972363226,1769,1000,1000,FALSE,FALSE,NA,unclear,FALSE
frame9__s2884,C:/R_projects/spat_1f_noise/processed_feed\rep36\processed_rep36__cam5_s2884_rank9.jpg,processed_rep36__cam5_s2884_rank9.jpg,TRUE,rep36,cam5,2884,9,0.9808570146560668,850.72479248046875,961.917236328125,0.030732018873095512,881.762451171875,960.674560546875,0.015254857949912548,906.592529296875,965.64501953125,0.8727198243141174,881.9778296382731,959.9550758459743,1709,1000,1000,FALSE,FALSE,NA,unclear,FALSE
frame10__s3244,C:/R_projects/spat_1f_noise/processed_feed\rep36\processed_rep36__cam5_s3244_rank10.jpg,processed_rep36__cam5_s3244_rank10.jpg,TRUE,rep36,cam5,3244,10,0.9901306629180908,832.93096923828125,972.36480712890625,0.014080967754125595,880.193359375,960.2880859375,0.07263509184122086,910.04327392578125,966.326416015625,0.019370360299944878,876.3055690072639,959.9191283292978,2063.5,1000,1000,FALSE,FALSE,NA,unclear,FALSE
frame11__s3605,C:/R_projects/spat_1f_noise/processed_feed\rep36\processed_rep36__cam5_s3605_rank11.jpg,processed_rep36__cam5_s3605_rank11.jpg,TRUE,rep36,cam5,3605,11,0.9988821148872375,784.5609130859375,944.92462158203125,0.024676203727722168,871.81060791015625,958.41070556640625,0.06739885360002518,909.2032470703125,966.99285888671875,0.06026788428425789,855.5894396551724,955.6946839080459,2779,1000,1000,FALSE,FALSE,NA,unclear,FALSE
frame12__s3965,C:/R_projects/spat_1f_noise/processed_feed\rep36\processed_rep36__cam5_s3965_rank12.jpg,processed_rep36__cam5_s3965_rank12.jpg,TRUE,rep36,cam5,3965,12,0.9965413212776184,825.6234130859375,959.39910888671875,0.05408122390508652,880.5400390625,954.4876708984375,0.06026541441679001,910.4945068359375,966.766357421875,0.08617719262838364,863.9056386651323,952.842731108554,2604.5,1000,1000,FALSE,FALSE,NA,unclear,FALSE
frame13__s4325,C:/R_projects/spat_1f_noise/processed_feed\rep36\processed_rep36__cam5_s4325_rank13.jpg,processed_rep36__cam5_s4325_rank13.jpg,TRUE,rep36,cam5,4325,13,0.9952797889709472,808.81964111328125,965.1866455078125,0.038221027702093124,853.811279296875,950.3673095703125,0.042417436838150024,910.05072021484375,966.42156982421875,0.04944145679473877,864.2631369426751,955.0541401273886,2510.5,1000,1000,FALSE,FALSE,NA,unclear,FALSE
frame14__s4686,C:/R_projects/spat_1f_noise/processed_feed\rep36\processed_rep36__cam5_s4686_rank14.jpg,processed_rep36__cam5_s4686_rank14.jpg,TRUE,rep36,cam5,4686,14,0.9965553283691406,805.49468994140625,962.8707275390625,0.04681393504142761,850.42974853515625,950.47430419921875,0.044158585369586945,909.094970703125,965.3499755859375,0.05115639790892601,860.8305737389295,955.3238351944551,2593,1000,1000,FALSE,FALSE,NA,unclear,FALSE
frame15__s5046,C:/R_projects/spat_1f_noise/processed_feed\rep36\processed_rep36__cam5_s5046_rank15.jpg,processed_rep36__cam5_s5046_rank15.jpg,TRUE,rep36,cam5,5046,15,0.9991920590400696,793.674560546875,919.8538818359375,0.0822700560092926,868.009765625,954.7720947265625,3.267509937286377,908.8941650390625,965.99578857421875,0.0871136486530304,852.2141288433382,947.5303806734993,2732,1000,1000,FALSE,FALSE,NA,unclear,FALSE
frame16__s5407,C:/R_projects/spat_1f_noise/processed_feed\rep36\processed_rep36__cam5_s5407_rank16.jpg,processed_rep36__cam5_s5407_rank16.jpg,TRUE,rep36,cam5,5407,16,0.994101107120514,723.93182373046875,779.706787109375,0.1348402500152588,768.62359619140625,776.009521484375,0.03698768839240074,774.830810546875,829.00445556640625,0.08541721850633621,762.0850880962613,787.9565964761496,2325,1000,1000,FALSE,FALSE,-0.5172306165056862,no issue,FALSE
frame17__s5767,C:/R_projects/spat_1f_noise/processed_feed\rep36\processed_rep36__cam5_s5767_rank17.jpg,processed_rep36__cam5_s5767_rank17.jpg,TRUE,rep36,cam5,5767,17,0.99923837184906,318.1865539550781,655.63226318359375,0.07857419550418854,421.06903076171875,675.6134033203125,1.0520058870315552,447.09954833984375,691.8480224609375,0.1069120541214943,387.78985507246375,665.5962732919255,2898,1000,1000,FALSE,FALSE,1.0789688584975499,no issue,FALSE
frame18__s6128,C:/R_projects/spat_1f_noise/processed_feed\rep36\processed_rep36__cam5_s6128_rank18.jpg,processed_rep36__cam5_s6128_rank18.jpg,TRUE,rep36,cam5,6128,18,0.9991148114204408,314.3428039550781,665.3544921875,0.05017216131091118,426.16876220703125,677.62640380859375,0.08171822130680084,449.7764587402344,692.352783203125,0.08511126041412354,386.7337504344804,668.9951338199513,2878,1000,1000,FALSE,FALSE,1.1183687389667798,no issue,FALSE
frame19__s6488,C:/R_projects/spat_1f_noise/processed_feed\rep36\processed_rep36__cam5_s6488_rank19.jpg,processed_rep36__cam5_s6488_rank19.jpg,TRUE,rep36,cam5,6488,19,0.9993694424629213,336.7498474121094,641.043212890625,0.0934712141752243,413.973876953125,674.620361328125,0.21031713485717773,445.11260986328125,690.787109375,0.1399228721857071,391.8091286307054,667.7506601282535,2653.5,1000,1000,FALSE,FALSE,0.5251098796059279,no issue,FALSE
frame20__s6848,C:/R_projects/spat_1f_noise/processed_feed\rep36\processed_rep36__cam5_s6848_rank20.jpg,processed_rep36__cam5_s6848_rank20.jpg,TRUE,rep36,cam5,6848,20,0.9983124732971193,329.66534423828125,681.47528076171875,0.05512635409832001,378.1524658203125,669.33477783203125,0.021554889157414436,447.7750244140625,691.18768310546875,0.07761181145906448,392.4124900556881,673.3472553699283,2511.5,1000,1000,FALSE,FALSE,0.10969523514077612,no issue,FALSE
frame21__s7209,C:/R_projects/spat_1f_noise/processed_feed\rep36\processed_rep36__cam5_s7209_rank21.jpg,processed_rep36__cam5_s7209_rank21.jpg,TRUE,rep36,cam5,7209,21,0.9985628724098206,370.3764343261719,608.21466064453125,0.14679217338562012,396.6112060546875,660.5994873046875,0.126906618475914,444.0836181640625,690.53375244140625,0.11779966205358505,402.6200873362445,654.0591504565303,2523.5,1000,1000,FALSE,FALSE,0.1279806060029048,no issue,FALSE
frame22__s7569,C:/R_projects/spat_1f_noise/processed_feed\rep36\processed_rep36__cam5_s7569_rank22.jpg,processed_rep36__cam5_s7569_rank22.jpg,TRUE,rep36,cam5,7569,22,0.9984373450279236,370.4647521972656,608.34722900390625,0.17357377707958221,416.16998291015625,671.5694580078125,0.18679800629615784,444.5813293457031,690.16424560546875,0.11622753739356995,402.08773991382685,653.8425381903643,2557.5,1000,1000,FALSE,FALSE,0.268080734257111,no issue,FALSE
frame23__s7930,C:/R_projects/spat_1f_noise/processed_feed\rep36\processed_rep36__cam5_s7930_rank23.jpg,processed_rep36__cam5_s7930_rank23.jpg,TRUE,rep36,cam5,7930,23,0.9980358481407166,370.97259521484375,604.10968017578125,0.09132008254528046,397.21246337890625,659.9521484375,0.09330488741397858,444.6940612792969,689.73480224609375,0.12407396733760834,402.3673469387755,653.2217425431711,2553,1000,1000,FALSE,FALSE,0.1751152480502734,no issue,FALSE
frame24__s8290,C:/R_projects/spat_1f_noise/processed_feed\rep36\processed_rep36__cam5_s8290_rank24.jpg,processed_rep36__cam5_s8290_rank24.jpg,TRUE,rep36,cam5,8290,24,0.9984149932861328,352.1794128417969,386.12530517578125,0.05638622120022774,311.07220458984375,351.55035400390625,0.1516585499048233,218.892333984375,321.9147033691406,0.12844887375831604,287.054596799498,342.24097897709447,3183.5,1000,1000,FALSE,FALSE,2.4825084139139517,too big,FALSE
frame25__s8651,C:/R_projects/spat_1f_noise/processed_feed\rep36\processed_rep36__cam5_s8651_rank25.jpg,processed_rep36__cam5_s8651_rank25.jpg,TRUE,rep36,cam5,8651,25,0.9981277585029602,330.37255859375,823.41455078125,0.2836465835571289,329.1397705078125,770.078857421875,0.04655405879020691,315.57977294921875,703.0992431640625,0.09464992582798004,327.81728582259285,761.9287338893101,2640,1000,1000,FALSE,FALSE,0.42722945605310086,no issue,FALSE
frame26__s9011,C:/R_projects/spat_1f_noise/processed_feed\rep36\processed_rep36__cam5_s9011_rank26.jpg,processed_rep36__cam5_s9011_rank26.jpg,TRUE,rep36,cam5,9011,26,0.9984366297721864,332.907958984375,819.6812744140625,0.1700100600719452,329.19073486328125,772.19793701171875,0.050896864384412766,316.79998779296875,704.7218017578125,0.1118430346250534,327.94336084021006,761.490622655664,2664.5,1000,1000,FALSE,FALSE,0.5305481958487936,no issue,FALSE
frame27__s9372,C:/R_projects/spat_1f_noise/processed_feed\rep36\processed_rep36__cam5_s9372_rank27.jpg,processed_rep36__cam5_s9372_rank27.jpg,TRUE,rep36,cam5,9372,27,0.9983260035514832,332.8854064941406,819.1705322265625,0.2159072905778885,329.16278076171875,770.49835205078125,0.04331999272108078,316.75408935546875,705.6019287109375,0.11175090819597244,328.00697759823726,762.623944179214,2724,1000,1000,FALSE,FALSE,0.8754592651698232,no issue,FALSE
frame28__s9732,C:/R_projects/spat_1f_noise/processed_feed\rep36\processed_rep36__cam5_s9732_rank28.jpg,processed_rep36__cam5_s9732_rank28.jpg,TRUE,rep36,cam5,9732,28,0.997130811214447,331.24053955078125,822.72955322265625,0.5521180033683777,328.8255615234375,771.61614990234375,0.028894653543829918,321.58062744140625,706.7894287109375,0.0625685527920723,328.98183881952326,763.4362466893681,2643.5,1000,1000,FALSE,FALSE,0.5179174392389079,no issue,FALSE
frame29__s10092,C:/R_projects/spat_1f_noise/processed_feed\rep36\processed_rep36__cam5_s10092_rank29.jpg,processed_rep36__cam5_s10092_rank29.jpg,TRUE,rep36,cam5,10092,29,0.9968024492263794,328.1289978027344,660.7769775390625,0.06514357030391693,348.9037780761719,716.52398681640625,0.06173817068338394,346.4596862792969,758.64385986328125,0.5478965640068054,342.0593525179856,712.1551258992806,2227,1000,1000,FALSE,FALSE,-1.4537369099128226,no issue,FALSE
frame30__s10453,C:/R_projects/spat_1f_noise/processed_feed\rep36\processed_rep36__cam5_s10453_rank30.jpg,processed_rep36__cam5_s10453_rank30.jpg,TRUE,rep36,cam5,10453,30,0.997227132320404,329.22308349609375,650.43756103515625,0.07169986516237259,346.3516540527344,712.80511474609375,0.0853780061006546,345.128173828125,760.20440673828125,1.516800045967102,340.4065074135091,706.7561779242175,2429,1000,1000,FALSE,FALSE,-0.4744308499541107,no issue,FALSE
frame31__s10813,C:/R_projects/spat_1f_noise/processed_feed\rep36\processed_rep36__cam5_s10813_rank31.jpg,processed_rep36__cam5_s10813_rank31.jpg,TRUE,rep36,cam5,10813,31,0.9946223497390748,343.76763916015625,644.60723876953125,0.05462663620710373,348.56109619140625,715.242431640625,1.4880967140197754,344.9659729003906,759.8541259765625,0.03891543671488762,344.5337398373984,705.5593495934959,2458.5,1000,1000,FALSE,FALSE,-0.2991903065124577,no issue,FALSE
frame32__s11174,C:/R_projects/spat_1f_noise/processed_feed\rep36\processed_rep36__cam5_s11174_rank32.jpg,processed_rep36__cam5_s11174_rank32.jpg,TRUE,rep36,cam5,11174,32,0.9946721196174622,341.39453125,650.07989501953125,0.048472803086042404,348.607177734375,714.91876220703125,18.119853973388672,346.2029724121094,761.0540771484375,0.03965334966778755,344.2757461118117,706.442202606137,2377,1000,1000,FALSE,FALSE,-0.41332302270297494,no issue,FALSE
frame33__s11534,C:/R_projects/spat_1f_noise/processed_feed\rep36\processed_rep36__cam5_s11534_rank33.jpg,processed_rep36__cam5_s11534_rank33.jpg,TRUE,rep36,cam5,11534,33,0.9946386218070984,341.31048583984375,650.33990478515625,0.03981049731373787,348.5801696777344,714.98590087890625,24.19557762145996,346.15692138671875,760.9840087890625,0.0370258092880249,344.23893805309734,706.6236831015592,2371.5,1000,1000,FALSE,FALSE,-0.4313804187603122,no issue,FALSE
frame34__s11894,C:/R_projects/spat_1f_noise/processed_feed\rep36\processed_rep36__cam5_s11894_rank34.jpg,processed_rep36__cam5_s11894_rank34.jpg,TRUE,rep36,cam5,11894,34,0.9940819144248962,341.3680725097656,651.7890625,0.042533211410045624,348.5688781738281,712.48712158203125,0.054494183510541916,347.3687744140625,758.3203125,0.23593899607658386,344.3295019157088,706.7730949340145,2347.5,1000,1000,FALSE,FALSE,-0.48255726269489513,no issue,FALSE
frame35__s12255,C:/R_projects/spat_1f_noise/processed_feed\rep36\processed_rep36__cam5_s12255_rank35.jpg,processed_rep36__cam5_s12255_rank35.jpg,TRUE,rep36,cam5,12255,35,0.9937174320220948,341.2201232910156,650.8863525390625,0.039172809571027756,348.55157470703125,715.6273193359375,5.655216693878174,346.1077575683594,760.4478759765625,0.03668834641575813,344.31090289608176,707.1188245315162,2347,1000,1000,FALSE,FALSE,-0.4856834461262396,no issue,FALSE
frame36__s12615,C:/R_projects/spat_1f_noise/processed_feed\rep36\processed_rep36__cam5_s12615_rank36.jpg,processed_rep36__cam5_s12615_rank36.jpg,TRUE,rep36,cam5,12615,36,0.998238205909729,311.52435302734375,667.4798583984375,0.15771566331386566,349.81524658203125,712.25927734375,0.09726719558238983,346.10968017578125,760.7703857421875,0.06633549928665161,338.7757125154895,709.6410574142916,2421,1000,1000,FALSE,FALSE,-0.21575550554894396,no issue,FALSE
frame37__s12976,C:/R_projects/spat_1f_noise/processed_feed\rep36\processed_rep36__cam5_s12976_rank37.jpg,processed_rep36__cam5_s12976_rank37.jpg,TRUE,rep36,cam5,12976,37,0.9987806677818298,307.42047119140625,666.7322998046875,0.15039584040641785,348.1684875488281,712.48602294921875,0.087847039103508,345.6988830566406,760.712890625,0.08376208692789078,336.80299251870326,709.0627597672485,2407,1000,1000,FALSE,FALSE,-0.2826411395796809,no issue,FALSE
frame38__s13336,C:/R_projects/spat_1f_noise/processed_feed\rep36\processed_rep36__cam5_s13336_rank38.jpg,processed_rep36__cam5_s13336_rank38.jpg,TRUE,rep36,cam5,13336,38,0.9989047050476074,303.619140625,657.89013671875,0.10869896411895752,345.9385986328125,710.37957763671875,0.11333797872066498,344.69390869140625,752.87103271484375,0.21813544631004333,334.20996576645115,705.0562951692659,2631,1000,1000,FALSE,FALSE,0.5322030826585185,no issue,FALSE
frame39__s13697,C:/R_projects/spat_1f_noise/processed_feed\rep36\processed_rep36__cam5_s13697_rank39.jpg,processed_rep36__cam5_s13697_rank39.jpg,TRUE,rep36,cam5,13697,39,0.9990599751472472,303.4855651855469,658.6934814453125,0.1150590106844902,345.8287353515625,711.18988037109375,0.11130707710981369,344.5833740234375,752.43701171875,0.14800982177257538,334.40076923076924,705.6176923076923,2601.5,1000,1000,FALSE,FALSE,0.41217182367443983,no issue,FALSE
frame40__s14057,C:/R_projects/spat_1f_noise/processed_feed\rep36\processed_rep36__cam5_s14057_rank40.jpg,processed_rep36__cam5_s14057_rank40.jpg,TRUE,rep36,cam5,14057,40,0.9980422258377076,331.72589111328125,671.98052978515625,0.03315335512161255,344.0191955566406,726.78948974609375,0.06396991014480591,345.24853515625,764.1591796875,0.057509854435920715,337.47149321266966,715.7380090497737,2204.5,1000,1000,FALSE,FALSE,-1.0989411792198205,no issue,FALSE
frame41__s14417,C:/R_projects/spat_1f_noise/processed_feed\rep36\processed_rep36__cam5_s14417_rank41.jpg,processed_rep36__cam5_s14417_rank41.jpg,TRUE,rep36,cam5,14417,41,0.9955125451087952,290.47015380859375,693.6165771484375,0.11455029994249344,345.18743896484375,714.7056884765625,0.04129522666335106,346.4310302734375,763.08660888671875,0.07695140689611435,331.28425531914894,716.6829787234043,2348.5,1000,1000,FALSE,FALSE,-0.5089643911315945,no issue,FALSE
frame42__s14778,C:/R_projects/spat_1f_noise/processed_feed\rep36\processed_rep36__cam5_s14778_rank42.jpg,processed_rep36__cam5_s14778_rank42.jpg,TRUE,rep36,cam5,14778,42,0.9983452558517456,355.55181884765625,770.187744140625,0.037894152104854584,345.82275390625,711.62353515625,0.06210363283753395,325.1484375,649.32122802734375,0.04797590523958206,339.66264090177134,704.6300322061192,2485,1000,1000,FALSE,FALSE,0.052936776225132313,no issue,FALSE
frame43__s15138,C:/R_projects/spat_1f_noise/processed_feed\rep36\processed_rep36__cam5_s15138_rank43.jpg,processed_rep36__cam5_s15138_rank43.jpg,TRUE,rep36,cam5,15138,43,0.9971451163291932,480.79779052734375,513.70703125,0.059346992522478104,410.08599853515625,498.9375305175781,0.047581303864717484,386.515380859375,521.091796875,0.08716475963592529,431.9859813084112,496.27782497875955,2354,1000,1000,FALSE,FALSE,-0.47440396315772804,no issue,FALSE
frame44__s15499,C:/R_projects/spat_1f_noise/processed_feed\rep36\processed_rep36__cam5_s15499_rank44.jpg,processed_rep36__cam5_s15499_rank44.jpg,TRUE,rep36,cam5,15499,44,0.997490406036377,481.43231201171875,512.036865234375,0.0757841169834137,402.9236145019531,504.55126953125,1.8858110904693604,386.72344970703125,520.7701416015625,0.07355630397796631,432.5499168053245,496.34983361064894,2402.5,1000,1000,FALSE,FALSE,-0.2712697654928917,no issue,FALSE
frame45__s15859,C:/R_projects/spat_1f_noise/processed_feed\rep36\processed_rep36__cam5_s15859_rank45.jpg,processed_rep36__cam5_s15859_rank45.jpg,TRUE,rep36,cam5,15859,45,0.9973799586296082,483.542236328125,513.1234130859375,0.07420466095209122,416.369873046875,494.57147216796875,0.047911275178194046,386.5154724121094,520.544189453125,0.07932110875844955,433.3913917940467,495.8487530168946,2483,1000,1000,FALSE,FALSE,0.037019303689067966,no issue,FALSE
frame46__s16219,C:/R_projects/spat_1f_noise/processed_feed\rep36\processed_rep36__cam5_s16219_rank46.jpg,processed_rep36__cam5_s16219_rank46.jpg,TRUE,rep36,cam5,16219,46,0.9969243407249452,487.69219970703125,509.53155517578125,0.07097247242927551,403.42950439453125,503.314697265625,0.2582685053348541,386.0812683105469,519.47845458984375,0.04421587660908699,435.23565076798707,496.72473726758284,2477,1000,1000,FALSE,FALSE,-0.002667834153424497,no issue,FALSE
frame47__s16580,C:/R_projects/spat_1f_noise/processed_feed\rep36\processed_rep36__cam5_s16580_rank47.jpg,processed_rep36__cam5_s16580_rank47.jpg,TRUE,rep36,cam5,16580,47,0.9795181155204772,407.32513427734375,508.7835998535156,0.06692489981651306,420.89581298828125,490.0863952636719,0.011266708374023438,419.662109375,466.4032287597656,0.029472071677446365,414.0163822525597,489.39726962457337,1461,1000,1000,FALSE,FALSE,-4.31862026426264,too small,FALSE
frame48__s16940,C:/R_projects/spat_1f_noise/processed_feed\rep36\processed_rep36__cam5_s16940_rank48.jpg,processed_rep36__cam5_s16940_rank48.jpg,TRUE,rep36,cam5,16940,48,0.99000483751297,15.841532707214355,767.171875,0.16301633417606354,19.441173553466797,831.9586181640625,1.0313853025436401,17.041412353515625,884.2864990234375,0.036906227469444275,16.086454322716136,822.9870493524676,2860.5,1000,1000,TRUE,FALSE,1.5962555291372427,no issue,FALSE
frame49__s17301,C:/R_projects/spat_1f_noise/processed_feed\rep36\processed_rep36__cam5_s17301_rank49.jpg,processed_rep36__cam5_s17301_rank49.jpg,TRUE,rep36,cam5,17301,49,0.9993923902511596,153.55380249023438,625.3465576171875,0.05587039887905121,87.56782531738281,595.55010986328125,0.30898550152778625,45.23719024658203,589.342529296875,0.0727703720331192,96.84634346754314,599.7247329498767,2434.5,1000,1000,FALSE,FALSE,-0.24547219787894742,no issue,FALSE
frame50__s17661,C:/R_projects/spat_1f_noise/processed_feed\rep36\processed_rep36__cam5_s17661_rank50.jpg,processed_rep36__cam5_s17661_rank50.jpg,TRUE,rep36,cam5,17661,50,0.9994768500328064,162.23724365234375,627.3006591796875,0.06222226098179817,89.13776397705078,597.95989990234375,0.4129103124141693,45.77367401123047,589.40216064453125,0.13883228600025177,99.85949793930311,600.7366054702136,2669.5,1000,1000,FALSE,FALSE,0.7270879199364829,no issue,FALSE
frame51__s18022,C:/R_projects/spat_1f_noise/processed_feed\rep36\processed_rep36__cam5_s18022_rank51.jpg,processed_rep36__cam5_s18022_rank51.jpg,TRUE,rep36,cam5,18022,51,0.9993482232093812,158.26712036132813,625.90704345703125,0.06252400577068329,87.50530242919922,597.18939208984375,1.444858193397522,45.2965087890625,589.69781494140625,0.09487679600715637,99.02850449043342,600.4353768059352,2561.5,1000,1000,FALSE,FALSE,0.2576389347743513,no issue,FALSE
frame52__s18382,C:/R_projects/spat_1f_noise/processed_feed\rep36\processed_rep36__cam5_s18382_rank52.jpg,processed_rep36__cam5_s18382_rank52.jpg,TRUE,rep36,cam5,18382,52,0.9990847110748292,141.57716369628906,637.9429931640625,0.24947749078273773,118.04248046875,616.73260498046875,0.11811579018831253,46.19979476928711,588.0362548828125,0.17541688680648804,97.99812523434571,606.143232095988,2664,1000,1000,FALSE,FALSE,0.7014176317207954,no issue,FALSE
frame53__s18742,C:/R_projects/spat_1f_noise/processed_feed\rep36\processed_rep36__cam5_s18742_rank53.jpg,processed_rep36__cam5_s18742_rank53.jpg,TRUE,rep36,cam5,18742,53,0.9992419481277466,150.0107421875,641.21221923828125,0.09224194288253784,116.4590835571289,615.115234375,0.10671190172433853,45.627777099609375,589.01824951171875,0.1706332117319107,97.06689342403628,605.0653817082389,2642,1000,1000,FALSE,FALSE,0.6004807708147523,no issue,FALSE
frame54__s19103,C:/R_projects/spat_1f_noise/processed_feed\rep36\processed_rep36__cam5_s19103_rank54.jpg,processed_rep36__cam5_s19103_rank54.jpg,TRUE,rep36,cam5,19103,54,0.9993230104446412,151.73118591308594,640.71343994140625,0.0931425392627716,115.67066192626953,614.59698486328125,0.12664125859737396,46.03653335571289,588.4805908203125,0.14028315246105194,96.38992042440319,604.7737779461918,2636.5,1000,1000,FALSE,FALSE,0.6104447166900758,no issue,FALSE
frame55__s19463,C:/R_projects/spat_1f_noise/processed_feed\rep36\processed_rep36__cam5_s19463_rank55.jpg,processed_rep36__cam5_s19463_rank55.jpg,TRUE,rep36,cam5,19463,55,0.9992830157279968,152.56045532226563,640.625732421875,0.10095541179180145,116.38416290283203,614.7042236328125,0.12433888018131256,46.526493072509766,588.7825927734375,0.1603151261806488,97.81509721692719,605.0686237133053,2621,1000,1000,FALSE,FALSE,0.5726388622433828,no issue,FALSE
frame56__s19824,C:/R_projects/spat_1f_noise/processed_feed\rep36\processed_rep36__cam5_s19824_rank56.jpg,processed_rep36__cam5_s19824_rank56.jpg,TRUE,rep36,cam5,19824,56,0.9991554021835328,152.27769470214844,641.27435302734375,0.10120600461959839,118.56956481933594,615.2568359375,0.09834960848093033,46.15945816040039,589.2393798828125,0.13141092658042908,98.895887365691,605.4638755094479,2695.5,1000,1000,FALSE,FALSE,0.8880783531603074,no issue,FALSE
frame57__s20184,C:/R_projects/spat_1f_noise/processed_feed\rep36\processed_rep36__cam5_s20184_rank57.jpg,processed_rep36__cam5_s20184_rank57.jpg,TRUE,rep36,cam5,20184,57,0.9992927312850952,151.86007690429688,640.380615234375,0.10405312478542328,118.12732696533203,614.52349853515625,0.11442933976650238,46.913700103759766,588.66644287109375,0.14711514115333557,98.12490566037737,604.5249056603774,2649.5,1000,1000,FALSE,FALSE,0.6820909874765064,no issue,FALSE
frame58__s20544,C:/R_projects/spat_1f_noise/processed_feed\rep36\processed_rep36__cam5_s20544_rank58.jpg,processed_rep36__cam5_s20544_rank58.jpg,TRUE,rep36,cam5,20544,58,0.9993185997009276,148.8870391845703,641.08062744140625,0.09608810395002365,114.2266845703125,615.2698974609375,0.15312419831752777,46.14381790161133,588.2301025390625,0.16427281498908997,96.6058619359815,605.4141920555342,2592.5,1000,1000,FALSE,FALSE,0.46243149324836963,no issue,FALSE
frame59__s20905,C:/R_projects/spat_1f_noise/processed_feed\rep36\processed_rep36__cam5_s20905_rank59.jpg,processed_rep36__cam5_s20905_rank59.jpg,TRUE,rep36,cam5,20905,59,0.9993817806243896,152.8801727294922,639.06707763671875,0.08287643641233444,111.6587142944336,613.02008056640625,0.12014523893594742,46.70368957519531,589.45367431640625,0.18762515485286713,97.75047474363843,605.4610710216483,2633.5,1000,1000,FALSE,FALSE,0.6343314970960212,no issue,FALSE
frame60__s21265,C:/R_projects/spat_1f_noise/processed_feed\rep36\processed_rep36__cam5_s21265_rank60.jpg,processed_rep36__cam5_s21265_rank60.jpg,TRUE,rep36,cam5,21265,60,0.9993535876274108,159.3533172607422,616.02685546875,0.06869896501302719,83.15156555175781,597.53900146484375,2.2256076335906982,44.426082611083984,588.91131591796875,0.0686831846833229,97.6501230516817,600.3338802296964,2435.5,1000,1000,FALSE,FALSE,-0.20316042380249955,no issue,FALSE
frame61__s21626,C:/R_projects/spat_1f_noise/processed_feed\rep36\processed_rep36__cam5_s21626_rank61.jpg,processed_rep36__cam5_s21626_rank61.jpg,TRUE,rep36,cam5,21626,61,0.9994801878929138,171.34849548339844,610.507080078125,0.05353470891714096,86.62939453125,598.11474609375,1.8385530710220337,44.269832611083984,588.2008056640625,0.0460052564740181,100.38698224852071,599.1278106508876,2533,1000,1000,FALSE,FALSE,0.2136066356675456,no issue,FALSE
frame62__s21986,C:/R_projects/spat_1f_noise/processed_feed\rep36\processed_rep36__cam5_s21986_rank62.jpg,processed_rep36__cam5_s21986_rank62.jpg,TRUE,rep36,cam5,21986,62,0.9993293285369872,166.2930450439453,613.1546630859375,0.048864543437957764,86.386627197265625,598.23480224609375,3.075902223587036,43.93634033203125,590.77490234375,0.07185295224189758,99.97044917257683,599.0224586288416,2535.5,1000,1000,FALSE,FALSE,0.22123371818460305,no issue,FALSE
frame63__s22346,C:/R_projects/spat_1f_noise/processed_feed\rep36\processed_rep36__cam5_s22346_rank63.jpg,processed_rep36__cam5_s22346_rank63.jpg,TRUE,rep36,cam5,22346,63,0.999309778213501,40.383079528808594,585.263916015625,0.04464186728000641,119.94398498535156,608.9136962890625,0.5678790807723999,165.94012451171875,612.64794921875,0.049452729523181915,101.26236644242185,599.0617332805698,2524.5,1000,1000,FALSE,FALSE,0.06385252121224957,no issue,FALSE
frame64__s22707,C:/R_projects/spat_1f_noise/processed_feed\rep36\processed_rep36__cam5_s22707_rank64.jpg,processed_rep36__cam5_s22707_rank64.jpg,TRUE,rep36,cam5,22707,64,0.9992579817771912,46.67152404785156,592.607177734375,0.05007091909646988,119.92474365234375,606.31298828125,0.46248966455459595,163.3800506591797,612.54290771484375,0.06208641827106476,101.31384615384616,598.8473076923077,2600,1000,1000,FALSE,FALSE,0.7755096312867527,no issue,FALSE
frame65__s23067,C:/R_projects/spat_1f_noise/processed_feed\rep36\processed_rep36__cam5_s23067_rank65.jpg,processed_rep36__cam5_s23067_rank65.jpg,TRUE,rep36,cam5,23067,65,0.9992677569389344,167.13787841796875,612.60552978515625,0.05248158425092697,87.328399658203125,597.90277099609375,2.788733959197998,44.929603576660156,590.5513916015625,0.09658058732748032,100.20942000778513,598.6130790190736,2567.5,1000,1000,FALSE,FALSE,0.48021590152936355,no issue,FALSE
frame66__s23428,C:/R_projects/spat_1f_noise/processed_feed\rep36\processed_rep36__cam5_s23428_rank66.jpg,processed_rep36__cam5_s23428_rank66.jpg,TRUE,rep36,cam5,23428,66,0.9982950091362,156.46682739257813,613.513916015625,0.04856538027524948,85.74980163574219,597.37371826171875,4.771202087402344,44.808353424072266,591.1658935546875,0.0699901133775711,95.58178053830228,597.3718426501035,2414,1000,1000,FALSE,FALSE,-0.6432092438360664,no issue,FALSE
frame67__s23788,C:/R_projects/spat_1f_noise/processed_feed\rep36\processed_rep36__cam5_s23788_rank67.jpg,processed_rep36__cam5_s23788_rank67.jpg,TRUE,rep36,cam5,23788,67,0.9933211207389832,62.80846405029297,648.815185546875,0.065334320068359375,92.79277038574219,619.060302734375,0.05807020515203476,44.068267822265625,588.0655517578125,0.15551146864891052,75.74518021793797,608.7363788767813,2383,1000,1000,FALSE,FALSE,-0.864959905023316,no issue,FALSE
frame68__s24148,C:/R_projects/spat_1f_noise/processed_feed\rep36\processed_rep36__cam5_s24148_rank68.jpg,processed_rep36__cam5_s24148_rank68.jpg,TRUE,rep36,cam5,24148,68,0.991194486618042,62.99095916748047,646.06988525390625,0.058296870440244675,96.43082427978516,617.5155029296875,0.045414283871650696,44.41326141357422,588.96112060546875,0.15698698163032532,76.92173560421736,608.3463098134631,2465.5,1000,1000,FALSE,FALSE,-0.18583767150338887,no issue,FALSE
frame69__s24509,C:/R_projects/spat_1f_noise/processed_feed\rep36\processed_rep36__cam5_s24509_rank69.jpg,processed_rep36__cam5_s24509_rank69.jpg,TRUE,rep36,cam5,24509,69,0.994918406009674,70.40264892578125,641.404296875,0.07614728808403015,97.56495666503906,612.7503662109375,0.038508445024490356,44.47498321533203,587.833984375,0.17681416869163513,78.47732001664586,606.1851851851852,2399,1000,1000,FALSE,FALSE,-0.609908183472969,no issue,FALSE
frame70__s24869,C:/R_projects/spat_1f_noise/processed_feed\rep36\processed_rep36__cam5_s24869_rank70.jpg,processed_rep36__cam5_s24869_rank70.jpg,TRUE,rep36,cam5,24869,70,0.9939634203910828,73.07678985595703,641.984619140625,0.0672740563750267,97.90869140625,611.1849365234375,0.027008751407265663,43.278499603271484,589.0091552734375,0.12331099063158035,78.95748228428512,605.7207169654023,2397.5,1000,1000,FALSE,FALSE,-0.6194529240388593,no issue,FALSE
frame71__s25230,C:/R_projects/spat_1f_noise/processed_feed\rep36\processed_rep36__cam5_s25230_rank71.jpg,processed_rep36__cam5_s25230_rank71.jpg,TRUE,rep36,cam5,25230,71,0.9929918050765992,71.896453857421875,643.69439697265625,0.0674126073718071,97.82360076904297,616.58135986328125,0.03706924617290497,44.73467254638672,588.2359619140625,0.17464420199394226,78.87541806020067,607.0798494983278,2387,1000,1000,FALSE,FALSE,-0.6915427737554676,no issue,FALSE
frame72__s25590,C:/R_projects/spat_1f_noise/processed_feed\rep36\processed_rep36__cam5_s25590_rank72.jpg,processed_rep36__cam5_s25590_rank72.jpg,TRUE,rep36,cam5,25590,72,0.9900424480438232,70.61466979980469,645.9765625,0.07332019507884979,98.10728454589844,618.6722412109375,0.05329616367816925,45.621395111083984,588.8857421875,0.1785116046667099,78.84003350083752,607.5427135678392,2386.5,1000,1000,FALSE,FALSE,-0.689264943464969,no issue,FALSE
frame73__s25951,C:/R_projects/spat_1f_noise/processed_feed\rep36\processed_rep36__cam5_s25951_rank73.jpg,processed_rep36__cam5_s25951_rank73.jpg,TRUE,rep36,cam5,25951,73,0.9973331689834596,85.80089569091797,629.5555419921875,0.02256166934967041,91.98479461669922,599.82470703125,0.08035675436258316,43.75040054321289,589.9144287109375,0.08780268579721451,79.51632749645054,601.6412683388547,2109.5,1000,1000,FALSE,FALSE,-2.279239501165451,too small,FALSE
frame74__s26311,C:/R_projects/spat_1f_noise/processed_feed\rep36\processed_rep36__cam5_s26311_rank74.jpg,processed_rep36__cam5_s26311_rank74.jpg,TRUE,rep36,cam5,26311,74,0.9938164353370668,85.53028869628906,636.74493408203125,0.05477219447493553,105.38580322265625,609.300537109375,0.035666681826114655,44.578285217285156,588.093505859375,0.12163517624139786,83.58287642345002,603.7553774778575,2369.5,1000,1000,FALSE,FALSE,-0.7651433044225007,no issue,FALSE
frame75__s26671,C:/R_projects/spat_1f_noise/processed_feed\rep36\processed_rep36__cam5_s26671_rank75.jpg,processed_rep36__cam5_s26671_rank75.jpg,TRUE,rep36,cam5,26671,75,0.9932847023010254,84.85919952392578,639.880615234375,0.06289402395486832,104.60826873779297,611.208740234375,0.03463098779320717,45.36105728149414,588.769775390625,0.13059496879577637,83.41756869275603,603.6577851790175,2400,1000,1000,FALSE,FALSE,-0.5942018773232971,no issue,FALSE
frame76__s27032,C:/R_projects/spat_1f_noise/processed_feed\rep36\processed_rep36__cam5_s27032_rank76.jpg,processed_rep36__cam5_s27032_rank76.jpg,TRUE,rep36,cam5,27032,76,0.9941418766975404,89.22264099121094,646.005859375,0.07523933798074722,107.76073455810547,615.05633544921875,0.03697400540113449,45.96708297729492,587.82080078125,0.16446109116077423,85.38075825519772,605.1675499388504,2451.5,1000,1000,FALSE,FALSE,-0.3345015884426934,no issue,FALSE
frame77__s27392,C:/R_projects/spat_1f_noise/processed_feed\rep36\processed_rep36__cam5_s27392_rank77.jpg,processed_rep36__cam5_s27392_rank77.jpg,TRUE,rep36,cam5,27392,77,0.9943596720695496,89.61759948730469,646.06658935546875,0.08405568450689316,107.06404876708984,613.7764892578125,0.04987972229719162,46.00145721435547,588.93798828125,0.14407669007778168,85.1698717948718,604.78125,2498.5,1000,1000,FALSE,FALSE,-0.09495594161507373,no issue,FALSE
frame78__s27753,C:/R_projects/spat_1f_noise/processed_feed\rep36\processed_rep36__cam5_s27753_rank78.jpg,processed_rep36__cam5_s27753_rank78.jpg,TRUE,rep36,cam5,27753,78,0.9936445951461792,92.24720764160156,642.0665283203125,0.1302047222852707,105.80418395996094,617.28948974609375,0.04731220379471779,45.41401672363281,587.5570068359375,0.18592920899391174,83.61269324654191,605.1102522375916,2461.5,1000,1000,FALSE,FALSE,-0.2893990272888965,no issue,FALSE
frame79__s28113,C:/R_projects/spat_1f_noise/processed_feed\rep36\processed_rep36__cam5_s28113_rank79.jpg,processed_rep36__cam5_s28113_rank79.jpg,TRUE,rep36,cam5,28113,79,0.9960182309150696,86.08016204833984,635.550537109375,0.039679426699876785,92.26423645019531,602.31915283203125,0.06946832686662674,44.02849578857422,587.54962158203125,0.14414151012897491,80.253125,603.7352678571428,2237,1000,1000,FALSE,FALSE,-1.514429621414554,no issue,FALSE
frame80__s28474,C:/R_projects/spat_1f_noise/processed_feed\rep36\processed_rep36__cam5_s28474_rank80.jpg,processed_rep36__cam5_s28474_rank80.jpg,TRUE,rep36,cam5,28474,80,0.9989516735076904,131.58470153808594,661.37939453125,0.0975198894739151,108.1063232421875,621.698974609375,0.1256469488143921,47.55683898925781,589.45855712890625,0.20700953900814056,92.87656190836805,611.8534645967436,2635.5,1000,1000,FALSE,FALSE,0.667346402558719,no issue,FALSE
frame81__s28834,C:/R_projects/spat_1f_noise/processed_feed\rep36\processed_rep36__cam5_s28834_rank81.jpg,processed_rep36__cam5_s28834_rank81.jpg,TRUE,rep36,cam5,28834,81,0.9987640380859376,129.31024169921875,662.25390625,0.0754345953464508,108.11779022216797,623.8209228515625,0.15024560689926147,47.03367233276367,587.8675537109375,0.17461493611335754,91.92973372781066,612.3901627218935,2696.5,1000,1000,FALSE,FALSE,1.0048875431916342,no issue,FALSE
frame82__s29195,C:/R_projects/spat_1f_noise/processed_feed\rep36\processed_rep36__cam5_s29195_rank82.jpg,processed_rep36__cam5_s29195_rank82.jpg,TRUE,rep36,cam5,29195,82,0.998934805393219,128.3756866455078,666.4453125,0.07228080928325653,107.14404296875,623.956787109375,0.14201170206069946,47.195858001708984,588.9661865234375,0.1798413246870041,92.72538489079842,614.297171500179,2788,1000,1000,FALSE,FALSE,1.4584275360756036,no issue,FALSE
frame83__s29555,C:/R_projects/spat_1f_noise/processed_feed\rep36\processed_rep36__cam5_s29555_rank83.jpg,processed_rep36__cam5_s29555_rank83.jpg,TRUE,rep36,cam5,29555,83,0.997498095035553,566.47161865234375,560.741455078125,0.04731351509690285,515.609619140625,576.4388427734375,0.04715839773416519,464.7475891113281,565.5714111328125,0.05507877096533775,512.0082606700321,568.8715006883891,2179.5,1000,1000,FALSE,FALSE,-1.8921677420887748,no issue,FALSE
frame84__s29916,C:/R_projects/spat_1f_noise/processed_feed\rep36\processed_rep36__cam5_s29916_rank84.jpg,processed_rep36__cam5_s29916_rank84.jpg,TRUE,rep36,cam5,29916,84,0.996610462665558,969.77685546875,491.86517333984375,0.0390799380838871,984.695556640625,560.16265869140625,0.0709497481584549,962.3175048828125,608.59185791015625,0.05095025524497032,975.9338715878508,550.5171088043061,2604,1000,1000,TRUE,FALSE,0.4426348784950465,no issue,FALSE
frame85__s30276,C:/R_projects/spat_1f_noise/processed_feed\rep36\processed_rep36__cam5_s30276_rank85.jpg,processed_rep36__cam5_s30276_rank85.jpg,TRUE,rep36,cam5,30276,85,0.9968208074569702,967.6453857421875,491.20849609375,0.06954150646924973,985.053955078125,559.52886962890625,0.07631748914718628,962.67156982421875,607.9742431640625,0.05836597457528114,975.7890535917902,549.2310908399847,2634.5,1000,1000,TRUE,FALSE,0.5817651917822133,no issue,FALSE
frame86__s30636,C:/R_projects/spat_1f_noise/processed_feed\rep36\processed_rep36__cam5_s30636_rank86.jpg,processed_rep36__cam5_s30636_rank86.jpg,TRUE,rep36,cam5,30636,86,0.9960973858833312,969.80078125,494.23883056640625,0.04697873443365097,984.53704833984375,560.44488525390625,0.07445370405912399,964.8887939453125,607.913330078125,0.05382174998521805,976.0198895027625,550.5716390423572,2717,1000,1000,TRUE,FALSE,1.0083659852526994,no issue,FALSE
frame87__s30997,C:/R_projects/spat_1f_noise/processed_feed\rep36\processed_rep36__cam5_s30997_rank87.jpg,processed_rep36__cam5_s30997_rank87.jpg,TRUE,rep36,cam5,30997,87,0.9975059628486632,969.94903564453125,492.57171630859375,0.04811163246631622,984.7344970703125,560.82843017578125,0.07163675874471664,962.5562744140625,607.98760986328125,0.061525728553533554,975.8842307692307,550.5876923076924,2604.5,1000,1000,TRUE,FALSE,0.2866833201882184,no issue,FALSE
frame88__s31357,C:/R_projects/spat_1f_noise/processed_feed\rep36\processed_rep36__cam5_s31357_rank88.jpg,processed_rep36__cam5_s31357_rank88.jpg,TRUE,rep36,cam5,31357,88,0.9982171654701232,936.8043212890625,497.3805236816406,0.19713309407234192,981.23291015625,554.40667724609375,0.12563197314739227,965.18927001953125,606.4739990234375,0.09042476117610931,968.0469547465124,546.1902007485539,2940.5,1000,1000,TRUE,FALSE,1.7815718358689123,no issue,FALSE
frame89__s31718,C:/R_projects/spat_1f_noise/processed_feed\rep36\processed_rep36__cam5_s31718_rank89.jpg,processed_rep36__cam5_s31718_rank89.jpg,TRUE,rep36,cam5,31718,89,0.9977547526359558,955.9676513671875,499.3714904785156,0.11535753309726715,983.28973388671875,558.059814453125,0.07538112998008728,963.41912841796875,608.00732421875,0.07661299407482147,973.0650118203309,550.8037825059101,2541,1000,1000,TRUE,FALSE,-0.19857370518147854,no issue,FALSE
frame90__s32078,C:/R_projects/spat_1f_noise/processed_feed\rep36\processed_rep36__cam5_s32078_rank90.jpg,processed_rep36__cam5_s32078_rank90.jpg,TRUE,rep36,cam5,32078,90,0.9979367256164552,954.39178466796875,492.12237548828125,0.10513491183519363,982.62689208984375,557.8858642578125,0.10777154564857483,964.212646484375,608.759521484375,0.06625311076641083,972.5503306392359,548.195077149155,2728,1000,1000,TRUE,FALSE,0.7640087045817514,no issue,FALSE
frame91__s32438,C:/R_projects/spat_1f_noise/processed_feed\rep36\processed_rep36__cam5_s32438_rank91.jpg,processed_rep36__cam5_s32438_rank91.jpg,TRUE,rep36,cam5,32438,91,0.9979707598686218,952.2879638671875,490.505615234375,0.09432274848222733,983.2369384765625,556.3736572265625,0.08868883550167084,965.905517578125,607.328125,0.10747081786394119,972.3669201520912,547.6224334600761,2633,1000,1000,TRUE,FALSE,0.27782526645247946,no issue,FALSE
frame92__s32799,C:/R_projects/spat_1f_noise/processed_feed\rep36\processed_rep36__cam5_s32799_rank92.jpg,processed_rep36__cam5_s32799_rank92.jpg,TRUE,rep36,cam5,32799,92,0.99849700927734375,944.8077392578125,500.11273193359375,0.07322357594966888,982.86859130859375,555.015380859375,0.10147273540496826,968.1353759765625,606.17474365234375,0.08637495338916779,972.1411065725956,548.1708132194578,2691,1000,1000,TRUE,FALSE,0.5840375686053133,no issue,FALSE
frame93__s33159,C:/R_projects/spat_1f_noise/processed_feed\rep36\processed_rep36__cam5_s33159_rank93.jpg,processed_rep36__cam5_s33159_rank93.jpg,TRUE,rep36,cam5,33159,93,0.9971977472305298,965.0733642578125,495.04925537109375,0.05465923622250557,983.727783203125,560.89263916015625,0.07163342833518982,966.3170166015625,606.8587646484375,0.07698247581720352,975.080226904376,550.3946515397083,2469,1000,1000,TRUE,FALSE,-0.4940210965740525,no issue,FALSE
frame94__s33520,C:/R_projects/spat_1f_noise/processed_feed\rep36\processed_rep36__cam5_s33520_rank94.jpg,processed_rep36__cam5_s33520_rank94.jpg,TRUE,rep36,cam5,33520,94,0.9968495965003968,969.36865234375,496.6253356933594,0.04708552360534668,984.19610595703125,560.0711669921875,0.05846387520432472,965.661865234375,607.344482421875,0.049330934882164,975.9170468685193,552.1617586063874,2412,1000,1000,TRUE,FALSE,-0.7531525846673328,no issue,FALSE
frame95__s33880,C:/R_projects/spat_1f_noise/processed_feed\rep36\processed_rep36__cam5_s33880_rank95.jpg,processed_rep36__cam5_s33880_rank95.jpg,TRUE,rep36,cam5,33880,95,0.99842071533203125,951.4080810546875,498.4161682128906,0.08445673435926437,983.5194091796875,556.68408203125,0.08916091173887253,967.4637451171875,606.2738037109375,0.08939922600984573,972.7484323127997,548.5533013648101,2712,1000,1000,TRUE,FALSE,0.7045933397287623,no issue,FALSE
frame96__s34241,C:/R_projects/spat_1f_noise/processed_feed\rep36\processed_rep36__cam5_s34241_rank96.jpg,processed_rep36__cam5_s34241_rank96.jpg,TRUE,rep36,cam5,34241,96,0.9979357719421388,955.39404296875,498.1686706542969,0.11217615008354187,983.4619140625,556.5968017578125,0.09167328476905823,966.3770751953125,606.3228759765625,0.10526871681213379,973.4882260596546,549.3952119309262,2548,1000,1000,TRUE,FALSE,-0.09560770577005832,no issue,FALSE
frame97__s34601,C:/R_projects/spat_1f_noise/processed_feed\rep36\processed_rep36__cam5_s34601_rank97.jpg,processed_rep36__cam5_s34601_rank97.jpg,TRUE,rep36,cam5,34601,97,0.9977213740348816,955.0555419921875,498.4745788574219,0.12192597985267639,984.666259765625,555.5166015625,0.08387655764818192,966.1595458984375,606.35833740234375,0.10934393852949142,974.1800679501699,549.6447716119291,2649.5,1000,1000,TRUE,FALSE,0.46719525476204726,no issue,FALSE
frame98__s34961,C:/R_projects/spat_1f_noise/processed_feed\rep36\processed_rep36__cam5_s34961_rank98.jpg,processed_rep36__cam5_s34961_rank98.jpg,TRUE,rep36,cam5,34961,98,0.9964774250984192,966.641357421875,500.1802978515625,0.06925386935472488,984.11834716796875,558.75079345703125,0.048967763781547546,965.39306640625,606.105712890625,0.05538484454154968,976.7676198147402,551.7627869512686,2487.5,1000,1000,TRUE,FALSE,-0.2520475509573654,no issue,FALSE
frame99__s35322,C:/R_projects/spat_1f_noise/processed_feed\rep36\processed_rep36__cam5_s35322_rank99.jpg,processed_rep36__cam5_s35322_rank99.jpg,TRUE,rep36,cam5,35322,99,0.9974282383918762,959.89990234375,497.2745361328125,0.08911489695310593,983.634765625,559.55322265625,0.06513715535402298,966.14593505859375,606.88494873046875,0.08866938948631287,975.2995522995523,550.6284086284086,2458.5,1000,1000,TRUE,FALSE,-0.39546398266678107,no issue,FALSE
frame100__s35682,C:/R_projects/spat_1f_noise/processed_feed\rep36\processed_rep36__cam5_s35682_rank100.jpg,processed_rep36__cam5_s35682_rank100.jpg,TRUE,rep36,cam5,35682,100,0.9968146681785583,958.2781982421875,496.317626953125,0.07797965407371521,984.14886474609375,556.287109375,0.0668887197971344,965.66986083984375,606.26165771484375,0.09576993435621262,974.9748159628051,549.0337078651686,2581.5,1000,1000,TRUE,FALSE,0.20836800706348232,no issue,FALSE
frame101__s36043,C:/R_projects/spat_1f_noise/processed_feed\rep36\processed_rep36__cam5_s36043_rank101.jpg,processed_rep36__cam5_s36043_rank101.jpg,TRUE,rep36,cam5,36043,101,0.9961727261543274,965.87957763671875,497.53997802734375,0.07684409618377686,984.0811767578125,558.762939453125,0.0582653172314167,964.6661376953125,607.491455078125,0.05605607479810715,976.7994611239415,550.5596612779061,2603,1000,1000,TRUE,FALSE,0.3596514876181209,no issue,FALSE
frame102__s36403,C:/R_projects/spat_1f_noise/processed_feed\rep36\processed_rep36__cam5_s36403_rank102.jpg,processed_rep36__cam5_s36403_rank102.jpg,TRUE,rep36,cam5,36403,102,0.9968106150627136,984.77142333984375,507.8763122558594,0.014528793282806873,981.0526123046875,563.991943359375,0.035974714905023575,963.6981201171875,608.8843994140625,0.06905484944581985,976.148407420371,550.6363318165909,2856.5,1000,1000,TRUE,FALSE,1.6279947398507268,no issue,FALSE
frame103__s36764,C:/R_projects/spat_1f_noise/processed_feed\rep36\processed_rep36__cam5_s36764_rank103.jpg,processed_rep36__cam5_s36764_rank103.jpg,TRUE,rep36,cam5,36764,103,0.9973313808441162,981.33514404296875,503.4979248046875,0.020683296024799347,981.33514404296875,560.795166015625,0.04202082008123398,965.40887451171875,606.882080078125,0.050556305795907974,978.0734004546931,546.7992854822994,3076.5,1000,1000,TRUE,FALSE,2.708413571727529,too big,FALSE
frame104__s37124,C:/R_projects/spat_1f_noise/processed_feed\rep36\processed_rep36__cam5_s37124_rank104.jpg,processed_rep36__cam5_s37124_rank104.jpg,TRUE,rep36,cam5,37124,104,0.9966448545455932,963.159423828125,503.21051025390625,0.05837767943739891,982.71551513671875,566.49786376953125,0.05759115517139435,965.60394287109375,607.44854736328125,0.06657640635967255,974.2758920800696,554.8598781549173,2301.5,1000,1000,TRUE,FALSE,-1.069024877807198,no issue,FALSE
frame105__s37484,C:/R_projects/spat_1f_noise/processed_feed\rep36\processed_rep36__cam5_s37484_rank105.jpg,processed_rep36__cam5_s37484_rank105.jpg,TRUE,rep36,cam5,37484,105,0.9953861832618712,961.57861328125,501.5173034667969,0.05330391228199005,983.3944091796875,566.106689453125,0.06604679673910141,965.214599609375,608.3382568359375,0.07296616584062576,974.2434819175778,553.5433137089991,2380.5,1000,1000,TRUE,FALSE,-0.6193959043731426,no issue,FALSE
frame106__s37845,C:/R_projects/spat_1f_noise/processed_feed\rep36\processed_rep36__cam5_s37845_rank106.jpg,processed_rep36__cam5_s37845_rank106.jpg,TRUE,rep36,cam5,37845,106,0.995712161064148,968.677001953125,504.6829833984375,0.03953223302960396,983.56146240234375,566.57794189453125,0.04251205176115036,964.955810546875,609.9044189453125,0.046270035207271576,975.442657638595,556.6301311891663,2366.5,1000,1000,TRUE,FALSE,-0.6409264241722933,no issue,FALSE
frame107__s38205,C:/R_projects/spat_1f_noise/processed_feed\rep36\processed_rep36__cam5_s38205_rank107.jpg,processed_rep36__cam5_s38205_rank107.jpg,TRUE,rep36,cam5,38205,107,0.9963709115982056,967.05621337890625,502.4434814453125,0.041476354002952576,983.16748046875,565.67236328125,0.042625077068805695,967.05621337890625,607.824951171875,0.04713205248117447,975.0335483870967,553.9006451612903,2328.5,1000,1000,TRUE,FALSE,-0.8101919261012398,no issue,FALSE
frame108__s38566,C:/R_projects/spat_1f_noise/processed_feed\rep36\processed_rep36__cam5_s38566_rank108.jpg,processed_rep36__cam5_s38566_rank108.jpg,TRUE,rep36,cam5,38566,108,0.9953550100326538,964.79742431640625,504.5939636230469,0.05136160925030708,983.4554443359375,565.40069580078125,0.04704659804701805,966.04132080078125,608.83404541015625,0.0503268726170063,975.0261914984972,555.3628166595105,2329.5,1000,1000,TRUE,FALSE,-0.6655607038182715,no issue,FALSE
frame109__s38926,C:/R_projects/spat_1f_noise/processed_feed\rep36\processed_rep36__cam5_s38926_rank109.jpg,processed_rep36__cam5_s38926_rank109.jpg,TRUE,rep36,cam5,38926,109,0.9969813227653505,962.48260498046875,503.633056640625,0.07201355695724487,983.3226318359375,564.36376953125,0.06086485832929611,966.1602783203125,607.74285888671875,0.0648568719625473,974.6559865092748,554.1758010118044,2376,1000,1000,TRUE,FALSE,-0.43259713251201676,no issue,FALSE
frame110__s39286,C:/R_projects/spat_1f_noise/processed_feed\rep36\processed_rep36__cam5_s39286_rank110.jpg,processed_rep36__cam5_s39286_rank110.jpg,TRUE,rep36,cam5,39286,110,0.996631920337677,965.6827392578125,505.61724853515625,0.0585474818944931,984.03717041015625,562.6771240234375,0.044759441167116165,965.6827392578125,608.5731201171875,0.07178734242916107,976.9218620116376,556.4866999168745,2411.5,1000,1000,TRUE,FALSE,-0.2501985461973353,no issue,FALSE
frame111__s39647,C:/R_projects/spat_1f_noise/processed_feed\rep36\processed_rep36__cam5_s39647_rank111.jpg,processed_rep36__cam5_s39647_rank111.jpg,TRUE,rep36,cam5,39647,111,0.993818700313568,965.26885986328125,509.5400390625,0.0655626505613327,983.96600341796875,565.31597900390625,0.04117397964000702,966.515380859375,609.93670654296875,0.05900995433330536,976.4993914807302,557.7294117647059,2471.5,1000,1000,TRUE,FALSE,0.1291528950963017,no issue,FALSE
frame112__s40007,C:/R_projects/spat_1f_noise/processed_feed\rep36\processed_rep36__cam5_s40007_rank112.jpg,processed_rep36__cam5_s40007_rank112.jpg,TRUE,rep36,cam5,40007,112,0.9974615573883056,965.2484130859375,503.6082458496094,0.07020467519760132,983.85205078125,563.11456298828125,0.04846624284982681,966.48870849609375,606.50457763671875,0.054346684366464615,976.1636675235646,555.308911739503,2337.5,1000,1000,TRUE,FALSE,-0.5270213942006482,no issue,FALSE
frame113__s40368,C:/R_projects/spat_1f_noise/processed_feed\rep36\processed_rep36__cam5_s40368_rank113.jpg,processed_rep36__cam5_s40368_rank113.jpg,TRUE,rep36,cam5,40368,113,0.9973961114883424,963.19818115234375,505.18646240234375,0.09133914858102798,983.00054931640625,563.35650634765625,0.0631171390414238,965.6734619140625,606.6746826171875,0.06564411520957947,975.4973521624007,554.5741394527802,2268.5,1000,1000,TRUE,FALSE,-0.7948359611113119,no issue,FALSE
frame114__s40728,C:/R_projects/spat_1f_noise/processed_feed\rep36\processed_rep36__cam5_s40728_rank114.jpg,processed_rep36__cam5_s40728_rank114.jpg,TRUE,rep36,cam5,40728,114,0.9971622824668884,982.3646240234375,516.66552734375,0.012023559771478176,981.135986328125,572.522216796875,0.02519652061164379,973.76397705078125,602.3125,0.11030453443527222,975.4775229357798,559.7385321100918,2181.5,1000,1000,TRUE,FALSE,-1.1958419528957505,no issue,FALSE
frame115__s41088,C:/R_projects/spat_1f_noise/processed_feed\rep36\processed_rep36__cam5_s41088_rank115.jpg,processed_rep36__cam5_s41088_rank115.jpg,TRUE,rep36,cam5,41088,115,0.9966617822647096,960.618896484375,492.0531921386719,0.06395361572504044,985.485107421875,554.47991943359375,0.07854771614074707,964.34881591796875,606.91839599609375,0.057651642709970474,976.5963302752293,546.2125382262997,2618.5,1000,1000,TRUE,FALSE,0.984938104981882,no issue,FALSE
frame116__s41449,C:/R_projects/spat_1f_noise/processed_feed\rep36\processed_rep36__cam5_s41449_rank116.jpg,processed_rep36__cam5_s41449_rank116.jpg,TRUE,rep36,cam5,41449,116,0.9964389801025392,975.8792724609375,508.844482421875,0.03284624218940735,984.4871826171875,563.60198974609375,0.04242783039808273,964.81201171875,608.403564453125,0.06383581459522247,977.7324675324676,554.3450216450217,2314,1000,1000,TRUE,FALSE,-0.5395222258219687,no issue,FALSE
frame117__s41809,C:/R_projects/spat_1f_noise/processed_feed\rep36\processed_rep36__cam5_s41809_rank117.jpg,processed_rep36__cam5_s41809_rank117.jpg,TRUE,rep36,cam5,41809,117,0.9971561431884766,989.58837890625,505.4062194824219,0.020783795043826103,983.46337890625,559.8592529296875,0.048981279134750366,965.0885009765625,606.8868408203125,0.07620887458324432,980.636923076923,551.7011538461538,2597.5,1000,1000,TRUE,FALSE,0.8764105158484157,no issue,FALSE
frame118__s42170,C:/R_projects/spat_1f_noise/processed_feed\rep36\processed_rep36__cam5_s42170_rank118.jpg,processed_rep36__cam5_s42170_rank118.jpg,TRUE,rep36,cam5,42170,118,0.9975748658180236,979.772216796875,518.4525146484375,0.026723945513367653,983.45513916015625,558.33587646484375,0.04294198751449585,966.26800537109375,606.9437255859375,0.07080726325511932,981.1165644171779,550.1598926380368,2604.5,1000,1000,TRUE,FALSE,1.0678017219815492,no issue,FALSE
frame119__s42530,C:/R_projects/spat_1f_noise/processed_feed\rep36\processed_rep36__cam5_s42530_rank119.jpg,processed_rep36__cam5_s42530_rank119.jpg,TRUE,rep36,cam5,42530,119,0.9958307147026062,975.27777099609375,504.28570556640625,0.04217737913131714,985.01611328125,560.1417236328125,0.05072426795959473,966.7568359375,606.0677490234375,0.048225127160549164,979.0890410958904,553.2996575342465,2340,1000,1000,TRUE,FALSE,-0.3854941508467442,no issue,FALSE
frame120__s42890,C:/R_projects/spat_1f_noise/processed_feed\rep36\processed_rep36__cam5_s42890_rank120.jpg,processed_rep36__cam5_s42890_rank120.jpg,TRUE,rep36,cam5,42890,120,0.9956521391868592,969.0118408203125,507.3565673828125,0.024422837421298027,984.8990478515625,564.52630615234375,0.05186578631401062,965.34552001953125,608.0250244140625,0.05803364887833595,978.5186598812553,555.30491942324,2360,1000,1000,TRUE,FALSE,-0.2097884746285801,no issue,FALSE
frame121__s43251,C:/R_projects/spat_1f_noise/processed_feed\rep36\processed_rep36__cam5_s43251_rank121.jpg,processed_rep36__cam5_s43251_rank121.jpg,TRUE,rep36,cam5,43251,121,0.99598890542984,980.19561767578125,509.22625732421875,0.03891227766871452,985.10498046875,562.6741943359375,0.042814694344997406,965.4676513671875,608.664306640625,0.05013280734419823,979.8268985999151,555.2872295290624,2359,1000,1000,TRUE,FALSE,-0.17801160429027318,no issue,FALSE
frame122__s43611,C:/R_projects/spat_1f_noise/processed_feed\rep36\processed_rep36__cam5_s43611_rank122.jpg,processed_rep36__cam5_s43611_rank122.jpg,TRUE,rep36,cam5,43611,122,0.9959650039672852,964.43426513671875,513.72979736328125,0.07263775169849396,984.40216064453125,566.03265380859375,0.0683048665523529,964.43426513671875,609.61834716796875,0.06007469817996025,978.2183478621835,556.5392278953923,2411.5,1000,1000,TRUE,FALSE,0.1983185001091303,no issue,FALSE
frame123__s43972,C:/R_projects/spat_1f_noise/processed_feed\rep36\processed_rep36__cam5_s43972_rank123.jpg,processed_rep36__cam5_s43972_rank123.jpg,TRUE,rep36,cam5,43972,123,0.9971314668655396,952.9202880859375,529.93603515625,0.08540841192007065,988.7845458984375,568.656982421875,0.0352126844227314,965.287353515625,606.12884521484375,0.06054575741291046,976.960076960077,559.3338143338143,2074,1000,1000,TRUE,FALSE,-1.9361019639626718,no issue,FALSE
frame124__s44332,C:/R_projects/spat_1f_noise/processed_feed\rep36\processed_rep36__cam5_s44332_rank124.jpg,processed_rep36__cam5_s44332_rank124.jpg,TRUE,rep36,cam5,44332,124,0.9970892071723938,959.544677734375,497.1399230957031,0.09420450776815414,986.4622802734375,556.64111328125,0.06806245446205139,964.43878173828125,607.46502685546875,0.05754280835390091,975.5814889336016,549.7887323943662,2486,1000,1000,TRUE,FALSE,0.7049695987590228,no issue,FALSE
frame125__s44692,C:/R_projects/spat_1f_noise/processed_feed\rep36\processed_rep36__cam5_s44692_rank125.jpg,processed_rep36__cam5_s44692_rank125.jpg,TRUE,rep36,cam5,44692,125,0.9961180686950684,965.30914306640625,505.6294250488281,0.07136231660842896,984.8848876953125,565.0196533203125,0.054795000702142715,965.30914306640625,608.3250732421875,0.05837039276957512,976.9106844741235,555.6202003338898,2397.5,1000,1000,TRUE,FALSE,0.1859535703861149,no issue,FALSE
frame126__s45053,C:/R_projects/spat_1f_noise/processed_feed\rep36\processed_rep36__cam5_s45053_rank126.jpg,processed_rep36__cam5_s45053_rank126.jpg,TRUE,rep36,cam5,45053,126,0.9982414245605468,992.91107177734375,502.1686096191406,0.03540545701980591,985.6092529296875,559.45281982421875,0.05910465866327286,964.92095947265625,608.0198974609375,0.08176565170288086,981.8982750995135,555.7439186200796,2259,1000,1000,TRUE,FALSE,-0.6070229660458188,no issue,FALSE
frame127__s45413,C:/R_projects/spat_1f_noise/processed_feed\rep36\processed_rep36__cam5_s45413_rank127.jpg,processed_rep36__cam5_s45413_rank127.jpg,TRUE,rep36,cam5,45413,127,0.9981679916381836,992.7943115234375,502.5201721191406,0.028453731909394264,985.2991943359375,558.5277099609375,0.0498482920229435,964.06298828125,608.3121337890625,0.07405485212802887,981.6127118644068,554.602966101695,2357,1000,1000,TRUE,FALSE,0.03750421709207382,no issue,FALSE
frame128__s45774,C:/R_projects/spat_1f_noise/processed_feed\rep36\processed_rep36__cam5_s45774_rank128.jpg,processed_rep36__cam5_s45774_rank128.jpg,TRUE,rep36,cam5,45774,128,0.9979173541069032,990.24169921875,512.6279296875,0.02844289131462574,986.5135498046875,563.7337646484375,0.05131116136908531,964.14453125,609.8536376953125,0.07033881545066833,981.5255407271054,560.1831569259089,2171.5,1000,1000,TRUE,FALSE,-1.034275805616878,no issue,FALSE
frame129__s46134,C:/R_projects/spat_1f_noise/processed_feed\rep36\processed_rep36__cam5_s46134_rank129.jpg,processed_rep36__cam5_s46134_rank129.jpg,TRUE,rep36,cam5,46134,129,0.9960370659828186,976.5732421875,509.9251708984375,0.0438058041036129,986.4630126953125,565.70257568359375,0.05024974048137665,964.2110595703125,610.32452392578125,0.0792551338672638,981.2919037199125,557.5225382932166,2281.5,1000,1000,TRUE,FALSE,-0.3555116986412497,no issue,FALSE
frame130__s46494,C:/R_projects/spat_1f_noise/processed_feed\rep36\processed_rep36__cam5_s46494_rank130.jpg,processed_rep36__cam5_s46494_rank130.jpg,TRUE,rep36,cam5,46494,130,0.9975394010543824,955.37774658203125,499.2896728515625,0.10110840201377869,986.2760009765625,556.621826171875,0.07653176039457321,964.02923583984375,607.72222900390625,0.08068793267011642,975.206213592233,550.1021359223301,2574,1000,1000,TRUE,FALSE,1.3361909654382444,no issue,FALSE
frame131__s46855,C:/R_projects/spat_1f_noise/processed_feed\rep36\processed_rep36__cam5_s46855_rank131.jpg,processed_rep36__cam5_s46855_rank131.jpg,TRUE,rep36,cam5,46855,131,0.997878074645996,956.60247802734375,500.9085388183594,0.07380596548318863,987.85101318359375,555.7139892578125,0.07044278830289841,964.10211181640625,606.78271484375,0.10002502799034119,976.5647286821705,552.0279069767441,2578,1000,1000,TRUE,FALSE,1.487204842985864,no issue,FALSE
frame132__s47215,C:/R_projects/spat_1f_noise/processed_feed\rep36\processed_rep36__cam5_s47215_rank132.jpg,processed_rep36__cam5_s47215_rank132.jpg,TRUE,rep36,cam5,47215,132,0.9975033402442932,952.74298095703125,503.133544921875,0.07802732288837433,986.96954345703125,555.6220703125,0.07350442558526993,964.96673583984375,606.86090087890625,0.07026935368776321,975.3970981290569,552.168003054601,2617.5,1000,1000,TRUE,FALSE,1.7004636629461678,no issue,FALSE
frame133__s47576,C:/R_projects/spat_1f_noise/processed_feed\rep36\processed_rep36__cam5_s47576_rank133.jpg,processed_rep36__cam5_s47576_rank133.jpg,TRUE,rep36,cam5,47576,133,0.9974898099899292,958.0601806640625,505.16754150390625,0.09008493274450302,986.1697998046875,558.61700439453125,0.05531946197152138,965.39312744140625,608.33734130859375,0.08888045698404312,976.0302411115651,553.1238250919494,2444,1000,1000,TRUE,FALSE,0.8199609963692489,no issue,FALSE
frame134__s47936,C:/R_projects/spat_1f_noise/processed_feed\rep36\processed_rep36__cam5_s47936_rank134.jpg,processed_rep36__cam5_s47936_rank134.jpg,TRUE,rep36,cam5,47936,134,0.9975637197494508,947.8504638671875,503.886474609375,0.054581254720687866,987.0487060546875,555.01947021484375,0.08046938478946686,963.7747802734375,608.646728515625,0.0925600677728653,975.5220007521625,551.3253102670177,2654,1000,1000,TRUE,FALSE,2.185302022843976,too big,FALSE
frame135__s48296,C:/R_projects/spat_1f_noise/processed_feed\rep36\processed_rep36__cam5_s48296_rank135.jpg,processed_rep36__cam5_s48296_rank135.jpg,TRUE,rep36,cam5,48296,135,0.9963248372077942,965.9532470703125,509.9644470214844,0.09635449945926666,989.306396484375,561.18096923828125,0.04478990286588669,963.4949951171875,609.899169921875,0.06891880929470062,978.6879595588235,555.6902573529412,2171.5,1000,1000,TRUE,FALSE,-0.598292821811656,no issue,FALSE
frame136__s48657,C:/R_projects/spat_1f_noise/processed_feed\rep36\processed_rep36__cam5_s48657_rank136.jpg,processed_rep36__cam5_s48657_rank136.jpg,TRUE,rep36,cam5,48657,136,0.995791792869568,964.8084716796875,511.3143310546875,0.05323493480682373,989.42938232421875,562.40301513671875,0.04385393485426903,963.577392578125,609.7535400390625,0.08467163890600204,978.6729559748428,556.9375561545373,2221,1000,1000,TRUE,FALSE,-0.24763868057804014,no issue,FALSE
frame137__s49017,C:/R_projects/spat_1f_noise/processed_feed\rep36\processed_rep36__cam5_s49017_rank137.jpg,processed_rep36__cam5_s49017_rank137.jpg,TRUE,rep36,cam5,49017,137,0.9956874251365662,965.6107177734375,511.5540771484375,0.07252372801303864,988.72955322265625,565.088134765625,0.04055602848529816,963.17718505859375,609.9073486328125,0.06682536005973816,979.3685160126297,556.9264772214705,2212.5,1000,1000,TRUE,FALSE,-0.25319050638137364,no issue,FALSE
frame138__s49378,C:/R_projects/spat_1f_noise/processed_feed\rep36\processed_rep36__cam5_s49378_rank138.jpg,processed_rep36__cam5_s49378_rank138.jpg,TRUE,rep36,cam5,49378,138,0.9963410496711732,981.111328125,517.479736328125,0.021501263603568077,984.79052734375,566.998046875,0.042151931673288345,963.94195556640625,610.32647705078125,0.06306406855583191,980.0819450697884,559.3768572714994,2218.5,1000,1000,TRUE,FALSE,-0.17244119571843403,no issue,FALSE
frame139__s49738,C:/R_projects/spat_1f_noise/processed_feed\rep36\processed_rep36__cam5_s49738_rank139.jpg,processed_rep36__cam5_s49738_rank139.jpg,TRUE,rep36,cam5,49738,139,0.99591726064682,970.72113037109375,510.14019775390625,0.046138498932123184,986.673583984375,564.67120361328125,0.05369546636939049,964.5855712890625,609.28753662109375,0.06229858472943306,979.0931174089069,558.3976608187135,2225.5,1000,1000,TRUE,FALSE,-0.16321626285683458,no issue,FALSE
frame140__s50099,C:/R_projects/spat_1f_noise/processed_feed\rep36\processed_rep36__cam5_s50099_rank140.jpg,processed_rep36__cam5_s50099_rank140.jpg,TRUE,rep36,cam5,50099,140,0.9961100220680236,977.13330078125,515.59912109375,0.04111696034669876,985.84716796875,568.93267822265625,0.048426613211631775,963.44000244140625,609.863037109375,0.07952401787042618,980.1863153028202,560.4207119741101,2162.5,1000,1000,TRUE,FALSE,-0.4828161601829113,no issue,FALSE
frame141__s50459,C:/R_projects/spat_1f_noise/processed_feed\rep36\processed_rep36__cam5_s50459_rank141.jpg,processed_rep36__cam5_s50459_rank141.jpg,TRUE,rep36,cam5,50459,141,0.99623870849609375,966.2381591796875,513.61944580078125,0.06531023234128952,987.250732421875,566.89013671875,0.044629622250795364,963.76611328125,609.0111083984375,0.08308746665716171,979.0273597811217,558.3515731874145,2187.5,1000,1000,TRUE,FALSE,-0.30088642807905985,no issue,FALSE
frame142__s50819,C:/R_projects/spat_1f_noise/processed_feed\rep36\processed_rep36__cam5_s50819_rank142.jpg,processed_rep36__cam5_s50819_rank142.jpg,TRUE,rep36,cam5,50819,142,0.9968344569206238,971.23846435546875,513.0322265625,0.054187778383493423,987.113525390625,567.98712158203125,0.051538508385419846,963.91162109375,610.45220947265625,0.06390706449747086,979.991777067154,560.4961169483782,2186.5,1000,1000,TRUE,FALSE,-0.27997458448218676,no issue,FALSE
frame143__s51180,C:/R_projects/spat_1f_noise/processed_feed\rep36\processed_rep36__cam5_s51180_rank143.jpg,processed_rep36__cam5_s51180_rank143.jpg,TRUE,rep36,cam5,51180,143,0.995555341243744,969.15533447265625,512.97149658203125,0.0544661208987236,987.6177978515625,566.2705078125,0.04135885834693909,964.2320556640625,609.6534423828125,0.07524200528860092,979.6687697160884,557.4772420009014,2215.5,1000,1000,TRUE,FALSE,-0.07353201260368744,no issue,FALSE
frame144__s51540,C:/R_projects/spat_1f_noise/processed_feed\rep36\processed_rep36__cam5_s51540_rank144.jpg,processed_rep36__cam5_s51540_rank144.jpg,TRUE,rep36,cam5,51540,144,0.9957292675971984,970.9952392578125,512.53436279296875,0.05290878936648369,986.9713134765625,567.14910888671875,0.05147873982787132,963.6217041015625,610.5926513671875,0.07194236665964127,979.4504420660772,558.7249883666822,2148,1000,1000,TRUE,FALSE,-0.49365559047498186,no issue,FALSE
frame145__s51901,C:/R_projects/spat_1f_noise/processed_feed\rep36\processed_rep36__cam5_s51901_rank145.jpg,processed_rep36__cam5_s51901_rank145.jpg,TRUE,rep36,cam5,51901,145,0.996832549571991,973.9112548828125,513.9986572265625,0.07053075730800629,987.5849609375,566.3621826171875,0.04977640137076378,966.45294189453125,609.9984130859375,0.06128232553601265,980.5866233163028,558.9818857408268,2151.5,1000,1000,TRUE,FALSE,-0.4549642956880484,no issue,FALSE
frame146__s52261,C:/R_projects/spat_1f_noise/processed_feed\rep36\processed_rep36__cam5_s52261_rank146.jpg,processed_rep36__cam5_s52261_rank146.jpg,TRUE,rep36,cam5,52261,146,0.9957231283187866,967.16363525390625,512.30340576171875,0.04727138578891754,988.0875244140625,564.53564453125,0.042125899344682693,964.7020263671875,610.5498046875,0.08337164670228958,979.1020689655172,558.5117241379311,2171.5,1000,1000,TRUE,FALSE,-0.2835911858703248,no issue,FALSE
frame147__s52622,C:/R_projects/spat_1f_noise/processed_feed\rep36\processed_rep36__cam5_s52622_rank147.jpg,processed_rep36__cam5_s52622_rank147.jpg,TRUE,rep36,cam5,52622,147,0.9970011115074158,974.36669921875,518.04193115234375,0.04821647331118584,986.64093017578125,568.0311279296875,0.050709355622529984,964.54718017578125,608.02252197265625,0.05059254541993141,980.4099318403116,561.5092502434275,2053.5,1000,1000,TRUE,FALSE,-1.0850696732387193,no issue,FALSE
frame148__s52982,C:/R_projects/spat_1f_noise/processed_feed\rep36\processed_rep36__cam5_s52982_rank148.jpg,processed_rep36__cam5_s52982_rank148.jpg,TRUE,rep36,cam5,52982,148,0.9963662624359132,969.841552734375,518.00738525390625,0.054999932646751404,987.0367431640625,567.56097412109375,0.06403015553951263,964.9285888671875,609.68145751953125,0.08431954681873322,979.7052078356426,560.7816531294792,2087.5,1000,1000,TRUE,FALSE,-0.8907852982129536,no issue,FALSE
frame149__s53342,C:/R_projects/spat_1f_noise/processed_feed\rep36\processed_rep36__cam5_s53342_rank149.jpg,processed_rep36__cam5_s53342_rank149.jpg,TRUE,rep36,cam5,53342,149,0.9954015016555786,973.85205078125,515.2706298828125,0.053045604377985,988.71734619140625,565.24249267578125,0.048777446150779724,968.89697265625,611.466552734375,0.040585923939943314,981.35205078125,559.24072265625,2043.5,1000,1000,TRUE,FALSE,-1.3198562291631861,no issue,FALSE
frame150__s53703,C:/R_projects/spat_1f_noise/processed_feed\rep36\processed_rep36__cam5_s53703_rank150.jpg,processed_rep36__cam5_s53703_rank150.jpg,TRUE,rep36,cam5,53703,150,0.9971200227737428,971.46209716796875,516.32843017578125,0.04930949956178665,987.289306640625,567.547607421875,0.04525861144065857,970.24462890625,610.02203369140625,0.03908310830593109,981.4589606605148,559.787761049053,2055.5,1000,1000,TRUE,FALSE,-1.9310198533216723,no issue,FALSE
frame151__s54063,C:/R_projects/spat_1f_noise/processed_feed\rep36\processed_rep36__cam5_s54063_rank151.jpg,processed_rep36__cam5_s54063_rank151.jpg,TRUE,rep36,cam5,54063,151,0.9971412420272828,967.6741943359375,512.913330078125,0.06258761137723923,990.8507080078125,561.494140625,0.0330469124019146,970.11383056640625,610.07501220703125,0.038195326924324036,980.4452590420333,558.2849462365591,2040,1000,1000,TRUE,FALSE,-2.1400053338373213,out_of_frame,FALSE
frame152__s54424,C:/R_projects/spat_1f_noise/processed_feed\rep36\processed_rep36__cam5_s54424_rank152.jpg,processed_rep36__cam5_s54424_rank152.jpg,TRUE,rep36,cam5,54424,152,0.9978238344192504,966.457275390625,510.27130126953125,0.06688832491636276,989.74798583984375,563.66796875,0.05024220794439316,971.36053466796875,608.37213134765625,0.05235521122813225,980.9344262295082,557.2407494145199,2131.5,1000,1000,TRUE,FALSE,-0.6530177689570829,no issue,FALSE
frame153__s54784,C:/R_projects/spat_1f_noise/processed_feed\rep36\processed_rep36__cam5_s54784_rank153.jpg,processed_rep36__cam5_s54784_rank153.jpg,TRUE,rep36,cam5,54784,153,0.9969710111618042,963.69207763671875,512.2298583984375,0.08278167992830276,989.7105712890625,562.94439697265625,0.032036300748586655,971.1259765625,609.94805908203125,0.03928937390446663,979.613488372093,557.1841860465116,2144,1000,1000,TRUE,FALSE,-0.4756576483657902,no issue,FALSE
frame154__s55145,C:/R_projects/spat_1f_noise/processed_feed\rep36\processed_rep36__cam5_s55145_rank154.jpg,processed_rep36__cam5_s55145_rank154.jpg,TRUE,rep36,cam5,55145,154,0.9966747760772704,961.61492919921875,514.72247314453125,0.07124291360378265,990.8221435546875,560.64984130859375,0.02759549394249916,970.1336669921875,610.301025390625,0.04734618589282036,980.4995515695067,557.4829596412557,2225.5,1000,1000,TRUE,FALSE,0.6322306137272112,no issue,FALSE
frame155__s55505,C:/R_projects/spat_1f_noise/processed_feed\rep36\processed_rep36__cam5_s55505_rank155.jpg,processed_rep36__cam5_s55505_rank155.jpg,TRUE,rep36,cam5,55505,155,0.9976123571395874,965.3670654296875,516.1588134765625,0.08968280255794525,989.7193603515625,563.51080322265625,0.04185660928487778,970.23748779296875,609.61663818359375,0.04690925031900406,980.8783721993599,559.35756744398725,2185.5,1000,1000,TRUE,FALSE,0.040385221778974946,no issue,FALSE
frame156__s55865,C:/R_projects/spat_1f_noise/processed_feed\rep36\processed_rep36__cam5_s55865_rank156.jpg,processed_rep36__cam5_s55865_rank156.jpg,TRUE,rep36,cam5,55865,156,0.996871292591095,966.5391845703125,513.84716796875,0.07536999136209488,989.8297119140625,563.72174072265625,0.04105920344591141,970.2166748046875,609.855712890625,0.04122285917401314,981.2278308321964,558.8453842655753,2196.5,1000,1000,TRUE,FALSE,0.11081698484266551,no issue,FALSE
frame157__s56226,C:/R_projects/spat_1f_noise/processed_feed\rep36\processed_rep36__cam5_s56226_rank157.jpg,processed_rep36__cam5_s56226_rank157.jpg,TRUE,rep36,cam5,56226,157,0.9977679252624512,963.83392333984375,514.85247802734375,0.09727782011032104,989.7509765625,561.9752197265625,0.039421260356903076,971.23876953125,610.3380126953125,0.04083175212144852,979.415182755389,559.0824742268042,2129,1000,1000,TRUE,FALSE,-0.7555563779879672,no issue,FALSE
frame158__s56586,C:/R_projects/spat_1f_noise/processed_feed\rep36\processed_rep36__cam5_s56586_rank158.jpg,processed_rep36__cam5_s56586_rank158.jpg,TRUE,rep36,cam5,56586,158,0.994901180267334,970.3861083984375,511.5353088378906,0.060247283428907394,988.54443359375,563.67919921875,0.04320952296257019,970.3861083984375,610.85699462890625,0.05824403464794159,981.0748393021121,558.979797979798,2176.5,1000,1000,TRUE,FALSE,-0.2138102505015973,no issue,FALSE
frame159__s56947,C:/R_projects/spat_1f_noise/processed_feed\rep36\processed_rep36__cam5_s56947_rank159.jpg,processed_rep36__cam5_s56947_rank159.jpg,TRUE,rep36,cam5,56947,159,0.9958808422088624,968.829833984375,508.0477294921875,0.05081303045153618,988.74114990234375,563.9169921875,0.043698374181985855,970.07421875,609.85400390625,0.03334805369377136,980.2893919218819,556.8220150909898,2248.5,1000,1000,TRUE,FALSE,0.5761305805522262,no issue,FALSE
frame160__s57307,C:/R_projects/spat_1f_noise/processed_feed\rep36\processed_rep36__cam5_s57307_rank160.jpg,processed_rep36__cam5_s57307_rank160.jpg,TRUE,rep36,cam5,57307,160,0.9963913559913636,972.19940185546875,512.37005615234375,0.05557946488261223,989.62939453125,564.723876953125,0.04637452960014343,970.9544677734375,609.5986328125,0.03589353710412979,981.335006846189,559.0251026928344,2188.5,1000,1000,TRUE,FALSE,-0.16331234889723367,no issue,FALSE
frame161__s57668,C:/R_projects/spat_1f_noise/processed_feed\rep36\processed_rep36__cam5_s57668_rank161.jpg,processed_rep36__cam5_s57668_rank161.jpg,TRUE,rep36,cam5,57668,161,0.9970965385437012,966.721435546875,515.30487060546875,0.050823360681533813,989.7886962890625,565.018310546875,0.05182011052966118,970.3636474609375,609.76043701171875,0.04809610918164253,981.55540417802,558.8651226158038,2196,1000,1000,TRUE,FALSE,-0.16388435710944907,no issue,FALSE
frame162__s58028,C:/R_projects/spat_1f_noise/processed_feed\rep36\processed_rep36__cam5_s58028_rank162.jpg,processed_rep36__cam5_s58028_rank162.jpg,TRUE,rep36,cam5,58028,162,0.9968376159667968,964.87109375,513.0015869140625,0.09085430949926376,989.5692138671875,563.8846435546875,0.03616543114185333,971.04559326171875,609.80352783203125,0.03943994641304016,980.5935949481282,558.0947225981056,2214,1000,1000,TRUE,FALSE,-0.04159734577291182,no issue,FALSE
frame163__s58388,C:/R_projects/spat_1f_noise/processed_feed\rep36\processed_rep36__cam5_s58388_rank163.jpg,processed_rep36__cam5_s58388_rank163.jpg,TRUE,rep36,cam5,58388,163,0.998421549797058,964.48126220703125,510.16424560546875,0.06775067746639252,989.36962890625,566.27508544921875,0.030112968757748604,970.703369140625,609.9168701171875,0.0421331413090229,980.7692307692307,558.5370960400546,2194.5,1000,1000,TRUE,FALSE,-0.3421396459507321,no issue,FALSE
frame164__s58749,C:/R_projects/spat_1f_noise/processed_feed\rep36\processed_rep36__cam5_s58749_rank164.jpg,processed_rep36__cam5_s58749_rank164.jpg,TRUE,rep36,cam5,58749,164,0.9969943761825562,963.67340087890625,512.29364013671875,0.08815862238407135,989.31341552734375,561.916259765625,0.03515537083148956,970.9991455078125,611.538818359375,0.04203592613339424,979.2277904328018,558.1189066059226,2190.5,1000,1000,TRUE,FALSE,-0.4771371027054524,no issue,FALSE
frame165__s59109,C:/R_projects/spat_1f_noise/processed_feed\rep36\processed_rep36__cam5_s59109_rank165.jpg,processed_rep36__cam5_s59109_rank165.jpg,TRUE,rep36,cam5,59109,165,0.9972373247146606,964.02642822265625,514.54736328125,0.08775529265403748,989.53009033203125,561.74554443359375,0.03951222822070122,971.31317138671875,608.94366455078125,0.04372955858707428,980.4747429593206,557.7657577112204,2233.5,1000,1000,TRUE,FALSE,-0.16052497790384193,no issue,FALSE
frame166__s59470,C:/R_projects/spat_1f_noise/processed_feed\rep36\processed_rep36__cam5_s59470_rank166.jpg,processed_rep36__cam5_s59470_rank166.jpg,TRUE,rep36,cam5,59470,166,0.9964150190353394,963.5286865234375,512.86248779296875,0.07168098539113998,988.21484375,563.8388671875,0.03908316045999527,970.93450927734375,609.84197998046875,0.048561643809080124,980.5421422300263,557.5333625987709,2275.5,1000,1000,TRUE,FALSE,0.18313725692947877,no issue,FALSE
frame167__s59830,C:/R_projects/spat_1f_noise/processed_feed\rep36\processed_rep36__cam5_s59830_rank167.jpg,processed_rep36__cam5_s59830_rank167.jpg,TRUE,rep36,cam5,59830,167,0.9975390434265136,963.971923828125,513.684326171875,0.08308045566082001,988.90936279296875,559.6866455078125,0.040577128529548645,973.9468994140625,610.6622314453125,0.036894019693136215,980.6672496720595,557.9435942282466,2285,1000,1000,TRUE,FALSE,0.1728313006504305,no issue,FALSE
frame168__s60191,C:/R_projects/spat_1f_noise/processed_feed\rep36\processed_rep36__cam5_s60191_rank168.jpg,processed_rep36__cam5_s60191_rank168.jpg,TRUE,rep36,cam5,60191,168,0.9979079961776732,965.0557861328125,513.66864013671875,0.07603158056735992,987.51593017578125,559.5675048828125,0.04275404289364815,973.790283203125,610.42840576171875,0.0419098399579525,980.2617305208781,559.6754197158847,2321,1000,1000,TRUE,FALSE,0.5167019243276333,no issue,FALSE
frame169__s60551,C:/R_projects/spat_1f_noise/processed_feed\rep36\processed_rep36__cam5_s60551_rank169.jpg,processed_rep36__cam5_s60551_rank169.jpg,TRUE,rep36,cam5,60551,169,0.997638463973999,962.348876953125,514.4134521484375,0.08206016570329666,983.4691162109375,577.53314208984375,0.03367595002055168,974.7724609375,609.71185302734375,0.05339138209819794,979.9008658008657,559.6727272727272,2305.5,1000,1000,TRUE,FALSE,0.2053312172725297,no issue,FALSE
frame170__s60911,C:/R_projects/spat_1f_noise/processed_feed\rep36\processed_rep36__cam5_s60911_rank170.jpg,processed_rep36__cam5_s60911_rank170.jpg,TRUE,rep36,cam5,60911,170,0.9973064661026,963.48992919921875,515.7640380859375,0.08320636302232742,988.2059326171875,560.4945068359375,0.03818222135305405,974.61212158203125,611.4376220703125,0.038572750985622406,979.6968911917098,560.0060449050086,2311.5,1000,1000,TRUE,FALSE,0.18692935743667033,no issue,FALSE
frame171__s61272,C:/R_projects/spat_1f_noise/processed_feed\rep36\processed_rep36__cam5_s61272_rank171.jpg,processed_rep36__cam5_s61272_rank171.jpg,TRUE,rep36,cam5,61272,171,0.9970281720161438,965.1573486328125,515.18389892578125,0.079178586602211,987.32598876953125,560.9886474609375,0.038816578686237335,975.01007080078125,610.50732421875,0.0389239676296711,980.5762784701333,560.0030081650193,2324,1000,1000,TRUE,FALSE,0.26947435113921303,no issue,FALSE
frame172__s61632,C:/R_projects/spat_1f_noise/processed_feed\rep36\processed_rep36__cam5_s61632_rank172.jpg,processed_rep36__cam5_s61632_rank172.jpg,TRUE,rep36,cam5,61632,172,0.997313916683197,963.79937744140625,516.2208251953125,0.08158711344003677,982.41278076171875,575.60247802734375,0.06996265798807144,974.9674072265625,609.004638671875,0.04285496473312378,980.0655381944445,560.1141493055555,2304,1000,1000,TRUE,FALSE,-0.03157286144960847,no issue,FALSE
frame173__s61993,C:/R_projects/spat_1f_noise/processed_feed\rep36\processed_rep36__cam5_s61993_rank173.jpg,processed_rep36__cam5_s61993_rank173.jpg,TRUE,rep36,cam5,61993,173,0.9972211122512816,964.85467529296875,515.18841552734375,0.0728340670466423,985.6754150390625,563.4327392578125,0.03340386971831322,974.65264892578125,609.2030029296875,0.03282180055975914,979.9523184601925,559.3468941382328,2282.5,1000,1000,TRUE,FALSE,-0.422714443289612,no issue,FALSE
frame174__s62353,C:/R_projects/spat_1f_noise/processed_feed\rep36\processed_rep36__cam5_s62353_rank174.jpg,processed_rep36__cam5_s62353_rank174.jpg,TRUE,rep36,cam5,62353,174,0.9974377155303956,963.20648193359375,513.6856689453125,0.0622125007212162,986.46478271484375,560.85382080078125,0.026610808447003365,975.44769287109375,609.26324462890625,0.03920382261276245,980.5771869639794,558.1355060034306,2327.5,1000,1000,TRUE,FALSE,0.016074747984423463,no issue,FALSE
frame175__s62713,C:/R_projects/spat_1f_noise/processed_feed\rep36\processed_rep36__cam5_s62713_rank175.jpg,processed_rep36__cam5_s62713_rank175.jpg,TRUE,rep36,cam5,62713,175,0.997276484966278,961.896728515625,516.42987060546875,0.05789170414209366,982.5560302734375,577.63037109375,0.0548568069934845,975.2645263671875,611.35308837890625,0.03598961606621742,980.4440104166666,559.38671875,2299.5,1000,1000,TRUE,FALSE,-0.377804817308767,no issue,FALSE
frame176__s63074,C:/R_projects/spat_1f_noise/processed_feed\rep36\processed_rep36__cam5_s63074_rank176.jpg,processed_rep36__cam5_s63074_rank176.jpg,TRUE,rep36,cam5,63074,176,0.997063934803009,963.800537109375,515.36761474609375,0.06815881282091141,987.4920654296875,560.29290771484375,0.039284780621528625,975.0228271484375,610.2099609375,0.03913021460175514,980.9304812834224,557.6783216783217,2426.5,1000,1000,TRUE,FALSE,1.0630752991932304,no issue,FALSE
frame177__s63434,C:/R_projects/spat_1f_noise/processed_feed\rep36\processed_rep36__cam5_s63434_rank177.jpg,processed_rep36__cam5_s63434_rank177.jpg,TRUE,rep36,cam5,63434,177,0.9962800145149232,958.22412109375,510.7778625488281,0.05291479080915451,987.82281494140625,560.55718994140625,0.04182244837284088,975.489990234375,610.33660888671875,0.04869416728615761,981.0092709650232,556.550779603877,2367,1000,1000,TRUE,FALSE,0.23559843042615514,no issue,FALSE
frame178__s63795,C:/R_projects/spat_1f_noise/processed_feed\rep36\processed_rep36__cam5_s63795_rank178.jpg,processed_rep36__cam5_s63795_rank178.jpg,TRUE,rep36,cam5,63795,178,0.9959239959716796,961.6212158203125,515.4053955078125,0.07716836035251617,988.9251708984375,561.6016845703125,0.03422190621495247,975.273193359375,612.7921142578125,0.03747507557272911,981.2053872053872,559.0412457912458,2373.5,1000,1000,TRUE,FALSE,0.2140054117667123,no issue,FALSE
frame179__s64155,C:/R_projects/spat_1f_noise/processed_feed\rep36\processed_rep36__cam5_s64155_rank179.jpg,processed_rep36__cam5_s64155_rank179.jpg,TRUE,rep36,cam5,64155,179,0.9960530996322632,961.5360107421875,516.31610107421875,0.06824585050344467,987.547607421875,565.01898193359375,0.0446733683347702,976.39984130859375,611.2242431640625,0.041858430951833725,981.7812238055322,561.0293378038558,2380.5,1000,1000,TRUE,FALSE,0.1422538817240619,no issue,FALSE
frame180__s64516,C:/R_projects/spat_1f_noise/processed_feed\rep36\processed_rep36__cam5_s64516_rank180.jpg,processed_rep36__cam5_s64516_rank180.jpg,TRUE,rep36,cam5,64516,180,0.9974600672721864,963.67950439453125,514.192138671875,0.0777110829949379,989.22088623046875,558.98883056640625,0.027987679466605186,975.842041015625,611.2515869140625,0.03742514178156853,980.77461248429,558.0540427314621,2383,1000,1000,TRUE,FALSE,0.039592527551924855,no issue,FALSE
frame181__s64876,C:/R_projects/spat_1f_noise/processed_feed\rep36\processed_rep36__cam5_s64876_rank181.jpg,processed_rep36__cam5_s64876_rank181.jpg,TRUE,rep36,cam5,64876,181,0.996607542037964,956.6322021484375,514.6546630859375,0.07693783193826675,988.3262939453125,560.6324462890625,0.03113098442554474,974.917236328125,610.3382568359375,0.04467609524726868,979.9307432432432,557.5844594594595,2363,1000,1000,TRUE,FALSE,-0.3315267976494796,no issue,FALSE
frame182__s65236,C:/R_projects/spat_1f_noise/processed_feed\rep36\processed_rep36__cam5_s65236_rank182.jpg,processed_rep36__cam5_s65236_rank182.jpg,TRUE,rep36,cam5,65236,182,0.997018814086914,959.0811767578125,515.751708984375,0.08568967878818512,989.8907470703125,556.688720703125,0.028738534078001976,975.1021728515625,611.27130126953125,0.04116855561733246,980.7490636704119,557.8439450686642,2397,1000,1000,TRUE,FALSE,-7.775428822558746e-4,no issue,FALSE
frame183__s65597,C:/R_projects/spat_1f_noise/processed_feed\rep36\processed_rep36__cam5_s65597_rank183.jpg,processed_rep36__cam5_s65597_rank183.jpg,TRUE,rep36,cam5,65597,183,0.9975486397743224,957.9398193359375,512.28582763671875,0.08522234112024307,988.6641845703125,557.13995361328125,0.04066956043243408,973.91650390625,610.7156982421875,0.036301322281360626,979.0046199076019,556.2179756404872,2375.5,1000,1000,TRUE,FALSE,-0.35902926863913426,no issue,FALSE
frame184__s65957,C:/R_projects/spat_1f_noise/processed_feed\rep36\processed_rep36__cam5_s65957_rank184.jpg,processed_rep36__cam5_s65957_rank184.jpg,TRUE,rep36,cam5,65957,184,0.9969071745872498,959.7412109375,514.0965576171875,0.07675953954458237,987.23870849609375,560.115234375,0.03712083026766777,974.7398681640625,611.10894775390625,0.041593849658966064,980.3546416938111,557.2284201954398,2451.5,1000,1000,TRUE,FALSE,0.30556584133253095,no issue,FALSE
frame185__s66318,C:/R_projects/spat_1f_noise/processed_feed\rep36\processed_rep36__cam5_s66318_rank185.jpg,processed_rep36__cam5_s66318_rank185.jpg,TRUE,rep36,cam5,66318,185,0.9975881576538086,959.231201171875,512.260009765625,0.0695452094078064,986.34429931640625,557.02423095703125,0.039017610251903534,975.25262451171875,609.24920654296875,0.04582453519105911,979.8714695047073,555.9250920998772,2440,1000,1000,TRUE,FALSE,0.12534739096967581,no issue,FALSE
frame186__s66678,C:/R_projects/spat_1f_noise/processed_feed\rep36\processed_rep36__cam5_s66678_rank186.jpg,processed_rep36__cam5_s66678_rank186.jpg,TRUE,rep36,cam5,66678,186,0.9970871806144714,962.00732421875,515.13751220703125,0.07878266274929047,988.95172119140625,556.103515625,0.035050831735134125,974.2547607421875,610.724853515625,0.039126694202423096,980.1572273879966,558.3381234150465,2361.5,1000,1000,TRUE,FALSE,-0.4970744017492005,no issue,FALSE
frame187__s67039,C:/R_projects/spat_1f_noise/processed_feed\rep36\processed_rep36__cam5_s67039_rank187.jpg,processed_rep36__cam5_s67039_rank187.jpg,TRUE,rep36,cam5,67039,187,0.9970245957374572,960.71136474609375,514.69769287109375,0.07447144389152527,987.5391845703125,559.52508544921875,0.03356672078371048,975.3447265625,609.3333740234375,0.03807917237281799,979.6009212730319,556.5406197654942,2381.5,1000,1000,TRUE,FALSE,-0.45787544556190013,no issue,FALSE
frame188__s67399,C:/R_projects/spat_1f_noise/processed_feed\rep36\processed_rep36__cam5_s67399_rank188.jpg,processed_rep36__cam5_s67399_rank188.jpg,TRUE,rep36,cam5,67399,188,0.9964507818222046,959.38848876953125,511.8094482421875,0.07189124822616577,988.756591796875,556.3800048828125,0.03130093216896057,976.51983642578125,609.61700439453125,0.03312093764543533,980.0817535545024,556.5462085308056,2530,1000,1000,TRUE,FALSE,0.11113933742594494,no issue,FALSE
frame189__s67759,C:/R_projects/spat_1f_noise/processed_feed\rep36\processed_rep36__cam5_s67759_rank189.jpg,processed_rep36__cam5_s67759_rank189.jpg,TRUE,rep36,cam5,67759,189,0.9972015619277954,959.5552978515625,513.9443359375,0.06418739259243011,988.8165283203125,557.2330322265625,0.04041004553437233,975.4051513671875,610.41632080078125,0.03470349684357643,979.8694922366765,559.4339068401175,2378.5,1000,1000,TRUE,FALSE,-0.5914909866465725,no issue,FALSE
frame190__s68120,C:/R_projects/spat_1f_noise/processed_feed\rep36\processed_rep36__cam5_s68120_rank190.jpg,processed_rep36__cam5_s68120_rank190.jpg,TRUE,rep36,cam5,68120,190,0.9963723421096802,956.76324462890625,515.66705322265625,0.07602902501821518,987.34490966796875,561.56378173828125,0.035198990255594254,973.888916015625,611.181884765625,0.04106630012392998,979.1377741001241,557.2929251137774,2410,1000,1000,TRUE,FALSE,-0.5296753613626263,no issue,FALSE
frame191__s68480,C:/R_projects/spat_1f_noise/processed_feed\rep36\processed_rep36__cam5_s68480_rank191.jpg,processed_rep36__cam5_s68480_rank191.jpg,TRUE,rep36,cam5,68480,191,0.9963136315345764,958.87322998046875,513.423583984375,0.05862909555435181,987.331787109375,561.793701171875,0.03669431060552597,974.95849609375,611.40411376953125,0.03823099285364151,980.3979508196721,556.7946721311475,2435.5,1000,1000,TRUE,FALSE,-0.5097667203607167,no issue,FALSE
frame192__s68841,C:/R_projects/spat_1f_noise/processed_feed\rep36\processed_rep36__cam5_s68841_rank192.jpg,processed_rep36__cam5_s68841_rank192.jpg,TRUE,rep36,cam5,68841,192,0.997117519378662,958.721435546875,512.881591796875,0.061623089015483856,987.40240478515625,561.2982177734375,0.03948204964399338,974.9324951171875,610.956298828125,0.04181749373674393,980.9914979757085,555.6696356275304,2465.5,1000,1000,TRUE,FALSE,-0.462174833434922,no issue,FALSE
frame193__s69201,C:/R_projects/spat_1f_noise/processed_feed\rep36\processed_rep36__cam5_s69201_rank193.jpg,processed_rep36__cam5_s69201_rank193.jpg,TRUE,rep36,cam5,69201,193,0.9962026476860046,962.33306884765625,513.9661865234375,0.05906178802251816,987.13232421875,559.88653564453125,0.029952624812722206,975.97265625,609.5301513671875,0.038480307906866074,980.6673387096774,557.7342741935483,2475,1000,1000,TRUE,FALSE,-0.4940600104362945,no issue,FALSE
frame194__s69561,C:/R_projects/spat_1f_noise/processed_feed\rep36\processed_rep36__cam5_s69561_rank194.jpg,processed_rep36__cam5_s69561_rank194.jpg,TRUE,rep36,cam5,69561,194,0.996882438659668,958.85137939453125,512.1502685546875,0.06774379312992096,988.28826904296875,558.0030517578125,0.035280369222164154,973.56982421875,612.5306396484375,0.03795919939875603,979.1074476338247,556.6392552366175,2574,1000,1000,TRUE,FALSE,-0.27123748305199746,no issue,FALSE
frame195__s69922,C:/R_projects/spat_1f_noise/processed_feed\rep36\processed_rep36__cam5_s69922_rank195.jpg,processed_rep36__cam5_s69922_rank195.jpg,TRUE,rep36,cam5,69922,195,0.9968448877334596,960.4765625,508.557861328125,0.07478439807891846,988.475341796875,556.8992919921875,0.042499441653490067,973.86724853515625,612.6778564453125,0.04177635535597801,978.8758376034687,557.0741032715806,2534.5,1000,1000,TRUE,FALSE,-0.45064079891384634,no issue,FALSE
frame196__s70282,C:/R_projects/spat_1f_noise/processed_feed\rep36\processed_rep36__cam5_s70282_rank196.jpg,processed_rep36__cam5_s70282_rank196.jpg,TRUE,rep36,cam5,70282,196,0.9956984519958496,958.45245361328125,510.59576416015625,0.06922633945941925,987.086181640625,563.0140380859375,0.04842720180749893,979.6165771484375,602.9517822265625,1.0594003200531006,979.480324074074,557.1068672839506,2586.5,1000,1000,TRUE,FALSE,-0.37643811873183247,no issue,FALSE
frame197__s70643,C:/R_projects/spat_1f_noise/processed_feed\rep36\processed_rep36__cam5_s70643_rank197.jpg,processed_rep36__cam5_s70643_rank197.jpg,TRUE,rep36,cam5,70643,197,0.9958080053329468,959.6783447265625,511.14373779296875,0.08171000331640244,989.6622314453125,557.2744140625,0.03848647326231003,978.41827392578125,609.6390380859375,0.03761054202914238,980.2600568874441,556.2169849654612,2458.5,1000,1000,TRUE,FALSE,-0.788046610579424,no issue,FALSE
frame198__s71003,C:/R_projects/spat_1f_noise/processed_feed\rep36\processed_rep36__cam5_s71003_rank198.jpg,processed_rep36__cam5_s71003_rank198.jpg,TRUE,rep36,cam5,71003,198,0.9956554174423218,959.14984130859375,509.17108154296875,0.07578889280557632,989.59619140625,558.81597900390625,0.03755350038409233,982.2890625,599.77301025390625,0.9008128643035889,979.4081395348837,559.0624031007752,2578.5,1000,1000,TRUE,FALSE,-0.533030116156033,no issue,FALSE
frame199__s71363,C:/R_projects/spat_1f_noise/processed_feed\rep36\processed_rep36__cam5_s71363_rank199.jpg,processed_rep36__cam5_s71363_rank199.jpg,TRUE,rep36,cam5,71363,199,0.99681854248046875,979.23162841796875,601.369873046875,0.047013409435749054,987.9072265625,562.8436279296875,0.029659338295459747,979.23162841796875,601.369873046875,2.7313945293426514,980.0065717415115,562.4731653888281,2736.5,1000,1000,TRUE,FALSE,-0.17612493603990156,no issue,FALSE
frame200__s71724,C:/R_projects/spat_1f_noise/processed_feed\rep36\processed_rep36__cam5_s71724_rank200.jpg,processed_rep36__cam5_s71724_rank200.jpg,TRUE,rep36,cam5,71724,200,0.9968469738960266,956.07733154296875,512.292724609375,0.07863103598356247,985.9462890625,561.90557861328125,0.034202225506305695,980.96807861328125,601.5958251953125,0.25747665762901306,978.2565320665083,557.4323040380048,2528,1000,1000,TRUE,FALSE,-0.797564601340218,no issue,FALSE
frame201__s72084,C:/R_projects/spat_1f_noise/processed_feed\rep36\processed_rep36__cam5_s72084_rank201.jpg,processed_rep36__cam5_s72084_rank201.jpg,TRUE,rep36,cam5,72084,201,0.9963201284408568,958.9150390625,468.78265380859375,0.074006088078022,978.46868896484375,544.5206298828125,0.04676157608628273,974.8023681640625,600.3929443359375,2.5885748863220215,974.424171311235,537.2364329715459,3418,1000,1000,TRUE,FALSE,1.561948663206346,no issue,FALSE
frame202__s72445,C:/R_projects/spat_1f_noise/processed_feed\rep36\processed_rep36__cam5_s72445_rank202.jpg,processed_rep36__cam5_s72445_rank202.jpg,TRUE,rep36,cam5,72445,202,0.9962795376777648,940.6712646484375,388.6993713378906,0.0904984325170517,957.9906005859375,458.47808837890625,0.06376723200082779,941.9083251953125,512.05816650390625,0.03393646329641342,951.5711206896551,450.50933908045977,2785.5,1000,1000,FALSE,FALSE,-0.23086525014984952,no issue,FALSE
frame203__s72805,C:/R_projects/spat_1f_noise/processed_feed\rep36\processed_rep36__cam5_s72805_rank203.jpg,processed_rep36__cam5_s72805_rank203.jpg,TRUE,rep36,cam5,72805,203,0.9965662360191344,895.22607421875,409.58416748046875,0.10100935399532318,952.3701171875,459.5478820800781,0.08380012214183807,938.7052001953125,510.7606506347656,0.10474037379026413,935.8060995184591,451.39101123595503,3111.5,1000,1000,FALSE,FALSE,0.6393087194114428,no issue,FALSE
frame204__s73165,C:/R_projects/spat_1f_noise/processed_feed\rep36\processed_rep36__cam5_s73165_rank204.jpg,processed_rep36__cam5_s73165_rank204.jpg,TRUE,rep36,cam5,73165,204,0.9983615279197692,549.843505859375,154.5438995361328,0.09632234275341034,610.91986083984375,205.45730590820313,0.14146088063716888,634.6025390625,237.74383544921875,0.08803169429302216,603.2631411277476,197.25262822554953,3134.5,1000,1000,FALSE,FALSE,0.6748755512572169,no issue,FALSE
frame205__s73526,C:/R_projects/spat_1f_noise/processed_feed\rep36\processed_rep36__cam5_s73526_rank205.jpg,processed_rep36__cam5_s73526_rank205.jpg,TRUE,rep36,cam5,73526,205,0.9983201622962952,548.72509765625,154.16119384765625,0.10834741592407227,610.8607177734375,205.28968811035156,0.14311689138412476,644.4139404296875,250.1830291748047,0.07873304933309555,602.2253258845437,196.54407200496587,3217,1000,1000,FALSE,FALSE,0.8789060472957688,no issue,FALSE
frame206__s73886,C:/R_projects/spat_1f_noise/processed_feed\rep36\processed_rep36__cam5_s73886_rank206.jpg,processed_rep36__cam5_s73886_rank206.jpg,TRUE,rep36,cam5,73886,206,0.9984155893325806,550.22381591796875,154.2020263671875,0.1246630847454071,611.06964111328125,206.16502380371094,0.11594488471746445,644.596923828125,250.70472717285156,0.08968450874090195,603.1098971722365,197.42095115681235,3107.5,1000,1000,FALSE,FALSE,0.5032599607882486,no issue,FALSE
frame207__s74247,C:/R_projects/spat_1f_noise/processed_feed\rep36\processed_rep36__cam5_s74247_rank207.jpg,processed_rep36__cam5_s74247_rank207.jpg,TRUE,rep36,cam5,74247,207,0.9971523284912108,63.558319091796875,573.8377685546875,0.2782082259654999,59.90677261352539,517.9857177734375,0.08103379607200623,78.16451263427734,434.82818603515625,0.12999166548252106,67.16067835584938,502.84047139982755,3476,1000,1000,FALSE,FALSE,1.6776164952100434,no issue,FALSE
frame208__s74607,C:/R_projects/spat_1f_noise/processed_feed\rep36\processed_rep36__cam5_s74607_rank208.jpg,processed_rep36__cam5_s74607_rank208.jpg,TRUE,rep36,cam5,74607,208,0.997162401676178,60.47890090942383,549.71087646484375,0.08954284340143204,70.30619812011719,481.35302734375,0.06844303756952286,77.676666259765625,435.3668518066406,0.11330942064523697,65.75931876606684,494.73553984575835,3114.5,1000,1000,FALSE,FALSE,0.4195566962511561,no issue,FALSE
frame209__s74968,C:/R_projects/spat_1f_noise/processed_feed\rep36\processed_rep36__cam5_s74968_rank209.jpg,processed_rep36__cam5_s74968_rank209.jpg,TRUE,rep36,cam5,74968,209,0.9950597286224364,83.801055908203125,568.4114990234375,0.032861534506082535,66.71385955810547,515.99169921875,0.10105064511299133,77.698486328125,437.36187744140625,0.10549569129943848,72.14499205087441,497.8953895071542,3144.5,1000,1000,FALSE,FALSE,0.46279679852016947,no issue,FALSE
frame210__s75328,C:/R_projects/spat_1f_noise/processed_feed\rep36\processed_rep36__cam5_s75328_rank210.jpg,processed_rep36__cam5_s75328_rank210.jpg,TRUE,rep36,cam5,75328,210,0.9932904243469238,87.37715148925781,566.69244384765625,0.05521870404481888,63.967926025390625,516.91455078125,0.133681058883667,78.75270080566406,437.2698974609375,0.18867643177509308,71.64834152334153,500.1812039312039,3254.5,1000,1000,FALSE,FALSE,0.8091988479464639,no issue,FALSE
frame211__s75688,C:/R_projects/spat_1f_noise/processed_feed\rep36\processed_rep36__cam5_s75688_rank211.jpg,processed_rep36__cam5_s75688_rank211.jpg,TRUE,rep36,cam5,75688,211,0.993531048297882,89.05108642578125,573.70904541015625,0.04773399978876114,65.6519775390625,517.8267822265625,0.10029634088277817,79.1988296508789,437.1080322265625,0.16221289336681366,72.65466748017083,499.08938377059184,3280,1000,1000,FALSE,FALSE,0.8773676090130721,no issue,FALSE
frame212__s76049,C:/R_projects/spat_1f_noise/processed_feed\rep36\processed_rep36__cam5_s76049_rank212.jpg,processed_rep36__cam5_s76049_rank212.jpg,TRUE,rep36,cam5,76049,212,0.993150532245636,88.667236328125,568.80267333984375,0.051601625978946686,66.64581298828125,517.64599609375,0.1139414831995964,78.87993621826172,436.5439453125,0.15488466620445251,72.82959089510919,499.9960012303907,3248,1000,1000,FALSE,FALSE,0.7077774630792498,no issue,FALSE
frame213__s76409,C:/R_projects/spat_1f_noise/processed_feed\rep36\processed_rep36__cam5_s76409_rank213.jpg,processed_rep36__cam5_s76409_rank213.jpg,TRUE,rep36,cam5,76409,213,0.9951410293579102,88.25651550292969,563.838623046875,0.04187166690826416,66.26155853271484,516.4281005859375,0.09340187907218933,79.70291900634766,437.8262939453125,0.15217244625091553,73.0506008855155,497.9841872232764,3161.5,1000,1000,FALSE,FALSE,0.2611262202248784,no issue,FALSE
frame214__s76770,C:/R_projects/spat_1f_noise/processed_feed\rep36\processed_rep36__cam5_s76770_rank214.jpg,processed_rep36__cam5_s76770_rank214.jpg,TRUE,rep36,cam5,76770,214,0.9952507019042968,94.56632995605469,564.74658203125,0.03624090552330017,67.23298645019531,516.35479736328125,0.08592279255390167,78.41481018066406,438.1834716796875,0.17596881091594696,73.80136098509398,496.1950745301361,3088,1000,1000,FALSE,FALSE,-0.24623784511528263,no issue,FALSE
frame215__s77130,C:/R_projects/spat_1f_noise/processed_feed\rep36\processed_rep36__cam5_s77130_rank215.jpg,processed_rep36__cam5_s77130_rank215.jpg,TRUE,rep36,cam5,77130,215,0.9944148063659668,90.960479736328125,566.739501953125,0.043898601084947586,66.29584503173828,516.9608154296875,0.10534530878067017,78.62816619873047,437.3149108886719,0.15055982768535614,73.40362595419847,496.90362595419845,3145.5,1000,1000,FALSE,FALSE,-0.05108735532970006,no issue,FALSE
frame216__s77491,C:/R_projects/spat_1f_noise/processed_feed\rep36\processed_rep36__cam5_s77491_rank216.jpg,processed_rep36__cam5_s77491_rank216.jpg,TRUE,rep36,cam5,77491,216,0.993131458759308,75.00404357910156,556.377685546875,0.06187682971358299,67.74208068847656,514.04229736328125,0.08821350336074829,79.84535217285156,436.84246826171875,0.11348960548639297,73.2110929853181,495.1030995106036,3062,1000,1000,FALSE,FALSE,-0.835002804095814,no issue,FALSE
frame217__s77851,C:/R_projects/spat_1f_noise/processed_feed\rep36\processed_rep36__cam5_s77851_rank217.jpg,processed_rep36__cam5_s77851_rank217.jpg,TRUE,rep36,cam5,77851,217,0.9951973557472228,85.06755828857422,562.858154296875,0.05767149478197098,65.371185302734375,514.490478515625,0.11197570711374283,78.912445068359375,436.35809326171875,0.10423959791660309,72.4329563812601,495.87657512116317,3095,1000,1000,FALSE,FALSE,-0.5960751383165814,no issue,FALSE
frame218__s78211,C:/R_projects/spat_1f_noise/processed_feed\rep36\processed_rep36__cam5_s78211_rank218.jpg,processed_rep36__cam5_s78211_rank218.jpg,TRUE,rep36,cam5,78211,218,0.9944058656692504,84.20074462890625,568.32220458984375,0.036635298281908035,68.411956787109375,516.04608154296875,0.07294607907533646,79.34265899658203,437.6318359375,0.07581441104412079,74.22097625329815,497.8812664907652,3028,1000,1000,FALSE,FALSE,-1.4137670952107362,no issue,FALSE
frame219__s78572,C:/R_projects/spat_1f_noise/processed_feed\rep36\processed_rep36__cam5_s78572_rank219.jpg,processed_rep36__cam5_s78572_rank219.jpg,TRUE,rep36,cam5,78572,219,0.9948751330375672,67.8483657836914,552.3441162109375,0.3148620128631592,74.06949615478516,483.6018371582031,0.38267675042152405,79.04640197753906,437.3570251464844,0.07130713760852814,72.5570806829595,494.05791764312016,2987,1000,1000,FALSE,FALSE,-1.8176048132747582,no issue,FALSE
frame220__s78932,C:/R_projects/spat_1f_noise/processed_feed\rep36\processed_rep36__cam5_s78932_rank220.jpg,processed_rep36__cam5_s78932_rank220.jpg,TRUE,rep36,cam5,78932,220,0.9965404272079468,67.4876708984375,566.936767578125,1.4834829568862915,71.1671371459961,513.22845458984375,0.044897157698869705,78.52606201171875,439.5356750488281,0.08147642761468887,70.652621421679,500.24670311997426,3112.5,1000,1000,FALSE,FALSE,-0.7392378207469671,no issue,FALSE
frame221__s79293,C:/R_projects/spat_1f_noise/processed_feed\rep36\processed_rep36__cam5_s79293_rank221.jpg,processed_rep36__cam5_s79293_rank221.jpg,TRUE,rep36,cam5,79293,221,0.9957661628723145,67.498260498046875,567.3001708984375,0.6463758945465088,71.17317962646484,516.2386474609375,0.053816113620996475,78.52302551269531,440.26910400390625,0.0858888030052185,71.25718954248366,499.3611111111111,3063,1000,1000,FALSE,FALSE,-1.1747656125741608,no issue,FALSE
frame222__s79653,C:/R_projects/spat_1f_noise/processed_feed\rep36\processed_rep36__cam5_s79653_rank222.jpg,processed_rep36__cam5_s79653_rank222.jpg,TRUE,rep36,cam5,79653,222,0.9974170923233032,33.75575256347656,558.197265625,0.07159723341464996,59.70829391479492,508.3695983886719,0.14358843863010406,78.245819091796875,438.6108093261719,0.21483977138996124,60.6038224813735,494.15354713313894,3087.5,1000,1000,FALSE,FALSE,-0.976921371923224,no issue,FALSE
frame223__s80013,C:/R_projects/spat_1f_noise/processed_feed\rep36\processed_rep36__cam5_s80013_rank223.jpg,processed_rep36__cam5_s80013_rank223.jpg,TRUE,rep36,cam5,80013,223,0.9979487061500548,38.588157653808594,545.5057373046875,0.05764225497841835,55.901912689208984,506.84295654296875,0.1638430505990982,76.925750732421875,438.2477111816406,0.20000596344470978,56.62249373433584,495.3568295739348,3193,1000,1000,TRUE,FALSE,0.07510411154158178,no issue,FALSE
frame224__s80374,C:/R_projects/spat_1f_noise/processed_feed\rep36\processed_rep36__cam5_s80374_rank224.jpg,processed_rep36__cam5_s80374_rank224.jpg,TRUE,rep36,cam5,80374,224,0.99479877948761,70.06257629394531,561.2559814453125,0.05041468143463135,62.63166809082031,517.6639404296875,0.09024890512228012,78.731964111328125,437.95269775390625,0.12265954911708832,69.41733996270976,499.69297700435055,3217,1000,1000,FALSE,FALSE,0.33526726707165927,no issue,FALSE
frame225__s80734,C:/R_projects/spat_1f_noise/processed_feed\rep36\processed_rep36__cam5_s80734_rank225.jpg,processed_rep36__cam5_s80734_rank225.jpg,TRUE,rep36,cam5,80734,225,0.993188738822937,79.350830078125,569.5035400390625,0.042369015514850616,61.990570068359375,517.36627197265625,0.08841339498758316,78.1108169555664,437.91900634765625,0.12920157611370087,69.11587982832619,499.90588595953403,3261,1000,1000,FALSE,FALSE,0.7378606755810341,no issue,FALSE
frame226__s81095,C:/R_projects/spat_1f_noise/processed_feed\rep36\processed_rep36__cam5_s81095_rank226.jpg,processed_rep36__cam5_s81095_rank226.jpg,TRUE,rep36,cam5,81095,226,0.9937064051628112,80.31340789794922,573.74810791015625,0.05244692042469978,61.85467529296875,517.841064453125,0.0932786762714386,77.85224151611328,438.3287353515625,0.12004084885120392,69.1856606136506,498.6261740763932,3193,1000,1000,FALSE,FALSE,0.2323923159878156,no issue,FALSE
frame227__s81455,C:/R_projects/spat_1f_noise/processed_feed\rep36\processed_rep36__cam5_s81455_rank227.jpg,processed_rep36__cam5_s81455_rank227.jpg,TRUE,rep36,cam5,81455,227,0.9930961728096008,81.91382598876953,572.72265625,0.033718038350343704,63.632720947265625,520.3775634765625,0.10290162265300751,78.25760650634766,439.36737060546875,0.1312848925590515,70.63154632785869,501.941431670282,3226.5,1000,1000,FALSE,FALSE,0.5650198909891546,no issue,FALSE
frame228__s81816,C:/R_projects/spat_1f_noise/processed_feed\rep36\processed_rep36__cam5_s81816_rank228.jpg,processed_rep36__cam5_s81816_rank228.jpg,TRUE,rep36,cam5,81816,228,0.9946618676185608,85.487457275390625,568.3609619140625,0.061058759689331055,61.10907745361328,517.154052734375,0.11546600610017776,78.17394256591797,437.2213134765625,0.1628435254096985,69.6261453879047,499.4337202199145,3269.5,1000,1000,FALSE,FALSE,0.9551162840534407,no issue,FALSE
frame229__s82176,C:/R_projects/spat_1f_noise/processed_feed\rep36\processed_rep36__cam5_s82176_rank229.jpg,processed_rep36__cam5_s82176_rank229.jpg,TRUE,rep36,cam5,82176,229,0.9984192848205566,50.516883850097656,572.5936279296875,0.1472136378288269,57.89314651489258,519.05279541015625,0.11547165364027023,77.56319427490234,436.87371826171875,0.17991778254508972,60.72787931534668,506.72410791993036,3449,1000,1000,FALSE,FALSE,2.333120333187335,too big,FALSE
frame230__s82537,C:/R_projects/spat_1f_noise/processed_feed\rep36\processed_rep36__cam5_s82537_rank230.jpg,processed_rep36__cam5_s82537_rank230.jpg,TRUE,rep36,cam5,82537,230,0.998394787311554,50.605377197265625,566.958984375,0.13516342639923096,59.1724967956543,518.55645751953125,0.13173437118530273,77.530609130859375,437.88555908203125,0.16384506225585938,61.76828537170264,506.01258992805754,3338,1000,1000,FALSE,FALSE,1.4442634733418513,no issue,FALSE
frame231__s82897,C:/R_projects/spat_1f_noise/processed_feed\rep36\processed_rep36__cam5_s82897_rank231.jpg,processed_rep36__cam5_s82897_rank231.jpg,TRUE,rep36,cam5,82897,231,0.994101583957672,81.2409896850586,569.560546875,0.04708009585738182,61.31826400756836,518.49334716796875,0.10467667877674103,77.50547790527344,440.0242919921875,0.14066889882087708,68.78106691335184,501.4372494603762,3243,1000,1000,FALSE,FALSE,0.7971214554927676,no issue,FALSE
frame232__s83257,C:/R_projects/spat_1f_noise/processed_feed\rep36\processed_rep36__cam5_s83257_rank232.jpg,processed_rep36__cam5_s83257_rank232.jpg,TRUE,rep36,cam5,83257,232,0.993493378162384,81.73895263671875,569.77294921875,0.057886213064193726,60.5728759765625,520.0419921875,0.11470238864421844,76.758697509765625,439.2290954589844,0.14575409889221191,68.34716417910448,502.7420895522388,3352.5,1000,1000,FALSE,FALSE,1.5301760843238874,no issue,FALSE
frame233__s83618,C:/R_projects/spat_1f_noise/processed_feed\rep36\processed_rep36__cam5_s83618_rank233.jpg,processed_rep36__cam5_s83618_rank233.jpg,TRUE,rep36,cam5,83618,233,0.9928107857704164,82.83065032958984,572.638671875,0.059396252036094666,63.02518844604492,516.65069580078125,0.11731124669313431,76.64144134521484,439.5117492675781,0.15743087232112885,69.81170641065346,500.71105605450606,3229,1000,1000,FALSE,FALSE,0.7199206497263855,no issue,FALSE
frame234__s83978,C:/R_projects/spat_1f_noise/processed_feed\rep36\processed_rep36__cam5_s83978_rank234.jpg,processed_rep36__cam5_s83978_rank234.jpg,TRUE,rep36,cam5,83978,234,0.9935657382011414,86.55586242675781,572.971435546875,0.06310776621103287,63.02098083496094,519.6280517578125,0.09941843897104263,76.64643859863281,438.99273681640625,0.14823266863822937,69.97797491587642,501.64301009483023,3269,1000,1000,FALSE,FALSE,0.981592373582167,no issue,FALSE
frame235__s84339,C:/R_projects/spat_1f_noise/processed_feed\rep36\processed_rep36__cam5_s84339_rank235.jpg,processed_rep36__cam5_s84339_rank235.jpg,TRUE,rep36,cam5,84339,235,0.9929049611091614,84.62187194824219,570.09466552734375,0.054074447602033615,61.241703033447266,518.021484375,0.10195501893758774,77.23865509033203,439.9117431640625,0.14772139489650726,69.3265306122449,500.68100470957614,3186,1000,1000,FALSE,FALSE,0.3686697370026523,no issue,FALSE
frame236__s84699,C:/R_projects/spat_1f_noise/processed_feed\rep36\processed_rep36__cam5_s84699_rank236.jpg,processed_rep36__cam5_s84699_rank236.jpg,TRUE,rep36,cam5,84699,236,0.992960512638092,82.755340576171875,570.173583984375,0.04975913465023041,63.265907287597656,517.93023681640625,0.08946889638900757,77.88298034667969,438.32122802734375,0.1108054593205452,70.41390009308098,500.46230220291653,3222,1000,1000,FALSE,FALSE,0.5895119910880499,no issue,FALSE
frame237__s85059,C:/R_projects/spat_1f_noise/processed_feed\rep36\processed_rep36__cam5_s85059_rank237.jpg,processed_rep36__cam5_s85059_rank237.jpg,TRUE,rep36,cam5,85059,237,0.9940937161445618,85.80751037597656,569.76519775390625,0.04405855014920235,66.044891357421875,518.849365234375,0.09318564832210541,78.39653015136719,439.3709716796875,0.11795792728662491,72.14276629570747,501.04069952305247,3144.5,1000,1000,FALSE,FALSE,0.15465037200805096,no issue,FALSE
frame238__s85420,C:/R_projects/spat_1f_noise/processed_feed\rep36\processed_rep36__cam5_s85420_rank238.jpg,processed_rep36__cam5_s85420_rank238.jpg,TRUE,rep36,cam5,85420,238,0.9932653903961182,83.78941345214844,566.8721923828125,0.03824438527226448,66.75460052490234,517.09906005859375,0.07823813706636429,77.70555114746094,439.9505920410156,0.11211023479700089,71.74561972744971,498.9325113562622,3079.5,1000,1000,FALSE,FALSE,-0.08287491127258023,no issue,FALSE
frame239__s85780,C:/R_projects/spat_1f_noise/processed_feed\rep36\processed_rep36__cam5_s85780_rank239.jpg,processed_rep36__cam5_s85780_rank239.jpg,TRUE,rep36,cam5,85780,239,0.9963229894638062,61.94775390625,551.46539306640625,0.5549721717834473,71.72534942626953,486.5823974609375,0.6829221844673157,77.83634185791016,440.41571044921875,0.11427874118089676,67.14523243976926,496.9104173736003,2950.5,1000,1000,FALSE,FALSE,-0.5194435297311754,no issue,FALSE
frame240__s86141,C:/R_projects/spat_1f_noise/processed_feed\rep36\processed_rep36__cam5_s86141_rank240.jpg,processed_rep36__cam5_s86141_rank240.jpg,TRUE,rep36,cam5,86141,240,0.9965305924415588,61.76767349243164,552.525146484375,1.1586437225341797,67.92823028564453,507.75909423828125,0.06927920877933502,77.78511810302734,440.61004638671875,0.12805980443954468,67.81046869654465,497.748888128635,2925.5,1000,1000,FALSE,FALSE,-0.4778846462403499,no issue,FALSE
frame241__s86501,C:/R_projects/spat_1f_noise/processed_feed\rep36\processed_rep36__cam5_s86501_rank241.jpg,processed_rep36__cam5_s86501_rank241.jpg,TRUE,rep36,cam5,86501,241,0.9960654377937316,68.52679443359375,559.4766845703125,0.28755220770835876,72.24922180175781,482.3788757324219,0.060372255742549896,78.45326232910156,438.8559265136719,0.07534921914339066,70.47612687813022,496.37495826377295,2993.5,1000,1000,FALSE,FALSE,-0.11078282158860024,no issue,FALSE
frame242__s86862,C:/R_projects/spat_1f_noise/processed_feed\rep36\processed_rep36__cam5_s86862_rank242.jpg,processed_rep36__cam5_s86862_rank242.jpg,TRUE,rep36,cam5,86862,242,0.9959408044815063,70.29740905761719,555.80023193359375,0.955778956413269,66.61324310302734,507.1173095703125,0.04867684096097946,78.89380645751953,438.46197509765625,0.0835551992058754,70.60338651904917,496.18397915988277,3067.5,1000,1000,FALSE,FALSE,0.23099992483676862,no issue,FALSE
frame243__s87222,C:/R_projects/spat_1f_noise/processed_feed\rep36\processed_rep36__cam5_s87222_rank243.jpg,processed_rep36__cam5_s87222_rank243.jpg,TRUE,rep36,cam5,87222,243,0.9967631101608276,72.59965515136719,557.87103271484375,0.24655021727085114,73.84843444824219,484.6291809082031,0.6479264497756958,78.84354400634766,438.6978454589844,0.04920672997832298,72.68408387762118,496.93984187005844,2907,1000,1000,FALSE,FALSE,-0.21882865993424538,no issue,FALSE
frame244__s87583,C:/R_projects/spat_1f_noise/processed_feed\rep36\processed_rep36__cam5_s87583_rank244.jpg,processed_rep36__cam5_s87583_rank244.jpg,TRUE,rep36,cam5,87583,244,0.9957197308540344,71.79583740234375,559.7252197265625,0.3272196352481842,69.39046478271484,506.30242919921875,0.021544689312577248,79.011962890625,439.2132873535156,0.05608495697379112,72.17702384951293,496.40006718172657,2976.5,1000,1000,FALSE,FALSE,0.08946796137087655,no issue,FALSE
frame245__s87943,C:/R_projects/spat_1f_noise/processed_feed\rep36\processed_rep36__cam5_s87943_rank245.jpg,processed_rep36__cam5_s87943_rank245.jpg,TRUE,rep36,cam5,87943,245,0.9969735145568848,71.90184020996094,552.55560302734375,1.0801658630371094,68.20591735839844,506.5277404785156,0.036008890718221664,78.06170654296875,439.3519287109375,0.061589766293764114,71.58315789473684,493.83298245614037,2848.5,1000,1000,FALSE,FALSE,-0.21390943263433604,no issue,FALSE
frame246__s88303,C:/R_projects/spat_1f_noise/processed_feed\rep36\processed_rep36__cam5_s88303_rank246.jpg,processed_rep36__cam5_s88303_rank246.jpg,TRUE,rep36,cam5,88303,246,0.9963665008544922,70.01673126220703,556.2274169921875,0.23107147216796875,68.80677795410156,505.35064697265625,0.04599577561020851,79.69635772705078,438.3422546386719,0.06846295297145844,71.59696865311747,494.793317258009,2899,1000,1000,FALSE,FALSE,0.028381423629895583,no issue,FALSE
frame247__s88664,C:/R_projects/spat_1f_noise/processed_feed\rep36\processed_rep36__cam5_s88664_rank247.jpg,processed_rep36__cam5_s88664_rank247.jpg,TRUE,rep36,cam5,88664,247,0.9963184595108032,71.9339599609375,556.4556884765625,0.9615455269813538,69.47112274169922,506.5037536621094,0.03661542385816574,79.322479248046875,439.06866455078125,0.06086165830492973,71.90125551408212,496.66813708856466,2945,1000,1000,FALSE,FALSE,0.25369710760866654,no issue,FALSE
frame248__s89024,C:/R_projects/spat_1f_noise/processed_feed\rep36\processed_rep36__cam5_s89024_rank248.jpg,processed_rep36__cam5_s89024_rank248.jpg,TRUE,rep36,cam5,89024,248,0.9955505132675172,69.040924072265625,565.076416015625,0.07512137293815613,65.37406158447266,516.39410400390625,0.04575006663799286,80.04151916503906,437.7532958984375,0.09863609075546265,71.41824722040549,496.8982995421844,3053,1000,1000,FALSE,FALSE,0.6971501986989309,no issue,FALSE
frame249__s89385,C:/R_projects/spat_1f_noise/processed_feed\rep36\processed_rep36__cam5_s89385_rank249.jpg,processed_rep36__cam5_s89385_rank249.jpg,TRUE,rep36,cam5,89385,249,0.9942733645439148,77.16981506347656,559.93829345703125,0.07738930732011795,74.74247741699219,511.25665283203125,0.067771807312965393,79.59716033935547,440.1065673828125,0.08062854409217834,77.12020962987226,496.27677694071406,3051,1000,1000,FALSE,FALSE,0.7739363395110435,no issue,FALSE
frame250__s89745,C:/R_projects/spat_1f_noise/processed_feed\rep36\processed_rep36__cam5_s89745_rank250.jpg,processed_rep36__cam5_s89745_rank250.jpg,TRUE,rep36,cam5,89745,250,0.9985596537590028,959.1478271484375,860.3048095703125,0.12305694818496704,914.35595703125,849.2235107421875,0.10585775226354599,834.72589111328125,831.98583984375,0.13063541054725647,904.3414634146342,844.3731707317073,3280,1000,1000,TRUE,FALSE,1.641702075961325,no issue,FALSE
frame251__s90106,C:/R_projects/spat_1f_noise/processed_feed\rep36\processed_rep36__cam5_s90106_rank251.jpg,processed_rep36__cam5_s90106_rank251.jpg,TRUE,rep36,cam5,90106,251,0.9983657002449036,895.71533203125,666.97930908203125,0.09271428734064102,869.70184326171875,744.1319580078125,0.14602437615394592,857.314453125,788.93011474609375,7.542248249053955,873.9739075762338,732.8035209053756,3185,1000,1000,FALSE,FALSE,1.4188625420170358,no issue,FALSE
frame252__s90466,C:/R_projects/spat_1f_noise/processed_feed\rep36\processed_rep36__cam5_s90466_rank252.jpg,processed_rep36__cam5_s90466_rank252.jpg,TRUE,rep36,cam5,90466,252,0.9987282156944276,958.5736083984375,511.7763671875,0.11156050115823746,905.19140625,560.4483642578125,0.6033614277839661,881.60400390625,584.1602783203125,0.08084918558597565,917.987084148728,543.7960861056752,2558,1000,1000,FALSE,FALSE,-0.6589660183493841,no issue,FALSE
frame253__s90826,C:/R_projects/spat_1f_noise/processed_feed\rep36\processed_rep36__cam5_s90826_rank253.jpg,processed_rep36__cam5_s90826_rank253.jpg,TRUE,rep36,cam5,90826,253,0.9982430934906006,871.0177001953125,589.64166259765625,0.0821584165096283,908.1422119140625,553.571533203125,0.10351084172725677,955.16668701171875,515.0137939453125,0.08329687267541885,916.3776,544.3024,2502,1000,1000,FALSE,FALSE,-0.8210441100031122,no issue,FALSE
frame254__s91187,C:/R_projects/spat_1f_noise/processed_feed\rep36\processed_rep36__cam5_s91187_rank254.jpg,processed_rep36__cam5_s91187_rank254.jpg,TRUE,rep36,cam5,91187,254,0.9987427592277528,956.7943115234375,512.33416748046875,0.11588054895401001,905.94598388671875,560.88427734375,2.0966663360595703,882.38214111328125,583.2919921875,0.09293542802333832,919.5438877755511,546.7062124248497,2493.5,1000,1000,FALSE,FALSE,-0.810958060465401,no issue,FALSE
frame255__s91547,C:/R_projects/spat_1f_noise/processed_feed\rep36\processed_rep36__cam5_s91547_rank255.jpg,processed_rep36__cam5_s91547_rank255.jpg,TRUE,rep36,cam5,91547,255,0.997934103012085,871.6337890625,591.2489013671875,0.09085723757743835,911.40533447265625,552.71240234375,0.10164406150579453,952.41973876953125,512.93280029296875,0.08498033136129379,917.035351483137,544.5318976026006,2464,1000,1000,FALSE,FALSE,-0.8851136450059329,no issue,FALSE
frame256__s91908,C:/R_projects/spat_1f_noise/processed_feed\rep36\processed_rep36__cam5_s91908_rank256.jpg,processed_rep36__cam5_s91908_rank256.jpg,TRUE,rep36,cam5,91908,256,0.9976416826248168,871.2286376953125,589.83331298828125,0.07538523524999619,911.99090576171875,551.47802734375,0.09488873183727264,953.98834228515625,514.3599853515625,0.12471868842840195,916.8821370309951,544.6676182707994,2456,1000,1000,FALSE,FALSE,-0.8520299436601133,no issue,FALSE
frame257__s92268,C:/R_projects/spat_1f_noise/processed_feed\rep36\processed_rep36__cam5_s92268_rank257.jpg,processed_rep36__cam5_s92268_rank257.jpg,TRUE,rep36,cam5,92268,257,0.9981881976127625,954.3797607421875,512.5611572265625,0.07274781167507172,901.927734375,558.30926513671875,0.13961109519004822,883.19488525390625,581.801513671875,0.0758415013551712,915.2818679007152,544.0298695835086,2378.5,1000,1000,FALSE,FALSE,-1.1278452601094888,no issue,FALSE
frame258__s92628,C:/R_projects/spat_1f_noise/processed_feed\rep36\processed_rep36__cam5_s92628_rank258.jpg,processed_rep36__cam5_s92628_rank258.jpg,TRUE,rep36,cam5,92628,258,0.9981853365898132,955.7037353515625,511.48590087890625,0.07369893789291382,902.4053955078125,557.5902099609375,0.24064901471138,881.33392333984375,582.511474609375,0.09201575815677643,915.3532,542.5124,2503,1000,1000,FALSE,FALSE,-0.6574371260337664,no issue,FALSE
frame259__s92989,C:/R_projects/spat_1f_noise/processed_feed\rep36\processed_rep36__cam5_s92989_rank259.jpg,processed_rep36__cam5_s92989_rank259.jpg,TRUE,rep36,cam5,92989,259,0.9985504746437072,870.61029052734375,587.95703125,0.10247078537940979,906.7745361328125,553.22808837890625,0.10692363977432251,954.162109375,517.2587890625,0.14366158843040466,916.1408045977012,543.5636288998357,2436,1000,1000,FALSE,FALSE,-0.8802634980933955,no issue,FALSE
frame260__s93349,C:/R_projects/spat_1f_noise/processed_feed\rep36\processed_rep36__cam5_s93349_rank260.jpg,processed_rep36__cam5_s93349_rank260.jpg,TRUE,rep36,cam5,93349,260,0.9980258941650392,870.366943359375,589.6455078125,0.08838506042957306,911.294921875,551.30712890625,0.12127172946929932,954.70343017578125,511.73193359375,0.10098239779472351,915.8734793187348,543.6147607461476,2467.5,1000,1000,FALSE,FALSE,-0.7725875892123375,no issue,FALSE
frame261__s93710,C:/R_projects/spat_1f_noise/processed_feed\rep36\processed_rep36__cam5_s93710_rank261.jpg,processed_rep36__cam5_s93710_rank261.jpg,TRUE,rep36,cam5,93710,261,0.9990735054016112,955.35211181640625,515.00286865234375,0.1446409821510315,901.77850341796875,558.65875244140625,1.445251703262329,881.8441162109375,582.357666015625,0.10557188093662262,917.5728424386382,544.5079176563737,2526.5,1000,1000,FALSE,FALSE,-0.5825293945285647,no issue,FALSE
frame262__s94070,C:/R_projects/spat_1f_noise/processed_feed\rep36\processed_rep36__cam5_s94070_rank262.jpg,processed_rep36__cam5_s94070_rank262.jpg,TRUE,rep36,cam5,94070,262,0.998418927192688,869.6890869140625,589.29638671875,0.06124917045235634,907.0179443359375,554.375732421875,0.08664169907569885,953.05694580078125,515.71356201171875,0.1428469866514206,915.7543788187372,544.7034623217922,2455.5,1000,1000,FALSE,FALSE,-0.8188415328880412,no issue,FALSE
frame263__s94431,C:/R_projects/spat_1f_noise/processed_feed\rep36\processed_rep36__cam5_s94431_rank263.jpg,processed_rep36__cam5_s94431_rank263.jpg,TRUE,rep36,cam5,94431,263,0.9981983304023744,870.01129150390625,588.4844970703125,0.07214345037937164,910.91925048828125,551.06591796875,0.0759405717253685,955.54620361328125,514.89459228515625,0.18056178092956543,916.9357835218094,543.7669628432957,2478,1000,1000,FALSE,FALSE,-0.7467339488454078,no issue,FALSE
frame264__s94791,C:/R_projects/spat_1f_noise/processed_feed\rep36\processed_rep36__cam5_s94791_rank264.jpg,processed_rep36__cam5_s94791_rank264.jpg,TRUE,rep36,cam5,94791,264,0.9984248876571656,873.2218017578125,589.10736083984375,0.12447894364595413,907.91778564453125,553.12640380859375,0.1757337749004364,956.244384765625,515.90472412109375,0.17032252252101898,917.519123505976,543.2521912350597,2513.5,1000,1000,FALSE,FALSE,-0.6329448928869441,no issue,FALSE
frame265__s95151,C:/R_projects/spat_1f_noise/processed_feed\rep36\processed_rep36__cam5_s95151_rank265.jpg,processed_rep36__cam5_s95151_rank265.jpg,TRUE,rep36,cam5,95151,265,0.9972501397132874,869.88104248046875,587.4368896484375,0.10725801438093185,910.76611328125,550.14862060546875,0.08929210901260376,956.6070556640625,516.5892333984375,0.14580917358398438,918.77030703459,542.70268169452,2573.5,1000,1000,FALSE,FALSE,-0.4452838029214156,no issue,FALSE
frame266__s95512,C:/R_projects/spat_1f_noise/processed_feed\rep36\processed_rep36__cam5_s95512_rank266.jpg,processed_rep36__cam5_s95512_rank266.jpg,TRUE,rep36,cam5,95512,266,0.998059093952179,869.881103515625,586.2794189453125,0.08689335733652115,908.21624755859375,552.7027587890625,0.08667773753404617,957.680908203125,516.638916015625,0.18712401390075684,918.3394160583941,543.1115166261152,2467.5,1000,1000,FALSE,FALSE,-0.7845734280879623,no issue,FALSE
frame267__s95872,C:/R_projects/spat_1f_noise/processed_feed\rep36\processed_rep36__cam5_s95872_rank267.jpg,processed_rep36__cam5_s95872_rank267.jpg,TRUE,rep36,cam5,95872,267,0.9978001713752748,869.49859619140625,586.8271484375,0.10763741284608841,910.5045166015625,550.97808837890625,0.08861259371042252,957.72344970703125,517.60137939453125,0.10535553097724915,919.1056170886076,543.4018987341772,2531,1000,1000,FALSE,FALSE,-0.578903254773372,no issue,FALSE
frame268__s96233,C:/R_projects/spat_1f_noise/processed_feed\rep36\processed_rep36__cam5_s96233_rank268.jpg,processed_rep36__cam5_s96233_rank268.jpg,TRUE,rep36,cam5,96233,268,0.998324453830719,871.68389892578125,588.8956298828125,0.07256177067756653,908.99102783203125,552.95404052734375,0.12959372997283936,957.490234375,513.29443359375,0.23054645955562592,919.4396320429283,541.8922958988118,2610.5,1000,1000,FALSE,FALSE,-0.3861516645843861,no issue,FALSE
frame269__s96593,C:/R_projects/spat_1f_noise/processed_feed\rep36\processed_rep36__cam5_s96593_rank269.jpg,processed_rep36__cam5_s96593_rank269.jpg,TRUE,rep36,cam5,96593,269,0.9980753660202026,872.968017578125,589.02947998046875,0.11705517023801804,909.07928466796875,554.4044189453125,0.1559848189353943,958.8880615234375,518.5428466796875,0.08132486790418625,920.6063912704599,543.5077942322681,2567,1000,1000,FALSE,FALSE,-0.5625142906381987,no issue,FALSE
frame270__s96953,C:/R_projects/spat_1f_noise/processed_feed\rep36\processed_rep36__cam5_s96953_rank270.jpg,processed_rep36__cam5_s96953_rank270.jpg,TRUE,rep36,cam5,96953,270,0.9982507824897766,960.84906005859375,518.24755859375,0.066600002348423,908.708251953125,554.403076171875,0.16979742050170898,882.63787841796875,580.58465576171875,0.09463337063789368,921.594028693292,543.8697169445521,2579.5,1000,1000,FALSE,FALSE,-0.5797440670419303,no issue,FALSE
frame271__s97314,C:/R_projects/spat_1f_noise/processed_feed\rep36\processed_rep36__cam5_s97314_rank271.jpg,processed_rep36__cam5_s97314_rank271.jpg,TRUE,rep36,cam5,97314,271,0.9983335137367249,961.2176513671875,517.2158203125,0.0756160318851471,910.0491943359375,554.4334716796875,0.9572930932044983,896.32110595703125,580.48583984375,0.08365540206432343,925.8906765676568,543.0222772277227,2428.5,1000,1000,FALSE,FALSE,-1.0884128184023818,no issue,FALSE
frame272__s97674,C:/R_projects/spat_1f_noise/processed_feed\rep36\processed_rep36__cam5_s97674_rank272.jpg,processed_rep36__cam5_s97674_rank272.jpg,TRUE,rep36,cam5,97674,272,0.9986257553100586,950.73291015625,542.47039794921875,0.08425992727279663,930.841552734375,520.017822265625,0.06654319912195206,988.0291748046875,481.349609375,0.15534892678260803,951.1388361796331,512.2065148640102,3164.5,1000,1000,TRUE,FALSE,1.0511700105888695,no issue,FALSE
frame273__s98035,C:/R_projects/spat_1f_noise/processed_feed\rep36\processed_rep36__cam5_s98035_rank273.jpg,processed_rep36__cam5_s98035_rank273.jpg,TRUE,rep36,cam5,98035,273,0.9980753660202026,939.7337646484375,597.60870361328125,0.04975220188498497,936.00225830078125,532.694580078125,0.10195384174585342,989.4864501953125,485.2572937011719,0.09921733289957047,949.5714285714286,528.6205714285715,3494.5,1000,1000,TRUE,FALSE,2.026489315251707,too big,FALSE
frame274__s98395,C:/R_projects/spat_1f_noise/processed_feed\rep36\processed_rep36__cam5_s98395_rank274.jpg,processed_rep36__cam5_s98395_rank274.jpg,TRUE,rep36,cam5,98395,274,0.9985492825508118,909.52459716796875,509.4755554199219,0.019109565764665604,957.940185546875,505.7455139160156,0.7187985777854919,988.97576904296875,499.5286865234375,0.08249757438898087,943.3418860379874,513.4108630456515,3004,1000,1000,TRUE,FALSE,0.4782862748299374,no issue,FALSE
frame275__s98755,C:/R_projects/spat_1f_noise/processed_feed\rep36\processed_rep36__cam5_s98755_rank275.jpg,processed_rep36__cam5_s98755_rank275.jpg,TRUE,rep36,cam5,98755,275,0.9986664056777954,914.73724365234375,501.7818908691406,0.03718738257884979,922.15203857421875,533.92962646484375,0.05128306895494461,988.88482666015625,500.54547119140625,0.06132373958826065,943.0003489183531,512.9483600837405,2866,1000,1000,TRUE,FALSE,-0.04524287223922029,no issue,FALSE
frame276__s99116,C:/R_projects/spat_1f_noise/processed_feed\rep36\processed_rep36__cam5_s99116_rank276.jpg,processed_rep36__cam5_s99116_rank276.jpg,TRUE,rep36,cam5,99116,276,0.997528612613678,920.83935546875,487.46441650390625,0.04531823471188545,920.83935546875,529.7183837890625,0.06895903497934341,988.902587890625,499.89202880859375,0.0654822587966919,939.577915376677,509.45407636738906,2903.5,1000,1000,TRUE,FALSE,-0.0014585868034148442,no issue,FALSE
frame277__s99476,C:/R_projects/spat_1f_noise/processed_feed\rep36\processed_rep36__cam5_s99476_rank277.jpg,processed_rep36__cam5_s99476_rank277.jpg,TRUE,rep36,cam5,99476,277,0.9990562796592712,898.47900390625,490.609130859375,0.05662054196000099,956.847412109375,509.28033447265625,0.6451274156570435,989.13623046875,499.3223571777344,0.07157127559185028,936.819329126536,511.7585519760877,3014,1000,1000,TRUE,FALSE,0.31515598472900974,no issue,FALSE
frame278__s99837,C:/R_projects/spat_1f_noise/processed_feed\rep36\processed_rep36__cam5_s99837_rank278.jpg,processed_rep36__cam5_s99837_rank278.jpg,TRUE,rep36,cam5,99837,278,0.9985777139663696,902.0445556640625,509.042724609375,0.07143678516149521,918.275634765625,542.4552001953125,0.07556473463773727,986.94549560546875,500.3802490234375,0.09211358428001404,938.1820020222447,517.8800134816313,2966,1000,1000,TRUE,FALSE,0.1956324848216459,no issue,FALSE
frame279__s100197,C:/R_projects/spat_1f_noise/processed_feed\rep36\processed_rep36__cam5_s100197_rank279.jpg,processed_rep36__cam5_s100197_rank279.jpg,TRUE,rep36,cam5,100197,279,0.9982672929763794,909.165771484375,580.04144287109375,0.10725805908441544,932.7620849609375,543.8829345703125,0.08760198950767517,986.1640625,501.4902038574219,0.11728597432374954,942.0470967741935,534.17,3099.5,1000,1000,TRUE,FALSE,0.3880087736293154,no issue,FALSE
frame280__s100557,C:/R_projects/spat_1f_noise/processed_feed\rep36\processed_rep36__cam5_s100557_rank280.jpg,processed_rep36__cam5_s100557_rank280.jpg,TRUE,rep36,cam5,100557,280,0.9986177682876588,861.3455810546875,507.1096496582031,0.07107942551374435,926.06512451171875,528.08770751953125,0.10794679820537567,985.80621337890625,498.4716491699219,0.07336074113845825,930.583280955374,512.220615964802,3177,1000,1000,TRUE,FALSE,0.4947060233050539,no issue,FALSE
frame281__s100918,C:/R_projects/spat_1f_noise/processed_feed\rep36\processed_rep36__cam5_s100918_rank281.jpg,processed_rep36__cam5_s100918_rank281.jpg,TRUE,rep36,cam5,100918,281,0.9986492991447448,857.682861328125,505.65985107421875,0.07108873873949051,924.95477294921875,529.0345458984375,0.10789823532104492,985.997802734375,499.5086364746094,0.07538381963968277,926.9324024119327,512.6680418914631,3146.5,1000,1000,TRUE,FALSE,0.4390933092944649,no issue,FALSE
frame282__s101278,C:/R_projects/spat_1f_noise/processed_feed\rep36\processed_rep36__cam5_s101278_rank282.jpg,processed_rep36__cam5_s101278_rank282.jpg,TRUE,rep36,cam5,101278,282,0.9989171028137208,860.87762451171875,506.74853515625,0.08563380688428879,925.4112548828125,529.00897216796875,0.09627088904380798,986.2218017578125,498.09173583984375,0.08250316977500916,929.3029020556228,512.3561064087062,3302.5,1000,1000,TRUE,FALSE,0.7037826000110653,no issue,FALSE
frame283__s101639,C:/R_projects/spat_1f_noise/processed_feed\rep36\processed_rep36__cam5_s101639_rank283.jpg,processed_rep36__cam5_s101639_rank283.jpg,TRUE,rep36,cam5,101639,283,0.9991851449012756,900.970947265625,510.8804626464844,0.04259905591607094,955.86114501953125,508.3876953125,2.2141032218933105,988.2962646484375,499.6629638671875,0.08133711665868759,937.7707345971564,515.2268957345972,3377,1000,1000,TRUE,FALSE,0.8198589536932167,no issue,FALSE
frame284__s101999,C:/R_projects/spat_1f_noise/processed_feed\rep36\processed_rep36__cam5_s101999_rank284.jpg,processed_rep36__cam5_s101999_rank284.jpg,TRUE,rep36,cam5,101999,284,0.9987504482269288,902.927490234375,498.0096130371094,0.08259386569261551,955.0205078125,509.12567138671875,0.05049888417124748,987.26861572265625,500.4798583984375,0.07594697177410126,938.6163879598662,514.1685618729097,2987,1000,1000,TRUE,FALSE,0.15666612473639085,no issue,FALSE
frame285__s102360,C:/R_projects/spat_1f_noise/processed_feed\rep36\processed_rep36__cam5_s102360_rank285.jpg,processed_rep36__cam5_s102360_rank285.jpg,TRUE,rep36,cam5,102360,285,0.998608648777008,900.99359130859375,496.7111511230469,0.08553989231586456,956.92962646484375,511.4694519042969,0.985692024230957,988.0052490234375,499.1708679199219,0.08732490241527557,937.101101749838,514.4782890473105,3086,1000,1000,TRUE,FALSE,0.2888776453157622,no issue,FALSE
frame286__s102720,C:/R_projects/spat_1f_noise/processed_feed\rep36\processed_rep36__cam5_s102720_rank286.jpg,processed_rep36__cam5_s102720_rank286.jpg,TRUE,rep36,cam5,102720,286,0.998699188232422,899.1468505859375,492.573486328125,0.08576678484678268,962.16766357421875,507.53826904296875,0.06645616143941879,989.35308837890625,490.079345703125,0.08762150257825851,937.3100505689001,512.5107458912769,3163,1000,1000,TRUE,FALSE,0.3863292544287367,no issue,FALSE
frame287__s103080,C:/R_projects/spat_1f_noise/processed_feed\rep36\processed_rep36__cam5_s103080_rank287.jpg,processed_rep36__cam5_s103080_rank287.jpg,TRUE,rep36,cam5,103080,287,0.9989281296730042,903.4342041015625,502.3709411621094,0.07246901094913483,960.85931396484375,503.6105651855469,0.41193103790283203,989.57183837890625,489.9746398925781,0.06151704490184784,940.2685404673214,513.4067050457162,2948.5,1000,1000,TRUE,FALSE,-0.013420150832242062,no issue,FALSE
frame288__s103441,C:/R_projects/spat_1f_noise/processed_feed\rep36\processed_rep36__cam5_s103441_rank288.jpg,processed_rep36__cam5_s103441_rank288.jpg,TRUE,rep36,cam5,103441,288,0.9993645548820496,906.32452392578125,512.6817626953125,5.44005823135376,921.1739501953125,536.37066650390625,0.05144308879971504,987.99627685546875,488.992919921875,0.10007988661527634,941.9479787939033,513.5374420145791,3018.5,1000,1000,TRUE,FALSE,0.10446671447242444,no issue,FALSE
frame289__s103801,C:/R_projects/spat_1f_noise/processed_feed\rep36\processed_rep36__cam5_s103801_rank289.jpg,processed_rep36__cam5_s103801_rank289.jpg,TRUE,rep36,cam5,103801,289,0.9991212487220764,903.31658935546875,510.1172180175781,0.06084636598825455,961.9234619140625,506.3977355957031,0.1464298963546753,989.35638427734375,491.5198974609375,0.08480817079544067,941.9497671324019,515.121756487026,3006.5,1000,1000,TRUE,FALSE,0.11215108934608244,no issue,FALSE
frame290__s104162,C:/R_projects/spat_1f_noise/processed_feed\rep36\processed_rep36__cam5_s104162_rank290.jpg,processed_rep36__cam5_s104162_rank290.jpg,TRUE,rep36,cam5,104162,290,0.9993950128555298,907.5135498046875,518.8314208984375,0.058907393366098404,922.40545654296875,540.0233154296875,0.054166022688150406,989.4190673828125,496.3929443359375,0.07546016573905945,940.8931320307875,516.1773238602724,3379.5,1000,1000,TRUE,FALSE,0.7680322002278127,no issue,FALSE
frame291__s104522,C:/R_projects/spat_1f_noise/processed_feed\rep36\processed_rep36__cam5_s104522_rank291.jpg,processed_rep36__cam5_s104522_rank291.jpg,TRUE,rep36,cam5,104522,291,0.9993531107902528,907.024658203125,519.5921630859375,0.07002326846122742,961.9813232421875,508.51666259765625,0.15903973579406738,989.459716796875,493.7493591308594,0.07149678468704224,943.2914967053656,515.1314716033887,3188,1000,1000,TRUE,FALSE,0.4155418442240281,no issue,FALSE
frame292__s104882,C:/R_projects/spat_1f_noise/processed_feed\rep36\processed_rep36__cam5_s104882_rank292.jpg,processed_rep36__cam5_s104882_rank292.jpg,TRUE,rep36,cam5,104882,292,0.9991057515144348,912.03887939453125,508.1594543457031,0.045990005135536194,961.4921875,506.923095703125,0.13075214624404907,989.9278564453125,494.55963134765625,0.08627893775701523,930.531914893617,516.9787234042553,47.5,1000,1000,FALSE,FALSE,-5.0224541759945485,too small,FALSE
frame293__s105243,C:/R_projects/spat_1f_noise/processed_feed\rep36\processed_rep36__cam5_s105243_rank293.jpg,processed_rep36__cam5_s105243_rank293.jpg,TRUE,rep36,cam5,105243,293,0.9987922310829164,881.952880859375,503.74139404296875,0.10833153128623962,930.255615234375,531.08709716796875,0.09039308875799179,988.46649169921875,493.7974853515625,0.05786532163619995,936.5627530364372,511.60386172531923,3203,1000,1000,TRUE,FALSE,0.4084081947013096,no issue,FALSE
frame294__s105603,C:/R_projects/spat_1f_noise/processed_feed\rep36\processed_rep36__cam5_s105603_rank294.jpg,processed_rep36__cam5_s105603_rank294.jpg,TRUE,rep36,cam5,105603,294,0.9990167617797852,894.15771484375,526.233642578125,0.2758691906929016,960.02880859375,511.3511962890625,0.038552913814783096,988.614501953125,495.22857666015625,0.06282234936952591,941.4672104404568,516.0345840130506,3057.5,1000,1000,TRUE,FALSE,0.1414786185903803,no issue,FALSE
frame295__s105964,C:/R_projects/spat_1f_noise/processed_feed\rep36\processed_rep36__cam5_s105964_rank295.jpg,processed_rep36__cam5_s105964_rank295.jpg,TRUE,rep36,cam5,105964,295,0.9989020824432372,886.8983154296875,518.41162109375,0.11532330513000488,930.391357421875,538.1485595703125,0.043898385018110275,987.5537109375,497.44110107421875,0.07771045714616776,941.3665551839465,517.3595317725752,2983,1000,1000,TRUE,FALSE,0.013177137161812945,no issue,FALSE
frame296__s106324,C:/R_projects/spat_1f_noise/processed_feed\rep36\processed_rep36__cam5_s106324_rank296.jpg,processed_rep36__cam5_s106324_rank296.jpg,TRUE,rep36,cam5,106324,296,0.998640477657318,891.480224609375,519.0926513671875,0.06561651825904846,927.7030029296875,538.74505615234375,0.06767895072698593,976.4163818359375,495.7553405761719,0.11476262658834457,935.7071802543006,517.0097232610321,2676.5,1000,1000,TRUE,FALSE,-0.5150440074743218,no issue,FALSE
frame297__s106684,C:/R_projects/spat_1f_noise/processed_feed\rep36\processed_rep36__cam5_s106684_rank297.jpg,processed_rep36__cam5_s106684_rank297.jpg,TRUE,rep36,cam5,106684,297,0.9977706670761108,906.6446533203125,514.81231689453125,0.026824893429875374,949.0145263671875,503.72271728515625,0.1416965276002884,977.67645263671875,493.8653564453125,0.08298555761575699,942.1639830508475,514.2004237288136,2361,1000,1000,TRUE,FALSE,-1.05785364946426,no issue,FALSE
frame298__s107045,C:/R_projects/spat_1f_noise/processed_feed\rep36\processed_rep36__cam5_s107045_rank298.jpg,processed_rep36__cam5_s107045_rank298.jpg,TRUE,rep36,cam5,107045,298,0.9988271594047546,911.00408935546875,521.96929931640625,0.48526448011398315,952.0821533203125,504.7730712890625,0.1756443977355957,978.22271728515625,494.9466552734375,0.09431638568639755,940.9533791109504,518.119262739429,2769.5,1000,1000,TRUE,FALSE,-0.37351645928199956,no issue,FALSE
frame299__s107405,C:/R_projects/spat_1f_noise/processed_feed\rep36\processed_rep36__cam5_s107405_rank299.jpg,processed_rep36__cam5_s107405_rank299.jpg,TRUE,rep36,cam5,107405,299,0.9984813332557678,919.96337890625,512.77435302734375,0.09038867056369781,950.957275390625,505.29217529296875,3.738801956176758,978.23193359375,494.06890869140625,0.11691022664308548,945.0801165331391,521.5855790240349,2752.5,1000,1000,TRUE,FALSE,-0.3926614148637782,no issue,FALSE
frame300__s107766,C:/R_projects/spat_1f_noise/processed_feed\rep36\processed_rep36__cam5_s107766_rank300.jpg,processed_rep36__cam5_s107766_rank300.jpg,TRUE,rep36,cam5,107766,300,0.9987435936927797,890.298828125,532.36907958984375,0.13286583125591278,927.5372314453125,556.11083984375,0.061945147812366486,975.94720458984375,497.38116455078125,0.1287507712841034,935.0068493150685,527.4545454545455,3211,1000,1000,TRUE,FALSE,0.3991520060225094,no issue,FALSE
frame301__s108126,C:/R_projects/spat_1f_noise/processed_feed\rep36\processed_rep36__cam5_s108126_rank301.jpg,processed_rep36__cam5_s108126_rank301.jpg,TRUE,rep36,cam5,108126,301,0.9988009929656982,896.1795654296875,524.3856201171875,0.06447508931159973,948.2725830078125,510.75372314453125,0.08291066437959671,978.0400390625,497.12176513671875,0.18268582224845886,936.1635850830461,524.9642745220934,3193,1000,1000,TRUE,FALSE,0.37585425450036913,no issue,FALSE
frame302__s108487,C:/R_projects/spat_1f_noise/processed_feed\rep36\processed_rep36__cam5_s108487_rank302.jpg,processed_rep36__cam5_s108487_rank302.jpg,TRUE,rep36,cam5,108487,302,0.9985540509223938,897.59771728515625,529.6910400390625,0.05396845564246178,947.5830078125,508.729736328125,0.27759894728660583,978.82379150390625,496.3995666503906,0.13139848411083221,938.1362169141381,525.5387346675275,3100,1000,1000,TRUE,FALSE,0.2171489883439589,no issue,FALSE
frame303__s108847,C:/R_projects/spat_1f_noise/processed_feed\rep36\processed_rep36__cam5_s108847_rank303.jpg,processed_rep36__cam5_s108847_rank303.jpg,TRUE,rep36,cam5,108847,303,0.9983968138694764,893.7003173828125,526.8297119140625,0.0648747980594635,932.4482421875,553.06146240234375,0.08304592221975327,976.1959228515625,496.85052490234375,0.21834483742713928,937.9121050985299,526.115107913669,3198.5,1000,1000,TRUE,FALSE,0.3616209624320573,no issue,FALSE
frame304__s109207,C:/R_projects/spat_1f_noise/processed_feed\rep36\processed_rep36__cam5_s109207_rank304.jpg,processed_rep36__cam5_s109207_rank304.jpg,TRUE,rep36,cam5,109207,304,0.998223602771759,904.1575927734375,535.68463134765625,1.095079779624939,947.7730712890625,507.29132080078125,0.6197261810302734,977.6807861328125,496.180908203125,0.1665077954530716,941.9531405782652,524.5327351279495,3012.5,1000,1000,TRUE,FALSE,0.023137512936499467,no issue,FALSE
frame305__s109568,C:/R_projects/spat_1f_noise/processed_feed\rep36\processed_rep36__cam5_s109568_rank305.jpg,processed_rep36__cam5_s109568_rank305.jpg,TRUE,rep36,cam5,109568,305,0.9981393814086914,889.233154296875,530.73065185546875,0.1278679370880127,933.95257568359375,549.43560791015625,0.05986395105719566,974.94537353515625,500.802734375,0.13135205209255219,936.2586872586872,525.4871884871885,2850.5,1000,1000,TRUE,FALSE,-0.2544816577428055,no issue,FALSE
frame306__s109928,C:/R_projects/spat_1f_noise/processed_feed\rep36\processed_rep36__cam5_s109928_rank306.jpg,processed_rep36__cam5_s109928_rank306.jpg,TRUE,rep36,cam5,109928,306,0.9988150596618652,892.37353515625,533.44476318359375,0.0793064683675766,945.8292236328125,513.46124267578125,0.26593783497810364,978.15130615234375,498.4735412597656,0.11747942864894867,935.5128044971892,526.9047470331043,3203,1000,1000,TRUE,FALSE,0.3485720200948235,no issue,FALSE
frame307__s110289,C:/R_projects/spat_1f_noise/processed_feed\rep36\processed_rep36__cam5_s110289_rank307.jpg,processed_rep36__cam5_s110289_rank307.jpg,TRUE,rep36,cam5,110289,307,0.9990574717521667,882.43994140625,532.8388671875,0.05991080775856972,924.77362060546875,547.71673583984375,0.06518375128507614,977.068115234375,498.1240234375,0.136503204703331,932.9051257561287,524.5864374403056,3141.5,1000,1000,TRUE,FALSE,0.2523354388928264,no issue,FALSE
frame308__s110649,C:/R_projects/spat_1f_noise/processed_feed\rep36\processed_rep36__cam5_s110649_rank308.jpg,processed_rep36__cam5_s110649_rank308.jpg,TRUE,rep36,cam5,110649,308,0.998590052127838,892.851806640625,509.5345764160156,0.06329622864723206,920.05859375,548.0294189453125,0.07780202478170395,978.18212890625,497.1168518066406,0.1289590746164322,932.2674524025385,522.2390450287096,3312.5,1000,1000,TRUE,FALSE,0.8499944840009386,no issue,FALSE
frame309__s111009,C:/R_projects/spat_1f_noise/processed_feed\rep36\processed_rep36__cam5_s111009_rank309.jpg,processed_rep36__cam5_s111009_rank309.jpg,TRUE,rep36,cam5,111009,309,0.9992852807044984,906.6424560546875,525.626708984375,0.23584423959255219,949.0421142578125,513.19512939453125,0.32966530323028564,977.7242431640625,499.5205078125,0.11558889597654343,936.2778966676857,522.8887190461633,3264.5,1000,1000,TRUE,FALSE,0.6375365407293874,no issue,FALSE
frame310__s111370,C:/R_projects/spat_1f_noise/processed_feed\rep36\processed_rep36__cam5_s111370_rank310.jpg,processed_rep36__cam5_s111370_rank310.jpg,TRUE,rep36,cam5,111370,310,0.9990087747573853,895.0673828125,522.2183837890625,0.07660786062479019,925.0028076171875,550.70440673828125,0.04559377208352089,977.3897705078125,498.68646240234375,0.1524122655391693,933.9292831886853,525.3526197364191,3116.5,1000,1000,TRUE,FALSE,0.006472172681087049,no issue,FALSE
frame311__s111730,C:/R_projects/spat_1f_noise/processed_feed\rep36\processed_rep36__cam5_s111730_rank311.jpg,processed_rep36__cam5_s111730_rank311.jpg,TRUE,rep36,cam5,111730,311,0.9982080459594728,871.92291259765625,520.54058837890625,0.07056156545877457,921.908447265625,547.69085693359375,0.06410033255815506,978.1422119140625,499.5608215332031,0.1433439552783966,931.3503048780487,524.1246951219512,3279.5,1000,1000,TRUE,FALSE,0.47759406629082113,no issue,FALSE
frame312__s112091,C:/R_projects/spat_1f_noise/processed_feed\rep36\processed_rep36__cam5_s112091_rank312.jpg,processed_rep36__cam5_s112091_rank312.jpg,TRUE,rep36,cam5,112091,312,0.9990363121032716,889.65399169921875,532.68975830078125,0.09024853259325027,943.3419189453125,514.0093994140625,0.08673505485057831,970.81005859375,496.5743713378906,0.14049579203128815,931.2181653590827,527.4728424864212,3312.5,1000,1000,TRUE,FALSE,0.5546934604428729,no issue,FALSE
frame313__s112451,C:/R_projects/spat_1f_noise/processed_feed\rep36\processed_rep36__cam5_s112451_rank313.jpg,processed_rep36__cam5_s112451_rank313.jpg,TRUE,rep36,cam5,112451,313,0.9986397624015808,891.9422607421875,534.466552734375,0.0827784314751625,933.1900634765625,549.41009521484375,0.028621159493923187,969.4381103515625,495.8623046875,0.17035305500030518,931.0942172073343,527.8897038081806,3540.5,1000,1000,TRUE,FALSE,1.4408019770084106,no issue,FALSE
frame314__s112811,C:/R_projects/spat_1f_noise/processed_feed\rep36\processed_rep36__cam5_s112811_rank314.jpg,processed_rep36__cam5_s112811_rank314.jpg,TRUE,rep36,cam5,112811,314,0.998833954334259,885.42242431640625,531.64910888671875,0.13830648362636566,929.0426025390625,558.9874267578125,0.06480689346790314,970.170166015625,496.8548889160156,0.14730307459831238,931.5106046217157,529.8309591642925,3161.5,1000,1000,FALSE,FALSE,-0.20726824332026128,no issue,FALSE
frame315__s113172,C:/R_projects/spat_1f_noise/processed_feed\rep36\processed_rep36__cam5_s113172_rank315.jpg,processed_rep36__cam5_s113172_rank315.jpg,TRUE,rep36,cam5,113172,315,0.9980059266090392,880.327392578125,536.1171875,0.0509517639875412,926.2529296875,543.50067138671875,0.05490737408399582,958.52484130859375,494.2772216796875,0.1418008655309677,923.6429920664904,527.5300340007556,2648.5,1000,1000,FALSE,FALSE,-2.643079858790145,too small,FALSE
frame316__s113532,C:/R_projects/spat_1f_noise/processed_feed\rep36\processed_rep36__cam5_s113532_rank316.jpg,processed_rep36__cam5_s113532_rank316.jpg,TRUE,rep36,cam5,113532,316,0.9983968138694764,886.30133056640625,538.793701171875,0.05809653550386429,940.611083984375,513.9085693359375,0.051790811121463776,962.82867431640625,491.5118713378906,0.15931163728237152,928.0476351351351,528.9466216216216,2961.5,1000,1000,FALSE,FALSE,-1.1417882607032963,no issue,FALSE
frame317__s113893,C:/R_projects/spat_1f_noise/processed_feed\rep36\processed_rep36__cam5_s113893_rank317.jpg,processed_rep36__cam5_s113893_rank317.jpg,TRUE,rep36,cam5,113893,317,0.9987890124320984,892.49114990234375,551.640869140625,0.06605740636587143,935.889892578125,549.17169189453125,0.04821126535534859,963.1690673828125,491.1463928222656,0.23862917721271515,929.8886804252658,534.2435897435897,3199.5,1000,1000,FALSE,FALSE,-0.061253377370963286,no issue,FALSE
frame318__s114253,C:/R_projects/spat_1f_noise/processed_feed\rep36\processed_rep36__cam5_s114253_rank318.jpg,processed_rep36__cam5_s114253_rank318.jpg,TRUE,rep36,cam5,114253,318,0.998577356338501,885.48760986328125,541.002197265625,0.0832521915435791,928.79632568359375,560.92657470703125,0.038149408996105194,959.7310791015625,488.7005310058594,0.1612783968448639,926.7147610405324,535.4470659407139,3306,1000,1000,FALSE,FALSE,0.4287922585528344,no issue,FALSE
frame319__s114614,C:/R_projects/spat_1f_noise/processed_feed\rep36\processed_rep36__cam5_s114614_rank319.jpg,processed_rep36__cam5_s114614_rank319.jpg,TRUE,rep36,cam5,114614,319,0.9985404014587402,891.8380126953125,548.286865234375,0.09798182547092438,942.6480712890625,555.704833984375,0.05386004596948624,961.2371826171875,488.9437255859375,0.19361186027526855,931.0344043218653,539.9798123400626,3516,1000,1000,FALSE,FALSE,1.3895688158745703,no issue,FALSE
frame320__s114974,C:/R_projects/spat_1f_noise/processed_feed\rep36\processed_rep36__cam5_s114974_rank320.jpg,processed_rep36__cam5_s114974_rank320.jpg,TRUE,rep36,cam5,114974,320,0.9982140064239502,887.7137451171875,540.3355712890625,0.08083026111125946,933.359375,555.29132080078125,0.04400210827589035,958.03271484375,489.2367858886719,0.2044823318719864,928.367895065584,533.446908182386,3200.5,1000,1000,FALSE,FALSE,-0.08919955194191181,no issue,FALSE
frame321__s115334,C:/R_projects/spat_1f_noise/processed_feed\rep36\processed_rep36__cam5_s115334_rank321.jpg,processed_rep36__cam5_s115334_rank321.jpg,TRUE,rep36,cam5,115334,321,0.998665452003479,892.70654296875,547.22662353515625,0.09110752493143082,938.3961181640625,544.73089599609375,0.05753602087497711,954.4493408203125,483.5843505859375,0.17853038012981415,929.7314569536424,529.1096026490067,3018,1000,1000,FALSE,FALSE,-1.0412282616659467,no issue,FALSE
frame322__s115695,C:/R_projects/spat_1f_noise/processed_feed\rep36\processed_rep36__cam5_s115695_rank322.jpg,processed_rep36__cam5_s115695_rank322.jpg,TRUE,rep36,cam5,115695,322,0.9985600113868712,895.17974853515625,548.76092529296875,0.1059785783290863,938.34832763671875,545.056884765625,0.06335621327161789,954.38232421875,484.5580749511719,0.19004032015800476,930.155418559377,529.714795587281,3084.5,1000,1000,FALSE,FALSE,-0.6977527468734933,no issue,FALSE
frame323__s116055,C:/R_projects/spat_1f_noise/processed_feed\rep36\processed_rep36__cam5_s116055_rank323.jpg,processed_rep36__cam5_s116055_rank323.jpg,TRUE,rep36,cam5,116055,323,0.9978027939796448,891.5911865234375,549.0491943359375,0.10511380434036255,939.98052978515625,552.77471923828125,0.08026628941297531,954.8695068359375,484.47283935546875,0.17361034452915192,931.0532170775707,533.6211665664462,3323,1000,1000,FALSE,FALSE,0.435066604278701,no issue,FALSE
frame324__s116416,C:/R_projects/spat_1f_noise/processed_feed\rep36\processed_rep36__cam5_s116416_rank324.jpg,processed_rep36__cam5_s116416_rank324.jpg,TRUE,rep36,cam5,116416,324,0.9982594847679138,889.1116943359375,546.1510009765625,0.11697133630514145,941.3455810546875,549.88836669921875,0.06777112931013107,957.51318359375,483.861328125,0.131355881690979,930.8632555356074,532.8456014362657,3337.5,1000,1000,FALSE,FALSE,0.5409597809176858,no issue,FALSE
frame325__s116776,C:/R_projects/spat_1f_noise/processed_feed\rep36\processed_rep36__cam5_s116776_rank325.jpg,processed_rep36__cam5_s116776_rank325.jpg,TRUE,rep36,cam5,116776,325,0.998582363128662,882.27667236328125,549.99847412109375,0.10107707232236862,935.42657470703125,556.205322265625,0.04857300594449043,957.67529296875,482.9647216796875,0.1442088782787323,929.1490507225843,532.9181071124965,3522.5,1000,1000,FALSE,FALSE,1.375619951170078,no issue,FALSE
frame326__s117136,C:/R_projects/spat_1f_noise/processed_feed\rep36\processed_rep36__cam5_s117136_rank326.jpg,processed_rep36__cam5_s117136_rank326.jpg,TRUE,rep36,cam5,117136,326,0.9979204535484314,879.049072265625,535.8616943359375,0.10464610159397125,939.713134765625,556.9276123046875,0.10933404415845871,954.5697021484375,483.8164978027344,0.1850166767835617,926.8154050464807,535.201593625498,3765.5,1000,1000,FALSE,FALSE,2.3820198731884092,too big,FALSE
frame327__s117497,C:/R_projects/spat_1f_noise/processed_feed\rep36\processed_rep36__cam5_s117497_rank327.jpg,processed_rep36__cam5_s117497_rank327.jpg,TRUE,rep36,cam5,117497,327,0.9987059831619264,887.0477294921875,549.8729248046875,0.08596544712781906,938.91204833984375,546.1229248046875,0.08300559967756271,952.49560546875,483.62335205078125,0.18420130014419556,928.631007751938,530.3724031007752,3220,1000,1000,FALSE,FALSE,-0.14525292584793553,no issue,FALSE
frame328__s117857,C:/R_projects/spat_1f_noise/processed_feed\rep36\processed_rep36__cam5_s117857_rank328.jpg,processed_rep36__cam5_s117857_rank328.jpg,TRUE,rep36,cam5,117857,328,0.9985912442207336,891.86309814453125,538.873779296875,0.09629834443330765,938.8079833984375,548.8505859375,0.04190885275602341,956.10345458984375,482.7542419433594,0.1472492516040802,928.2991279069768,531.622965116279,3443,1000,1000,FALSE,FALSE,0.8374581572119777,no issue,FALSE
frame329__s118218,C:/R_projects/spat_1f_noise/processed_feed\rep36\processed_rep36__cam5_s118218_rank329.jpg,processed_rep36__cam5_s118218_rank329.jpg,TRUE,rep36,cam5,118218,329,0.9981820583343506,893.11798095703125,534.68096923828125,0.07408656924962997,935.369140625,549.514892578125,0.04165419191122055,956.4947509765625,482.7621765136719,0.1503337174654007,927.9622181596587,529.6919561243144,3281,1000,1000,FALSE,FALSE,0.15407300267785168,no issue,FALSE
frame330__s118578,C:/R_projects/spat_1f_noise/processed_feed\rep36\processed_rep36__cam5_s118578_rank330.jpg,processed_rep36__cam5_s118578_rank330.jpg,TRUE,rep36,cam5,118578,330,0.9987103939056396,888.53485107421875,537.37615966796875,0.09810637682676315,932.9927978515625,539.86517333984375,0.05147811397910118,951.516845703125,482.6185302734375,0.12929537892341614,925.1227722772277,524.5392739273927,3030.5,1000,1000,FALSE,FALSE,-0.951277271758284,no issue,FALSE
frame331__s118939,C:/R_projects/spat_1f_noise/processed_feed\rep36\processed_rep36__cam5_s118939_rank331.jpg,processed_rep36__cam5_s118939_rank331.jpg,TRUE,rep36,cam5,118939,331,0.9985886216163636,887.33978271484375,533.136474609375,0.0721406415104866,936.76239013671875,531.89495849609375,0.04858125373721123,951.589111328125,480.9927062988281,0.17232045531272888,925.5194546059196,523.8387096774194,3006,1000,1000,FALSE,FALSE,-1.3218375387416748,no issue,FALSE
frame332__s119299,C:/R_projects/spat_1f_noise/processed_feed\rep36\processed_rep36__cam5_s119299_rank332.jpg,processed_rep36__cam5_s119299_rank332.jpg,TRUE,rep36,cam5,119299,332,0.9983503818511964,880.3182373046875,533.63238525390625,0.09409798681735992,932.34063720703125,545.98272705078125,0.0733523815870285,955.87457275390625,486.7010803222656,0.12758687138557434,924.6295839753467,528.3500770416025,3243,1000,1000,FALSE,FALSE,-0.10486299369706517,no issue,FALSE
frame333__s119659,C:/R_projects/spat_1f_noise/processed_feed\rep36\processed_rep36__cam5_s119659_rank333.jpg,processed_rep36__cam5_s119659_rank333.jpg,TRUE,rep36,cam5,119659,333,0.9985699653625488,884.52392578125,538.19036865234375,0.07553976029157639,933.1888427734375,545.5965576171875,0.0658232718706131,954.40179443359375,488.81597900390625,0.16813085973262787,925.4718149234278,528.2205930270446,3069.5,1000,1000,FALSE,FALSE,-0.9676671386236906,no issue,FALSE
frame334__s120020,C:/R_projects/spat_1f_noise/processed_feed\rep36\processed_rep36__cam5_s120020_rank334.jpg,processed_rep36__cam5_s120020_rank334.jpg,TRUE,rep36,cam5,120020,334,0.9984545707702636,879.7879638671875,535.98199462890625,0.07282280176877975,931.6422119140625,545.8564453125,0.07422354072332382,945.22314453125,485.3752136230469,0.1498507708311081,922.3671924290221,528.0053627760252,3168,1000,1000,FALSE,FALSE,-0.3770933004161967,no issue,FALSE
frame335__s120380,C:/R_projects/spat_1f_noise/processed_feed\rep36\processed_rep36__cam5_s120380_rank335.jpg,processed_rep36__cam5_s120380_rank335.jpg,TRUE,rep36,cam5,120380,335,0.9981415271759032,881.2138671875,536.2928466796875,0.08209529519081116,932.017822265625,546.18121337890625,0.07660780847072601,943.16986083984375,481.90716552734375,0.1795380860567093,922.0748858447489,527.6462709284627,3288.5,1000,1000,FALSE,FALSE,0.3009783348615834,no issue,FALSE
frame336__s120741,C:/R_projects/spat_1f_noise/processed_feed\rep36\processed_rep36__cam5_s120741_rank336.jpg,processed_rep36__cam5_s120741_rank336.jpg,TRUE,rep36,cam5,120741,336,0.9983593821525574,891.45416259765625,547.34844970703125,0.09708589315414429,937.3465576171875,547.34844970703125,0.08335823565721512,943.54827880859375,481.7095642089844,0.1649269461631775,927.5391519653358,529.1906530485918,3232.5,1000,1000,FALSE,FALSE,0.09624103497893034,no issue,FALSE
frame337__s121101,C:/R_projects/spat_1f_noise/processed_feed\rep36\processed_rep36__cam5_s121101_rank337.jpg,processed_rep36__cam5_s121101_rank337.jpg,TRUE,rep36,cam5,121101,337,0.998641550540924,886.87249755859375,537.84967041015625,0.054725758731365204,930.60174560546875,542.7916259765625,0.06330672651529312,945.59454345703125,481.01727294921875,0.13592220842838287,923.1693548387096,526.6635483870967,3102,1000,1000,FALSE,FALSE,-0.4219047560489473,no issue,FALSE
frame338__s121461,C:/R_projects/spat_1f_noise/processed_feed\rep36\processed_rep36__cam5_s121461_rank338.jpg,processed_rep36__cam5_s121461_rank338.jpg,TRUE,rep36,cam5,121461,338,0.9978935122489928,877.96295166015625,533.6390380859375,0.09099675714969635,928.71038818359375,548.52587890625,0.08176904916763306,946.038818359375,480.29486083984375,0.1289256513118744,921.4731051344743,526.0959657701711,3274,1000,1000,FALSE,FALSE,0.3319653729038706,no issue,FALSE
frame339__s121822,C:/R_projects/spat_1f_noise/processed_feed\rep36\processed_rep36__cam5_s121822_rank339.jpg,processed_rep36__cam5_s121822_rank339.jpg,TRUE,rep36,cam5,121822,339,0.9985703229904176,884.23431396484375,539.65020751953125,0.08097969740629196,930.02081298828125,542.1297607421875,0.08756672590970993,943.633056640625,480.1421813964844,0.14162686467170715,921.3979023271058,526.0196656833825,3051,1000,1000,FALSE,FALSE,-0.45978530779723936,no issue,FALSE
frame340__s122182,C:/R_projects/spat_1f_noise/processed_feed\rep36\processed_rep36__cam5_s122182_rank340.jpg,processed_rep36__cam5_s122182_rank340.jpg,TRUE,rep36,cam5,122182,340,0.9978965520858764,876.644775390625,526.7259521484375,0.07500068098306656,927.77880859375,549.13397216796875,0.06171600893139839,946.486328125,484.39971923828125,0.14907673001289368,918.9204875217644,528.9701102727801,3447.5,1000,1000,FALSE,FALSE,1.0802448914899603,no issue,FALSE
frame341__s122543,C:/R_projects/spat_1f_noise/processed_feed\rep36\processed_rep36__cam5_s122543_rank341.jpg,processed_rep36__cam5_s122543_rank341.jpg,TRUE,rep36,cam5,122543,341,0.9981310963630676,877.20880126953125,521.2054443359375,0.06595560908317566,930.79046630859375,552.3475341796875,0.06199980899691582,948.235595703125,482.5892639160156,0.10590051114559174,921.6008438818566,527.5580872011252,3551.5,1000,1000,FALSE,FALSE,1.3103939017245314,no issue,FALSE
frame342__s122903,C:/R_projects/spat_1f_noise/processed_feed\rep36\processed_rep36__cam5_s122903_rank342.jpg,processed_rep36__cam5_s122903_rank342.jpg,TRUE,rep36,cam5,122903,342,0.9971253275871276,877.74224853515625,529.19732666015625,0.08432874828577042,929.9720458984375,556.58935546875,0.0620214082300663,943.6512451171875,484.37408447265625,0.15208612382411957,920.0485381776895,532.5739426625036,3524.5,1000,1000,FALSE,FALSE,1.193061860221545,no issue,FALSE
frame343__s123264,C:/R_projects/spat_1f_noise/processed_feed\rep36\processed_rep36__cam5_s123264_rank343.jpg,processed_rep36__cam5_s123264_rank343.jpg,TRUE,rep36,cam5,123264,343,0.9981991648674012,876.23992919921875,523.8060302734375,0.05463552847504616,926.027099609375,548.78680419921875,0.06638447940349579,944.697265625,487.5838928222656,0.1325913667678833,915.939519715387,529.5375037058998,3372,1000,1000,FALSE,FALSE,0.5551707818245425,no issue,FALSE
frame344__s123624,C:/R_projects/spat_1f_noise/processed_feed\rep36\processed_rep36__cam5_s123624_rank344.jpg,processed_rep36__cam5_s123624_rank344.jpg,TRUE,rep36,cam5,123624,344,0.9968844056129456,960.0791015625,527.73876953125,0.04534461349248886,911.668701171875,568.4427490234375,0.0237230584025383,914.15130615234375,524.03839111328125,0.0998738557100296,927.0735604461863,549.5149231233042,3315.5,1000,1000,FALSE,FALSE,0.4369090044295058,no issue,FALSE
frame345__s123984,C:/R_projects/spat_1f_noise/processed_feed\rep36\processed_rep36__cam5_s123984_rank345.jpg,processed_rep36__cam5_s123984_rank345.jpg,TRUE,rep36,cam5,123984,345,0.9989527463912964,879.83612060546875,575.2274169921875,0.12519486248493195,908.3492431640625,555.4884033203125,0.06710546463727951,962.8961181640625,511.07568359375,0.1988886594772339,925.3885011631771,542.333998005982,3010.5,1000,1000,FALSE,FALSE,-0.5073481277771724,no issue,FALSE
frame346__s124345,C:/R_projects/spat_1f_noise/processed_feed\rep36\processed_rep36__cam5_s124345_rank346.jpg,processed_rep36__cam5_s124345_rank346.jpg,TRUE,rep36,cam5,124345,346,0.999261200428009,882.236083984375,582.50115966796875,0.24651359021663666,908.449462890625,557.530029296875,0.08168481290340424,970.8623046875,518.8248291015625,0.07455215603113174,929.6356923076924,544.996,3252,1000,1000,FALSE,FALSE,0.10378036990458563,no issue,FALSE
frame347__s124705,C:/R_projects/spat_1f_noise/processed_feed\rep36\processed_rep36__cam5_s124705_rank347.jpg,processed_rep36__cam5_s124705_rank347.jpg,TRUE,rep36,cam5,124705,347,0.9994031190872192,859.9879150390625,573.84991455078125,0.0958966463804245,921.2171630859375,549.15765380859375,0.06891658902168274,966.20184326171875,513.35394287109375,0.10989868640899658,923.6061312895702,540.8830389870043,3000.5,1000,1000,FALSE,FALSE,-0.6234968243939736,no issue,FALSE
frame348__s125066,C:/R_projects/spat_1f_noise/processed_feed\rep36\processed_rep36__cam5_s125066_rank348.jpg,processed_rep36__cam5_s125066_rank348.jpg,TRUE,rep36,cam5,125066,348,0.9991612434387208,858.38287353515625,574.031982421875,0.06423087418079376,920.6995849609375,549.096435546875,0.04996700957417488,966.81396484375,511.693115234375,0.14592796564102173,923.829619921363,540.5396461336828,3051,1000,1000,FALSE,FALSE,-0.5075114478479876,no issue,FALSE
frame349__s125426,C:/R_projects/spat_1f_noise/processed_feed\rep36\processed_rep36__cam5_s125426_rank349.jpg,processed_rep36__cam5_s125426_rank349.jpg,TRUE,rep36,cam5,125426,349,0.999171257019043,859.9859619140625,571.31744384765625,0.05460679158568382,919.35906982421875,549.11871337890625,0.06782082468271255,962.65185546875,509.6542663574219,0.14645525813102722,921.6915662650603,539.4271944922548,2903,1000,1000,FALSE,FALSE,-0.9359992760584711,no issue,FALSE
frame350__s125787,C:/R_projects/spat_1f_noise/processed_feed\rep36\processed_rep36__cam5_s125787_rank350.jpg,processed_rep36__cam5_s125787_rank350.jpg,TRUE,rep36,cam5,125787,350,0.9988753199577332,879.14312744140625,559.6676025390625,0.056562475860118866,916.4530029296875,548.4915771484375,0.06511088460683823,963.71221923828125,508.7545166015625,0.25200554728507996,920.3795570698467,538.6671209540034,2931.5,1000,1000,FALSE,FALSE,-0.8842627636368396,no issue,FALSE
frame351__s126147,C:/R_projects/spat_1f_noise/processed_feed\rep36\processed_rep36__cam5_s126147_rank351.jpg,processed_rep36__cam5_s126147_rank351.jpg,TRUE,rep36,cam5,126147,351,0.9988566637039183,863.01123046875,566.064697265625,0.07388396561145782,926.349853515625,545.040771484375,0.06697098910808563,961.12396240234375,507.9395751953125,0.08253497630357742,922.3553019145803,537.5983063328424,2714.5,1000,1000,FALSE,FALSE,-1.4480704643035092,no issue,FALSE
frame352__s126507,C:/R_projects/spat_1f_noise/processed_feed\rep36\processed_rep36__cam5_s126507_rank352.jpg,processed_rep36__cam5_s126507_rank352.jpg,TRUE,rep36,cam5,126507,352,0.9986054301261902,860.92779541015625,564.8505859375,0.04215572774410248,924.5540771484375,544.95263671875,0.054208725690841675,959.48614501953125,506.4002990722656,0.14706340432167053,921.6270387821675,536.6875679594056,2756,1000,1000,FALSE,FALSE,-1.3604472431802708,no issue,FALSE
frame353__s126868,C:/R_projects/spat_1f_noise/processed_feed\rep36\processed_rep36__cam5_s126868_rank353.jpg,processed_rep36__cam5_s126868_rank353.jpg,TRUE,rep36,cam5,126868,353,0.9988635778427124,960.45867919921875,508.32891845703125,0.12988704442977905,912.00439453125,547.94610595703125,3.255164623260498,877.2166748046875,559.08843994140625,0.06392330676317215,921.5534918276375,537.622956909361,2689,1000,1000,FALSE,FALSE,-1.5590511932935984,no issue,FALSE
frame354__s127228,C:/R_projects/spat_1f_noise/processed_feed\rep36\processed_rep36__cam5_s127228_rank354.jpg,processed_rep36__cam5_s127228_rank354.jpg,TRUE,rep36,cam5,127228,354,0.9991294741630554,964.210205078125,507.5047607421875,0.09967300295829773,915.73968505859375,549.9053955078125,0.2481783777475357,877.2117919921875,558.63494873046875,0.0668153390288353,923.1268415379087,536.9665828242903,2781,1000,1000,FALSE,FALSE,-1.3412031815026055,no issue,FALSE
frame355__s127589,C:/R_projects/spat_1f_noise/processed_feed\rep36\processed_rep36__cam5_s127589_rank355.jpg,processed_rep36__cam5_s127589_rank355.jpg,TRUE,rep36,cam5,127589,355,0.9991520643234252,863.69873046875,565.666015625,0.04704277962446213,919.66162109375,544.74078369140625,0.04907533898949623,963.1883544921875,507.8138732910156,0.09469521045684814,922.952380952381,534.2531135531135,2727.5,1000,1000,FALSE,FALSE,-1.5181437952936765,no issue,FALSE
frame356__s127949,C:/R_projects/spat_1f_noise/processed_feed\rep36\processed_rep36__cam5_s127949_rank356.jpg,processed_rep36__cam5_s127949_rank356.jpg,TRUE,rep36,cam5,127949,356,0.9978334307670592,959.010009765625,582.4639892578125,0.06231774017214775,935.31378173828125,518.0902099609375,0.08422563970088959,870.4610595703125,545.32525634765625,0.10316785424947739,920.6459083890891,536.4706639217704,3878.5,1000,1000,FALSE,FALSE,1.3053088906994856,no issue,FALSE
frame357__s128309,C:/R_projects/spat_1f_noise/processed_feed\rep36\processed_rep36__cam5_s128309_rank357.jpg,processed_rep36__cam5_s128309_rank357.jpg,TRUE,rep36,cam5,128309,357,0.996589422225952,988.2489013671875,546.7232666015625,0.06304453313350677,934.75396728515625,509.6096496582031,0.07764313369989395,867.5743408203125,543.011962890625,0.05364536866545677,924.2724425887266,525.5456680584551,3831.5,1000,1000,TRUE,FALSE,1.212556091028798,no issue,FALSE
frame358__s128670,C:/R_projects/spat_1f_noise/processed_feed\rep36\processed_rep36__cam5_s128670_rank358.jpg,processed_rep36__cam5_s128670_rank358.jpg,TRUE,rep36,cam5,128670,358,0.9977178573608398,979.71484375,542.890380859375,0.05880258232355118,933.6494140625,503.4140625,0.09247326105833054,867.66387939453125,533.02130126953125,0.10545165091753006,922.7339099465785,519.8763673365556,3926,1000,1000,TRUE,FALSE,1.470149582407148,no issue,FALSE
frame359__s129030,C:/R_projects/spat_1f_noise/processed_feed\rep36\processed_rep36__cam5_s129030_rank359.jpg,processed_rep36__cam5_s129030_rank359.jpg,TRUE,rep36,cam5,129030,359,0.9987332224845886,964.308837890625,511.1230163574219,1.43748140335083,938.1109619140625,494.8770446777344,0.039031874388456345,868.249755859375,522.3702392578125,0.09076044708490372,911.1578583765112,511.5692573402418,2892,1000,1000,FALSE,FALSE,-1.0914221483187718,no issue,FALSE
frame360__s129391,C:/R_projects/spat_1f_noise/processed_feed\rep36\processed_rep36__cam5_s129391_rank360.jpg,processed_rep36__cam5_s129391_rank360.jpg,TRUE,rep36,cam5,129391,360,0.9977726340293884,930.16595458984375,609.77740478515625,0.07440285384654999,940.1566162109375,562.453369140625,0.12374494969844818,887.70538330078125,496.44891357421875,0.1534721702337265,921.5313365215203,548.9124087591241,3972,1000,1000,FALSE,FALSE,1.5629484574860149,no issue,FALSE
frame361__s129751,C:/R_projects/spat_1f_noise/processed_feed\rep36\processed_rep36__cam5_s129751_rank361.jpg,processed_rep36__cam5_s129751_rank361.jpg,TRUE,rep36,cam5,129751,361,0.997918426990509,964.5799560546875,558.41998291015625,0.06828766316175461,917.320068359375,575.8504638671875,0.03482595831155777,887.47186279296875,497.4134826660156,0.1405080407857895,918.1478047450232,547.8579220070902,3664,1000,1000,FALSE,FALSE,0.7662426883843801,no issue,FALSE
frame362__s130112,C:/R_projects/spat_1f_noise/processed_feed\rep36\processed_rep36__cam5_s130112_rank362.jpg,processed_rep36__cam5_s130112_rank362.jpg,TRUE,rep36,cam5,130112,362,0.998138427734375,965.2501220703125,563.4227294921875,0.09705349057912827,913.22540283203125,565.90869140625,0.06665743887424469,889.6904296875,497.5445556640625,0.1564682126045227,918.8580144204104,547.2004991680533,3608.5,1000,1000,FALSE,FALSE,0.6043207282149734,no issue,FALSE
frame363__s130472,C:/R_projects/spat_1f_noise/processed_feed\rep36\processed_rep36__cam5_s130472_rank363.jpg,processed_rep36__cam5_s130472_rank363.jpg,TRUE,rep36,cam5,130472,363,0.9989472031593324,953.03839111328125,565.81671142578125,0.13618238270282745,906.22161865234375,563.33746337890625,0.07466944307088852,887.7412109375,497.6365966796875,0.1345546990633011,914.0891285835935,549.0916832245246,3524,1000,1000,FALSE,FALSE,0.35843802240109,no issue,FALSE
frame364__s130833,C:/R_projects/spat_1f_noise/processed_feed\rep36\processed_rep36__cam5_s130833_rank364.jpg,processed_rep36__cam5_s130833_rank364.jpg,TRUE,rep36,cam5,130833,364,0.9982630610466005,948.200927734375,561.71435546875,0.1511409878730774,898.46856689453125,566.6650390625,0.07087542861700058,881.0621337890625,497.3548583984375,0.1107565388083458,907.0026983270373,547.8559093362115,3709,1000,1000,FALSE,FALSE,0.8140589088940828,no issue,FALSE
frame365__s131193,C:/R_projects/spat_1f_noise/processed_feed\rep36\processed_rep36__cam5_s131193_rank365.jpg,processed_rep36__cam5_s131193_rank365.jpg,TRUE,rep36,cam5,131193,365,0.9983402490615844,941.6021728515625,569.7685546875,0.12215553224086761,895.889404296875,567.2950439453125,0.07628948241472244,881.063720703125,498.0379943847656,0.14059801399707794,904.0769452449567,548.456772334294,3473,1000,1000,FALSE,FALSE,0.15558634644541317,no issue,FALSE
frame366__s131553,C:/R_projects/spat_1f_noise/processed_feed\rep36\processed_rep36__cam5_s131553_rank366.jpg,processed_rep36__cam5_s131553_rank366.jpg,TRUE,rep36,cam5,131553,366,0.9983932375907898,947.682373046875,563.80828857421875,0.10021795332431793,895.47796630859375,567.55548095703125,0.05766715854406357,879.3194580078125,497.6076965332031,0.0884326621890068,904.7332450331126,548.3846357615894,3777,1000,1000,FALSE,FALSE,0.928295333785165,no issue,FALSE
frame367__s131914,C:/R_projects/spat_1f_noise/processed_feed\rep36\processed_rep36__cam5_s131914_rank367.jpg,processed_rep36__cam5_s131914_rank367.jpg,TRUE,rep36,cam5,131914,367,0.9987919926643372,939.77227783203125,566.065673828125,0.13194598257541656,893.9732666015625,568.538330078125,0.06499328464269638,879.1195068359375,501.776611328125,0.18880613148212433,902.9394362266257,550.1783421713648,3584,1000,1000,FALSE,FALSE,0.384522120491377,no issue,FALSE
frame368__s132274,C:/R_projects/spat_1f_noise/processed_feed\rep36\processed_rep36__cam5_s132274_rank368.jpg,processed_rep36__cam5_s132274_rank368.jpg,TRUE,rep36,cam5,132274,368,0.9983489513397216,939.722412109375,564.33563232421875,0.10266357660293579,893.70294189453125,568.08038330078125,0.05995684862136841,878.7777099609375,503.1721496582031,0.12242094427347183,902.7100058173356,548.9173938336241,3438.5,1000,1000,FALSE,FALSE,-0.08241276046799144,no issue,FALSE
frame369__s132635,C:/R_projects/spat_1f_noise/processed_feed\rep36\processed_rep36__cam5_s132635_rank369.jpg,processed_rep36__cam5_s132635_rank369.jpg,TRUE,rep36,cam5,132635,369,0.9979402422904968,946.1732177734375,551.6695556640625,0.10979670286178589,896.82000732421875,572.864501953125,0.05096478387713432,878.3125,504.2927551269531,0.13344168663024902,905.5301897642323,548.7162162162163,3476,1000,1000,FALSE,FALSE,-0.03681354507947919,no issue,FALSE
frame370__s132995,C:/R_projects/spat_1f_noise/processed_feed\rep36\processed_rep36__cam5_s132995_rank370.jpg,processed_rep36__cam5_s132995_rank370.jpg,TRUE,rep36,cam5,132995,370,0.9977276921272278,951.79937744140625,556.4124755859375,0.0873684510588646,896.9708251953125,566.39453125,0.07405301183462143,880.771484375,502.7590637207031,0.11994562298059464,907.6063569682152,548.295571855474,3682,1000,1000,FALSE,FALSE,0.6628297247327563,no issue,FALSE
frame371__s133355,C:/R_projects/spat_1f_noise/processed_feed\rep36\processed_rep36__cam5_s133355_rank371.jpg,processed_rep36__cam5_s133355_rank371.jpg,TRUE,rep36,cam5,133355,371,0.9973058700561525,953.1177978515625,554.12420654296875,0.09978483617305756,898.674072265625,570.2041015625,0.0752248466014862,881.35101318359375,504.6475830078125,0.12838149070739746,907.2276510067114,547.1468456375839,3728,1000,1000,FALSE,FALSE,0.885356431206291,no issue,FALSE
frame372__s133716,C:/R_projects/spat_1f_noise/processed_feed\rep36\processed_rep36__cam5_s133716_rank372.jpg,processed_rep36__cam5_s133716_rank372.jpg,TRUE,rep36,cam5,133716,372,0.9987706542015076,958.7821044921875,567.32659912109375,0.10607554018497467,902.90313720703125,564.85205078125,0.09300690144300461,883.0350341796875,507.93743896484375,0.16394256055355072,910.8132692885019,550.1059741819273,3333,1000,1000,FALSE,FALSE,-0.8047177986422239,no issue,FALSE
frame373__s134076,C:/R_projects/spat_1f_noise/processed_feed\rep36\processed_rep36__cam5_s134076_rank373.jpg,processed_rep36__cam5_s134076_rank373.jpg,TRUE,rep36,cam5,134076,373,0.9990899562835692,945.1221923828125,566.9759521484375,0.08180640637874603,900.60906982421875,563.24658203125,0.07137415558099747,882.0618896484375,504.8196716308594,0.1343528926372528,906.8842748091603,547.0622900763359,3274,1000,1000,FALSE,FALSE,-1.0524870386262455,no issue,FALSE
frame374__s134437,C:/R_projects/spat_1f_noise/processed_feed\rep36\processed_rep36__cam5_s134437_rank374.jpg,processed_rep36__cam5_s134437_rank374.jpg,TRUE,rep36,cam5,134437,374,0.9964655637741088,945.88140869140625,558.9283447265625,0.07858537882566452,899.7308349609375,563.89697265625,0.08123757690191269,888.5050048828125,498.0628662109375,0.12417563050985336,907.7543503480279,545.6569025522042,3448.5,1000,1000,FALSE,FALSE,-0.22178809304923877,no issue,FALSE
frame375__s134797,C:/R_projects/spat_1f_noise/processed_feed\rep36\processed_rep36__cam5_s134797_rank375.jpg,processed_rep36__cam5_s134797_rank375.jpg,TRUE,rep36,cam5,134797,375,0.9983466863632202,940.088623046875,566.1419677734375,0.05117099732160568,896.859375,563.64697265625,0.06074784696102142,888.2135009765625,497.5291748046875,0.09605945646762848,906.0573580533024,546.0590961761297,3452,1000,1000,FALSE,FALSE,-0.3612139048974286,no issue,FALSE
frame376__s135158,C:/R_projects/spat_1f_noise/processed_feed\rep36\processed_rep36__cam5_s135158_rank376.jpg,processed_rep36__cam5_s135158_rank376.jpg,TRUE,rep36,cam5,135158,376,0.9973815083503724,950.83013916015625,551.472900390625,0.07854349166154861,899.6378173828125,565.06536865234375,0.09029710292816162,890.897705078125,499.574462890625,0.14378784596920013,909.6235923423424,547.0762950450451,3547.5,1000,1000,FALSE,FALSE,0.3426750924389522,no issue,FALSE
frame377__s135518,C:/R_projects/spat_1f_noise/processed_feed\rep36\processed_rep36__cam5_s135518_rank377.jpg,processed_rep36__cam5_s135518_rank377.jpg,TRUE,rep36,cam5,135518,377,0.9978575110435486,949.189208984375,543.8663330078125,0.04822608456015587,899.58526611328125,563.635009765625,0.08221755176782608,887.184326171875,499.38671875,0.14764930307865143,910.9034171138096,545.789607455521,3536.5,1000,1000,FALSE,FALSE,0.36188536447498104,no issue,FALSE
frame378__s135878,C:/R_projects/spat_1f_noise/processed_feed\rep36\processed_rep36__cam5_s135878_rank378.jpg,processed_rep36__cam5_s135878_rank378.jpg,TRUE,rep36,cam5,135878,378,0.9975318908691406,946.4111328125,550.39111328125,0.09063254296779633,899.17120361328125,564.02716064453125,0.08175711333751678,887.9827880859375,498.3262634277344,0.12173549830913544,909.4402390438247,545.5085372794537,3510,1000,1000,FALSE,FALSE,0.24093297319813886,no issue,FALSE
frame379__s136239,C:/R_projects/spat_1f_noise/processed_feed\rep36\processed_rep36__cam5_s136239_rank379.jpg,processed_rep36__cam5_s136239_rank379.jpg,TRUE,rep36,cam5,136239,379,0.997994899749756,953.47296142578125,554.9771728515625,0.10811685025691986,901.45318603515625,563.724853515625,0.07964467257261276,887.82891845703125,499.9917297363281,0.15512192249298096,910.2871590560834,545.7863928899785,3264,1000,1000,FALSE,FALSE,-1.1652655649959553,no issue,FALSE
frame380__s136599,C:/R_projects/spat_1f_noise/processed_feed\rep36\processed_rep36__cam5_s136599_rank380.jpg,processed_rep36__cam5_s136599_rank380.jpg,TRUE,rep36,cam5,136599,380,0.9968252182006836,962.2515869140625,553.8209228515625,0.10395129024982452,903.537353515625,566.20391845703125,0.07262320071458817,887.2972412109375,499.3358154296875,0.09521216154098511,911.3476242490442,543.083833970508,3669,1000,1000,FALSE,FALSE,1.3029057699573747,no issue,FALSE
frame381__s136960,C:/R_projects/spat_1f_noise/processed_feed\rep36\processed_rep36__cam5_s136960_rank381.jpg,processed_rep36__cam5_s136960_rank381.jpg,TRUE,rep36,cam5,136960,381,0.998400866985321,953.7298583984375,565.209228515625,0.12582850456237793,900.203125,563.96710205078125,0.09081240743398666,885.265380859375,503.10308837890625,0.17323319613933563,909.0994100294985,547.79203539823,3392.5,1000,1000,FALSE,FALSE,-0.27885943381025385,no issue,FALSE
frame382__s137320,C:/R_projects/spat_1f_noise/processed_feed\rep36\processed_rep36__cam5_s137320_rank382.jpg,processed_rep36__cam5_s137320_rank382.jpg,TRUE,rep36,cam5,137320,382,0.9986409544944764,950.25439453125,566.98480224609375,0.12568698823451996,900.83013916015625,566.98480224609375,0.09106197953224182,883.5316162109375,507.0521240234375,0.14104361832141876,907.7513416815742,549.0271317829457,3356,1000,1000,FALSE,FALSE,-0.45437516403718436,no issue,FALSE
frame383__s137680,C:/R_projects/spat_1f_noise/processed_feed\rep36\processed_rep36__cam5_s137680_rank383.jpg,processed_rep36__cam5_s137680_rank383.jpg,TRUE,rep36,cam5,137680,383,0.998828113079071,945.37017822265625,566.16357421875,0.09519825130701065,899.220947265625,564.9229736328125,0.07214494794607162,883.00634765625,506.6116638183594,0.11887401342391968,907.0018231540565,549.102096627165,3292,1000,1000,FALSE,FALSE,-0.8507106411368163,no issue,FALSE
frame384__s138041,C:/R_projects/spat_1f_noise/processed_feed\rep36\processed_rep36__cam5_s138041_rank384.jpg,processed_rep36__cam5_s138041_rank384.jpg,TRUE,rep36,cam5,138041,384,0.9980212450027466,947.7052001953125,562.96307373046875,0.08475273102521896,900.5069580078125,562.96307373046875,0.08971305936574936,883.1181640625,505.8758544921875,0.1156543642282486,907.723715651135,546.2491039426524,3348.5,1000,1000,FALSE,FALSE,-0.5287686130170864,no issue,FALSE
frame385__s138401,C:/R_projects/spat_1f_noise/processed_feed\rep36\processed_rep36__cam5_s138401_rank385.jpg,processed_rep36__cam5_s138401_rank385.jpg,TRUE,rep36,cam5,138401,385,0.9985721111297609,958.0850830078125,552.3326416015625,0.08741603046655655,903.7548828125,567.30767822265625,0.06944365799427032,882.763671875,513.6470947265625,0.13946756720542908,912.840172786177,549.5970379512496,3237.5,1000,1000,FALSE,FALSE,-1.1931799961480982,no issue,FALSE
frame386__s138762,C:/R_projects/spat_1f_noise/processed_feed\rep36\processed_rep36__cam5_s138762_rank386.jpg,processed_rep36__cam5_s138762_rank386.jpg,TRUE,rep36,cam5,138762,386,0.9986209869384766,955.80145263671875,555.36651611328125,0.0929216518998146,906.41259765625,570.16424560546875,0.06365538388490677,882.952880859375,509.74005126953125,0.13856159150600433,911.7525556223692,548.447684906795,3326.5,1000,1000,FALSE,FALSE,-0.6557060961696942,no issue,FALSE
frame387__s139122,C:/R_projects/spat_1f_noise/processed_feed\rep36\processed_rep36__cam5_s139122_rank387.jpg,processed_rep36__cam5_s139122_rank387.jpg,TRUE,rep36,cam5,139122,387,0.9989043474197388,964.84014892578125,584.569091796875,0.05724406614899635,907.74951171875,572.16748046875,0.11479084193706512,885.40960693359375,506.43896484375,0.180086150765419,915.2282491944146,556.5649838882922,3726.5,1000,1000,FALSE,FALSE,1.6625498814128026,no issue,FALSE
frame388__s139482,C:/R_projects/spat_1f_noise/processed_feed\rep36\processed_rep36__cam5_s139482_rank388.jpg,processed_rep36__cam5_s139482_rank388.jpg,TRUE,rep36,cam5,139482,388,0.9988369345664978,955.10552978515625,576.89306640625,0.09715668857097626,906.661376953125,571.9405517578125,0.08020317554473877,884.302490234375,506.3205261230469,0.19211053848266602,911.5535867390684,553.5307230637325,3500.5,1000,1000,FALSE,FALSE,0.3379411362003739,no issue,FALSE
frame389__s139843,C:/R_projects/spat_1f_noise/processed_feed\rep36\processed_rep36__cam5_s139843_rank389.jpg,processed_rep36__cam5_s139843_rank389.jpg,TRUE,rep36,cam5,139843,389,0.9959730505943298,948.973388671875,563.831298828125,0.12175457924604416,896.827880859375,570.080078125,0.09287935495376587,898.0694580078125,498.8444519042969,0.11045964807271957,908.1400669642857,549.2240513392857,3578.5,1000,1000,FALSE,FALSE,0.7798673202242837,no issue,FALSE
frame390__s140203,C:/R_projects/spat_1f_noise/processed_feed\rep36\processed_rep36__cam5_s140203_rank390.jpg,processed_rep36__cam5_s140203_rank390.jpg,TRUE,rep36,cam5,140203,390,0.9966323971748352,940.3817138671875,568.25164794921875,0.09293195605278015,892.947998046875,564.5030517578125,0.08730009943246841,896.69281005859375,497.0282287597656,0.10848377645015717,905.0736543909348,546.4552407932011,3523,1000,1000,FALSE,FALSE,0.45991778706417674,no issue,FALSE
frame391__s140564,C:/R_projects/spat_1f_noise/processed_feed\rep36\processed_rep36__cam5_s140564_rank391.jpg,processed_rep36__cam5_s140564_rank391.jpg,TRUE,rep36,cam5,140564,391,0.9966559410095216,947.687744140625,563.0264892578125,0.07562031596899033,898.4447021484375,563.0264892578125,0.09102505445480347,895.98260498046875,500.03436279296875,0.11962016671895981,907.9709285078611,544.6805102343518,3369,1000,1000,FALSE,FALSE,-0.4688499248448526,no issue,FALSE
frame392__s140924,C:/R_projects/spat_1f_noise/processed_feed\rep36\processed_rep36__cam5_s140924_rank392.jpg,processed_rep36__cam5_s140924_rank392.jpg,TRUE,rep36,cam5,140924,392,0.9965930581092834,953.25006103515625,558.9190673828125,0.08560173213481903,902.33770751953125,556.4271240234375,0.10991853475570679,896.12890625,500.359375,0.12472587078809738,912.5001649620588,543.5127020785219,3028.5,1000,1000,FALSE,FALSE,-1.8415709613925935,no issue,FALSE
frame393__s141285,C:/R_projects/spat_1f_noise/processed_feed\rep36\processed_rep36__cam5_s141285_rank393.jpg,processed_rep36__cam5_s141285_rank393.jpg,TRUE,rep36,cam5,141285,393,0.9967758059501648,953.460205078125,556.8411865234375,0.16832047700881958,902.4727783203125,563.03314208984375,0.09390152990818024,895.0111083984375,499.875244140625,0.11002817749977112,911.1973302379571,543.8432965757399,3441,1000,1000,FALSE,FALSE,-0.22301434178043122,no issue,FALSE
frame394__s141645,C:/R_projects/spat_1f_noise/processed_feed\rep36\processed_rep36__cam5_s141645_rank394.jpg,processed_rep36__cam5_s141645_rank394.jpg,TRUE,rep36,cam5,141645,394,0.997267723083496,956.108154296875,556.8253173828125,0.13136720657348633,903.12530517578125,563.04827880859375,0.09529929608106613,899.4288330078125,498.3293151855469,0.1612531989812851,913.4195678271309,545.2385954381753,3329.5,1000,1000,FALSE,FALSE,-0.67775871287548,no issue,FALSE
frame395__s142006,C:/R_projects/spat_1f_noise/processed_feed\rep36\processed_rep36__cam5_s142006_rank395.jpg,processed_rep36__cam5_s142006_rank395.jpg,TRUE,rep36,cam5,142006,395,0.9963422417640686,957.10479736328125,556.35833740234375,0.16258232295513153,902.50311279296875,561.309814453125,0.0784762054681778,901.26220703125,500.65423583984375,0.17609627544879913,913.7165157664689,545.1052138620043,3200.5,1000,1000,FALSE,FALSE,-1.1556104827032225,no issue,FALSE
frame396__s142366,C:/R_projects/spat_1f_noise/processed_feed\rep36\processed_rep36__cam5_s142366_rank396.jpg,processed_rep36__cam5_s142366_rank396.jpg,TRUE,rep36,cam5,142366,396,0.996856927871704,956.79010009765625,558.54052734375,0.1540127694606781,902.26934814453125,562.28692626953125,0.09042583405971527,901.0302734375,497.3482971191406,0.15427958965301514,914.6496660595021,545.9028536733455,3292,1000,1000,FALSE,FALSE,-0.7918177207356177,no issue,FALSE
frame397__s142726,C:/R_projects/spat_1f_noise/processed_feed\rep36\processed_rep36__cam5_s142726_rank397.jpg,processed_rep36__cam5_s142726_rank397.jpg,TRUE,rep36,cam5,142726,397,0.9969480633735656,955.7374267578125,545.247802734375,0.05621306225657463,905.0504150390625,563.95452880859375,0.09348076581954956,896.396484375,501.5988464355469,0.1330736130475998,915.3767862350539,545.5243511227764,3422,1000,1000,FALSE,FALSE,-0.32173113919087315,no issue,FALSE
frame398__s143087,C:/R_projects/spat_1f_noise/processed_feed\rep36\processed_rep36__cam5_s143087_rank398.jpg,processed_rep36__cam5_s143087_rank398.jpg,TRUE,rep36,cam5,143087,398,0.9963298439979552,957.7340087890625,540.163818359375,0.10009115934371948,905.91802978515625,564.84857177734375,0.06772375106811523,896.04833984375,500.6681823730469,0.135459765791893,916.7874659400545,544.2346049046322,3662,1000,1000,FALSE,FALSE,0.604298575599306,no issue,FALSE
frame399__s143447,C:/R_projects/spat_1f_noise/processed_feed\rep36\processed_rep36__cam5_s143447_rank399.jpg,processed_rep36__cam5_s143447_rank399.jpg,TRUE,rep36,cam5,143447,399,0.996533989906311,955.1170654296875,545.50531005859375,0.07961741089820862,904.06060791015625,562.89306640625,0.08060169219970703,901.570068359375,500.7938232421875,0.16742920875549316,917.3922222222222,546.2208333333333,3590.5,1000,1000,FALSE,FALSE,0.3377456311521627,no issue,FALSE
frame400__s143808,C:/R_projects/spat_1f_noise/processed_feed\rep36\processed_rep36__cam5_s143808_rank400.jpg,processed_rep36__cam5_s143808_rank400.jpg,TRUE,rep36,cam5,143808,400,0.995253562927246,957.087158203125,537.5899658203125,0.1154974028468132,903.80548095703125,558.57958984375,0.08710285276174545,902.5662841796875,498.080078125,0.13549287617206573,918.6654200230149,541.9131185270426,3467.5,1000,1000,FALSE,FALSE,-0.14487955239677297,no issue,FALSE
frame401__s144168,C:/R_projects/spat_1f_noise/processed_feed\rep36\processed_rep36__cam5_s144168_rank401.jpg,processed_rep36__cam5_s144168_rank401.jpg,TRUE,rep36,cam5,144168,401,0.9957664012908936,957.2557373046875,621.07147216796875,0.08109800517559052,909.77349853515625,575.19873046875,0.12032786756753922,897.27813720703125,502.05023193359375,0.1762324720621109,915.2877507919746,562.9527455121436,3785,1000,1000,FALSE,FALSE,1.0234767152183568,no issue,FALSE
frame402__s144528,C:/R_projects/spat_1f_noise/processed_feed\rep36\processed_rep36__cam5_s144528_rank402.jpg,processed_rep36__cam5_s144528_rank402.jpg,TRUE,rep36,cam5,144528,402,0.995677888393402,949.9766845703125,615.76123046875,0.08647634088993073,905.59783935546875,579.64495849609375,0.14230938255786896,906.83056640625,502.4308776855469,0.1961698830127716,912.2512077294685,563.292270531401,3725.5,1000,1000,FALSE,FALSE,0.7432165028266418,no issue,FALSE
frame403__s144889,C:/R_projects/spat_1f_noise/processed_feed\rep36\processed_rep36__cam5_s144889_rank403.jpg,processed_rep36__cam5_s144889_rank403.jpg,TRUE,rep36,cam5,144889,403,0.9963293671607972,955.79315185546875,560.1044921875,0.11277730762958527,902.8468017578125,566.32891845703125,0.10800457000732422,902.8468017578125,500.3502197265625,0.18820394575595856,914.6953603735045,548.135103589145,3423.5,1000,1000,FALSE,FALSE,-0.31969023565182725,no issue,FALSE
frame404__s145249,C:/R_projects/spat_1f_noise/processed_feed\rep36\processed_rep36__cam5_s145249_rank404.jpg,processed_rep36__cam5_s145249_rank404.jpg,TRUE,rep36,cam5,145249,404,0.996260702610016,950.438232421875,552.08221435546875,0.10468083620071411,903.1116943359375,565.7437744140625,0.08819375187158585,898.12994384765625,502.4039001464844,0.15719912946224213,913.4212067955477,547.4103690685413,3409.5,1000,1000,FALSE,FALSE,-0.3942948110727349,no issue,FALSE
frame405__s145610,C:/R_projects/spat_1f_noise/processed_feed\rep36\processed_rep36__cam5_s145610_rank405.jpg,processed_rep36__cam5_s145610_rank405.jpg,TRUE,rep36,cam5,145610,405,0.9957400560379028,951.1470947265625,555.626708984375,0.09572627395391464,902.75634765625,564.341064453125,0.09883737564086914,896.5523681640625,502.0953369140625,0.13512369990348816,912.9703115814227,547.8644914756026,3398,1000,1000,FALSE,FALSE,-0.45927050504632727,no issue,FALSE
frame406__s145970,C:/R_projects/spat_1f_noise/processed_feed\rep36\processed_rep36__cam5_s145970_rank406.jpg,processed_rep36__cam5_s145970_rank406.jpg,TRUE,rep36,cam5,145970,406,0.9930778741836548,924.75390625,654.66302490234375,0.07064730674028397,896.13714599609375,586.29425048828125,0.15795886516571045,909.8233642578125,504.251708984375,0.1346636712551117,905.0609638554217,575.5959036144578,4141.5,1000,1000,FALSE,FALSE,1.8068091730279916,no issue,FALSE
frame407__s146330,C:/R_projects/spat_1f_noise/processed_feed\rep36\processed_rep36__cam5_s146330_rank407.jpg,processed_rep36__cam5_s146330_rank407.jpg,TRUE,rep36,cam5,146330,407,0.9945817589759828,931.14129638671875,637.2366943359375,0.10042203217744827,888.759033203125,587.6156005859375,0.12931543588638306,904.9639892578125,505.74072265625,0.1952727884054184,900.5512517713746,571.6787907416154,4226,1000,1000,FALSE,FALSE,1.9440894536738147,no issue,FALSE
frame408__s146691,C:/R_projects/spat_1f_noise/processed_feed\rep36\processed_rep36__cam5_s146691_rank408.jpg,processed_rep36__cam5_s146691_rank408.jpg,TRUE,rep36,cam5,146691,408,0.9971829652786256,951.16546630859375,574.94415283203125,0.10404752939939499,892.4554443359375,577.42706298828125,0.10423070192337036,904.94696044921875,504.18072509765625,0.20197083055973053,906.8911332633788,556.0503672612801,3810,1000,1000,FALSE,FALSE,0.5896015114310252,no issue,FALSE
frame409__s147051,C:/R_projects/spat_1f_noise/processed_feed\rep36\processed_rep36__cam5_s147051_rank409.jpg,processed_rep36__cam5_s147051_rank409.jpg,TRUE,rep36,cam5,147051,409,0.996225357055664,952.7039794921875,570.0382080078125,0.11358142644166946,892.8631591796875,574.98876953125,0.1166035532951355,907.8233642578125,503.2049560546875,0.16473591327667236,908.6914103923648,555.2712089077412,3768.5,1000,1000,FALSE,FALSE,0.4356940307903051,no issue,FALSE
frame410__s147412,C:/R_projects/spat_1f_noise/processed_feed\rep36\processed_rep36__cam5_s147412_rank410.jpg,processed_rep36__cam5_s147412_rank410.jpg,TRUE,rep36,cam5,147412,410,0.9955477714538574,954.2552490234375,585.398681640625,0.04760072007775307,895.8238525390625,564.4144287109375,0.0722271129488945,915.71533203125,518.74273681640625,0.13428457081317902,913.171036204744,553.1089263420724,3206.5,1000,1000,FALSE,FALSE,-1.3156426003480284,no issue,FALSE
frame411__s147772,C:/R_projects/spat_1f_noise/processed_feed\rep36\processed_rep36__cam5_s147772_rank411.jpg,processed_rep36__cam5_s147772_rank411.jpg,TRUE,rep36,cam5,147772,411,0.9940308928489684,950.34942626953125,574.16522216796875,0.11311831325292587,892.1695556640625,567.93157958984375,0.08583240211009979,924.35418701171875,514.32220458984375,0.11968307942152023,910.1025494127757,553.4205098825552,3493,1000,1000,FALSE,FALSE,-0.5207178878042946,no issue,FALSE
frame412__s148133,C:/R_projects/spat_1f_noise/processed_feed\rep36\processed_rep36__cam5_s148133_rank412.jpg,processed_rep36__cam5_s148133_rank412.jpg,TRUE,rep36,cam5,148133,412,0.995316743850708,949.6907958984375,572.29620361328125,0.09368676692247391,895.3043212890625,574.77532958984375,0.0812673568725586,922.49755859375,517.7557373046875,0.12502974271774292,910.7301719356628,555.2986688851913,3611.5,1000,1000,FALSE,FALSE,-0.21433278256388952,no issue,FALSE
frame413__s148493,C:/R_projects/spat_1f_noise/processed_feed\rep36\processed_rep36__cam5_s148493_rank413.jpg,processed_rep36__cam5_s148493_rank413.jpg,TRUE,rep36,cam5,148493,413,0.997670352458954,946.72149658203125,571.653564453125,0.08468014001846313,892.47412109375,567.94378662109375,0.09185941517353058,903.5701904296875,508.5870361328125,0.19072020053863525,907.6453614644741,552.5255972696245,3219.5,1000,1000,FALSE,FALSE,-1.51037689575713,no issue,FALSE
frame414__s148853,C:/R_projects/spat_1f_noise/processed_feed\rep36\processed_rep36__cam5_s148853_rank414.jpg,processed_rep36__cam5_s148853_rank414.jpg,TRUE,rep36,cam5,148853,414,0.9978834986686708,956.56915283203125,561.54241943359375,0.11457924544811249,894.84979248046875,565.2901611328125,0.09008526802062988,903.49053955078125,506.57623291015625,0.1577131450176239,910.831085223789,549.5971796443899,3256.5,1000,1000,FALSE,FALSE,-1.338112612269884,no issue,FALSE
frame415__s149214,C:/R_projects/spat_1f_noise/processed_feed\rep36\processed_rep36__cam5_s149214_rank415.jpg,processed_rep36__cam5_s149214_rank415.jpg,TRUE,rep36,cam5,149214,415,0.996040940284729,956.4814453125,535.86968994140625,0.055271513760089874,901.59844970703125,566.849365234375,0.07146771997213364,906.5877685546875,513.5643310546875,0.1160401850938797,916.955100880932,547.107701051435,3512,1000,1000,FALSE,FALSE,-0.6184559474836838,no issue,FALSE
frame416__s149574,C:/R_projects/spat_1f_noise/processed_feed\rep36\processed_rep36__cam5_s149574_rank416.jpg,processed_rep36__cam5_s149574_rank416.jpg,TRUE,rep36,cam5,149574,416,0.998035967350006,952.0328369140625,549.1435546875,0.0672311931848526,919.6171875,566.46435546875,0.04022118076682091,893.435302734375,513.2645263671875,0.07892755419015884,917.9204584925321,546.8530739840222,2877.5,1000,1000,FALSE,FALSE,-2.488190190319819,too small,FALSE
frame417__s149935,C:/R_projects/spat_1f_noise/processed_feed\rep36\processed_rep36__cam5_s149935_rank417.jpg,processed_rep36__cam5_s149935_rank417.jpg,TRUE,rep36,cam5,149935,417,0.99802964925766,931.91033935546875,650.86053466796875,0.0755709856748581,909.66192626953125,591.054931640625,0.10544849932193756,894.82965087890625,518.78985595703125,0.13876168429851532,910.4098018769552,583.0855057351408,3839.5,1000,1000,FALSE,FALSE,0.2957645203687135,no issue,FALSE
frame418__s150295,C:/R_projects/spat_1f_noise/processed_feed\rep36\processed_rep36__cam5_s150295_rank418.jpg,processed_rep36__cam5_s150295_rank418.jpg,TRUE,rep36,cam5,150295,418,0.996849238872528,890.88433837890625,650.24462890625,0.1603173017501831,899.541748046875,600.55316162109375,0.13853536546230316,914.383056640625,522.2891845703125,0.16909946501255035,899.2772898368884,586.7144291091594,3980,1000,1000,FALSE,FALSE,0.7005594385411199,no issue,FALSE
frame419__s150656,C:/R_projects/spat_1f_noise/processed_feed\rep36\processed_rep36__cam5_s150656_rank419.jpg,processed_rep36__cam5_s150656_rank419.jpg,TRUE,rep36,cam5,150656,419,0.9974750876426696,900.352294921875,652.881591796875,0.22535991668701172,899.11956787109375,595.78009033203125,0.08894191682338715,915.14556884765625,521.2998046875,0.10096105188131332,901.5618772941793,586.8458311484006,3813.5,1000,1000,FALSE,FALSE,0.214438755592685,no issue,FALSE
frame420__s151016,C:/R_projects/spat_1f_noise/processed_feed\rep36\processed_rep36__cam5_s151016_rank420.jpg,processed_rep36__cam5_s151016_rank420.jpg,TRUE,rep36,cam5,151016,420,0.9942314624786376,911.6309814453125,666.4251708984375,0.05288916826248169,894.207763671875,601.86224365234375,0.10791462659835815,914.1199951171875,522.40008544921875,0.1324692815542221,901.5226646631605,589.4370147758577,3990,1000,1000,FALSE,FALSE,0.721651074373082,no issue,FALSE
frame421__s151376,C:/R_projects/spat_1f_noise/processed_feed\rep36\processed_rep36__cam5_s151376_rank421.jpg,processed_rep36__cam5_s151376_rank421.jpg,TRUE,rep36,cam5,151376,421,0.994806706905365,901.6461181640625,653.94384765625,0.09044149518013,895.4853515625,601.7320556640625,0.13631395995616913,915.19970703125,522.171142578125,0.12220011651515961,901.5450427780573,590.6698540513337,3972.5,1000,1000,FALSE,FALSE,0.6453292967570896,no issue,FALSE
frame422__s151737,C:/R_projects/spat_1f_noise/processed_feed\rep36\processed_rep36__cam5_s151737_rank422.jpg,processed_rep36__cam5_s151737_rank422.jpg,TRUE,rep36,cam5,151737,422,0.9969637989997864,898.1898193359375,659.26385498046875,0.6399602293968201,895.730712890625,599.36932373046875,0.09093441814184189,914.174072265625,520.75775146484375,0.1268070787191391,899.7722208467443,589.0913592473385,4042.5,1000,1000,FALSE,FALSE,0.9314550238035908,no issue,FALSE
frame423__s152097,C:/R_projects/spat_1f_noise/processed_feed\rep36\processed_rep36__cam5_s152097_rank423.jpg,processed_rep36__cam5_s152097_rank423.jpg,TRUE,rep36,cam5,152097,423,0.99631267786026,896.643798828125,665.41534423828125,0.8429486155509949,894.1611328125,604.4620361328125,0.13105890154838562,914.0225830078125,522.3616943359375,0.13876283168792725,899.005799903335,590.1846302561624,4140.5,1000,1000,FALSE,FALSE,1.3312728618672454,no issue,FALSE
frame424__s152457,C:/R_projects/spat_1f_noise/processed_feed\rep36\processed_rep36__cam5_s152457_rank424.jpg,processed_rep36__cam5_s152457_rank424.jpg,TRUE,rep36,cam5,152457,424,0.99655020236969,889.8897705078125,649.2703857421875,2.504610776901245,894.83349609375,597.011962890625,0.09962145984172821,913.37249755859375,521.11273193359375,0.1292833387851715,898.5352187833511,583.7668089647813,3747.5,1000,1000,FALSE,FALSE,0.133739093220136,no issue,FALSE
frame425__s152818,C:/R_projects/spat_1f_noise/processed_feed\rep36\processed_rep36__cam5_s152818_rank425.jpg,processed_rep36__cam5_s152818_rank425.jpg,TRUE,rep36,cam5,152818,425,0.99842071533203125,841.20025634765625,633.0162353515625,0.07204389572143555,889.64849853515625,591.7869873046875,0.16248275339603424,913.25146484375,521.8221435546875,0.20837067067623138,887.2810051337476,577.96082139962175,3695,1000,1000,FALSE,FALSE,-0.00840022239253096,no issue,FALSE
frame426__s153178,C:/R_projects/spat_1f_noise/processed_feed\rep36\processed_rep36__cam5_s153178_rank426.jpg,processed_rep36__cam5_s153178_rank426.jpg,TRUE,rep36,cam5,153178,426,0.9985833168029784,851.38494873046875,645.5223388671875,0.08900126069784164,888.35968017578125,599.39404296875,0.2225215584039688,914.241943359375,523.34478759765625,0.22289863228797913,887.9494667343829,582.4494667343829,3939,1000,1000,FALSE,FALSE,0.7427874791169277,no issue,FALSE
frame427__s153539,C:/R_projects/spat_1f_noise/processed_feed\rep36\processed_rep36__cam5_s153539_rank427.jpg,processed_rep36__cam5_s153539_rank427.jpg,TRUE,rep36,cam5,153539,427,0.9955814480781556,916.25677490234375,637.1802978515625,0.040870897471904755,885.10614013671875,591.0606689453125,0.12665262818336487,915.0107421875,521.25787353515625,0.18526093661785126,898.4108567018266,577.3367635708773,3887.5,1000,1000,FALSE,FALSE,0.567601990343875,no issue,FALSE
frame428__s153899,C:/R_projects/spat_1f_noise/processed_feed\rep36\processed_rep36__cam5_s153899_rank428.jpg,processed_rep36__cam5_s153899_rank428.jpg,TRUE,rep36,cam5,153899,428,0.9989129304885864,816.0128173828125,611.7039794921875,0.07194803655147552,885.6953125,594.240234375,0.14729155600070953,919.292236328125,521.89068603515625,0.34825652837753296,880.1686412906479,577.0050415931435,3964,1000,1000,FALSE,FALSE,0.8200778759869266,no issue,FALSE
frame429__s154260,C:/R_projects/spat_1f_noise/processed_feed\rep36\processed_rep36__cam5_s154260_rank429.jpg,processed_rep36__cam5_s154260_rank429.jpg,TRUE,rep36,cam5,154260,429,0.9987768530845642,820.75140380859375,653.337158203125,0.08619120717048645,869.036376953125,599.710693359375,0.1744632124900818,919.79742431640625,523.63592529296875,0.19030624628067017,874.2124283825474,583.6364037020714,4538,1000,1000,FALSE,FALSE,2.738355817191259,too big,FALSE
frame430__s154620,C:/R_projects/spat_1f_noise/processed_feed\rep36\processed_rep36__cam5_s154620_rank430.jpg,processed_rep36__cam5_s154620_rank430.jpg,TRUE,rep36,cam5,154620,430,0.9977251887321472,922.84088134765625,613.00384521484375,0.07666868716478348,884.6029052734375,579.56573486328125,0.11042600870132446,922.84088134765625,521.35858154296875,0.19044749438762665,900.3248373101952,570.7255965292842,3686.5,1000,1000,FALSE,FALSE,-0.1480153544467905,no issue,FALSE
frame431__s154980,C:/R_projects/spat_1f_noise/processed_feed\rep36\processed_rep36__cam5_s154980_rank431.jpg,processed_rep36__cam5_s154980_rank431.jpg,TRUE,rep36,cam5,154980,431,0.997313916683197,923.22332763671875,607.14990234375,0.05797949060797691,880.03900146484375,579.71624755859375,0.12003777176141739,920.75567626953125,521.10784912109375,0.18980427086353302,898.3686429512517,570.4332015810277,3791.5,1000,1000,FALSE,FALSE,0.23105331474701912,no issue,FALSE
frame432__s155341,C:/R_projects/spat_1f_noise/processed_feed\rep36\processed_rep36__cam5_s155341_rank432.jpg,processed_rep36__cam5_s155341_rank432.jpg,TRUE,rep36,cam5,155341,432,0.9976012110710144,913.3494873046875,614.39666748046875,0.07775053381919861,877.480224609375,575.72930908203125,0.06689587980508804,922.00750732421875,518.35186767578125,0.16982857882976532,894.6928209234054,567.3936482519349,3746.5,1000,1000,FALSE,FALSE,-0.006918652376178829,no issue,FALSE
frame433__s155701,C:/R_projects/spat_1f_noise/processed_feed\rep36\processed_rep36__cam5_s155701_rank433.jpg,processed_rep36__cam5_s155701_rank433.jpg,TRUE,rep36,cam5,155701,433,0.9969800114631652,905.95306396484375,627.0628662109375,0.08095750957727432,876.0880126953125,580.8638916015625,0.13640010356903076,919.64117431640625,520.93023681640625,0.17910082638263702,894.1001602564103,569.7625534188035,3740.5,1000,1000,FALSE,FALSE,0.03806009055807969,no issue,FALSE
frame434__s156062,C:/R_projects/spat_1f_noise/processed_feed\rep36\processed_rep36__cam5_s156062_rank434.jpg,processed_rep36__cam5_s156062_rank434.jpg,TRUE,rep36,cam5,156062,434,0.99908709526062,819.5933837890625,577.55145263671875,0.09345509111881256,889.1314697265625,570.05657958984375,0.12527519464492798,922.6588134765625,518.841552734375,0.20288404822349548,881.5805897509305,557.6458631548812,3486,1000,1000,FALSE,FALSE,-0.8521498695950677,no issue,FALSE
frame435__s156422,C:/R_projects/spat_1f_noise/processed_feed\rep36\processed_rep36__cam5_s156422_rank435.jpg,processed_rep36__cam5_s156422_rank435.jpg,TRUE,rep36,cam5,156422,435,0.998235821723938,933.1273193359375,591.691650390625,0.06593643873929977,881.99884033203125,571.8746337890625,0.10442263633012772,923.1510009765625,517.3780517578125,0.16524074971675873,901.2540129540974,563.2500704027035,3549,1000,1000,FALSE,FALSE,-0.5479387159135038,no issue,FALSE
frame436__s156782,C:/R_projects/spat_1f_noise/processed_feed\rep36\processed_rep36__cam5_s156782_rank436.jpg,processed_rep36__cam5_s156782_rank436.jpg,TRUE,rep36,cam5,156782,436,0.997734308242798,941.2354736328125,587.263671875,0.1232096254825592,888.1632080078125,577.373779296875,0.10736537724733353,926.42462158203125,519.27099609375,0.17218366265296936,907.7938225976769,567.041974656811,3783,1000,1000,FALSE,FALSE,0.3816878378124042,no issue,FALSE
frame437__s157143,C:/R_projects/spat_1f_noise/processed_feed\rep36\processed_rep36__cam5_s157143_rank437.jpg,processed_rep36__cam5_s157143_rank437.jpg,TRUE,rep36,cam5,157143,437,0.9988460540771484,915.78240966796875,595.37060546875,0.06003430485725403,879.96453857421875,574.16607666015625,0.07074493914842606,921.95794677734375,519.2835693359375,0.16911976039409637,897.3871252204585,561.2945326278659,3400.5,1000,1000,FALSE,FALSE,-0.9927496608717814,no issue,FALSE
frame438__s157503,C:/R_projects/spat_1f_noise/processed_feed\rep36\processed_rep36__cam5_s157503_rank438.jpg,processed_rep36__cam5_s157503_rank438.jpg,TRUE,rep36,cam5,157503,438,0.9989070892333984,920.667236328125,589.85467529296875,0.07380646467208862,876.93536376953125,577.37451171875,0.08116934448480606,919.41778564453125,518.718017578125,0.12151660025119781,895.9490324339057,562.5312074134641,3667,1000,1000,FALSE,FALSE,0.0737738811281878,no issue,FALSE
frame439__s157864,C:/R_projects/spat_1f_noise/processed_feed\rep36\processed_rep36__cam5_s157864_rank439.jpg,processed_rep36__cam5_s157864_rank439.jpg,TRUE,rep36,cam5,157864,439,0.9987395405769348,911.08709716796875,593.38568115234375,0.06654255092144012,872.90374755859375,576.0762939453125,0.08536872267723083,918.4774169921875,521.6754150390625,0.23500455915927887,892.0028645087367,562.6104268118017,3493.5,1000,1000,FALSE,FALSE,-0.5880080473482636,no issue,FALSE
frame440__s158224,C:/R_projects/spat_1f_noise/processed_feed\rep36\processed_rep36__cam5_s158224_rank440.jpg,processed_rep36__cam5_s158224_rank440.jpg,TRUE,rep36,cam5,158224,440,0.9979693293571472,906.8970947265625,598.33941650390625,0.050238024443387985,869.95513916015625,575.950439453125,0.10795766860246658,917.979736328125,519.97808837890625,0.22903476655483246,890.3284589426322,562.363329583802,3559,1000,1000,FALSE,FALSE,-0.3119765502433888,no issue,FALSE
frame441__s158585,C:/R_projects/spat_1f_noise/processed_feed\rep36\processed_rep36__cam5_s158585_rank441.jpg,processed_rep36__cam5_s158585_rank441.jpg,TRUE,rep36,cam5,158585,441,0.9985407590866088,908.14508056640625,596.5880126953125,0.08026536554098129,869.53369140625,577.9476318359375,0.09727691113948822,916.86376953125,522.026611328125,0.19591206312179565,889.623861047836,563.2161161731208,3513.5,1000,1000,FALSE,FALSE,-0.5049538264596153,no issue,FALSE
frame442__s158945,C:/R_projects/spat_1f_noise/processed_feed\rep36\processed_rep36__cam5_s158945_rank442.jpg,processed_rep36__cam5_s158945_rank442.jpg,TRUE,rep36,cam5,158945,442,0.9985412359237672,909.06866455078125,596.2891845703125,0.08252967149019241,869.70245361328125,577.54486083984375,0.10306902229785919,917.67999267578125,521.311767578125,0.22451598942279816,889.6936862420733,563.0228839261098,3626,1000,1000,FALSE,FALSE,-0.013669787390195672,no issue,FALSE
frame443__s159305,C:/R_projects/spat_1f_noise/processed_feed\rep36\processed_rep36__cam5_s159305_rank443.jpg,processed_rep36__cam5_s159305_rank443.jpg,TRUE,rep36,cam5,159305,443,0.9987151622772216,912.394287109375,597.621826171875,0.05843406915664673,870.44561767578125,575.3111572265625,0.0744304284453392,917.329345703125,519.5345458984375,0.2378251850605011,890.3373015873016,561.7684240362812,3531,1000,1000,FALSE,FALSE,-0.4177941572871252,no issue,FALSE
frame444__s159666,C:/R_projects/spat_1f_noise/processed_feed\rep36\processed_rep36__cam5_s159666_rank444.jpg,processed_rep36__cam5_s159666_rank444.jpg,TRUE,rep36,cam5,159666,444,0.9980263113975524,914.99365234375,597.66925048828125,0.057690735906362534,871.57354736328125,577.74920654296875,0.08337325602769852,918.71533203125,519.234130859375,0.1797022521495819,891.709604519774,562.0533898305084,3538.5,1000,1000,FALSE,FALSE,-0.3869305561758438,no issue,FALSE
frame445__s160026,C:/R_projects/spat_1f_noise/processed_feed\rep36\processed_rep36__cam5_s160026_rank445.jpg,processed_rep36__cam5_s160026_rank445.jpg,TRUE,rep36,cam5,160026,445,0.9974652528762816,919.15679931640625,596.02490234375,0.06216049939393997,873.4027099609375,576.0379638671875,0.09776844084262848,917.920166015625,521.07379150390625,0.19133132696151733,893.3707358330984,562.3501550606146,3552.5,1000,1000,FALSE,FALSE,-0.31730429005645866,no issue,FALSE
frame446__s160387,C:/R_projects/spat_1f_noise/processed_feed\rep36\processed_rep36__cam5_s160387_rank446.jpg,processed_rep36__cam5_s160387_rank446.jpg,TRUE,rep36,cam5,160387,446,0.9985904097557068,914.7030029296875,599.33502197265625,0.09226563572883606,876.0068359375,573.202880859375,0.09299098700284958,915.95123291015625,519.694091796875,0.16569697856903076,893.1774048546599,560.4264309259814,3338.5,1000,1000,FALSE,FALSE,-1.5873727729033233,no issue,FALSE
frame447__s160747,C:/R_projects/spat_1f_noise/processed_feed\rep36\processed_rep36__cam5_s160747_rank447.jpg,processed_rep36__cam5_s160747_rank447.jpg,TRUE,rep36,cam5,160747,447,0.9982984662055968,916.0272216796875,599.7919921875,0.06825266033411026,875.36492919921875,576.12188720703125,0.09253719449043274,916.0272216796875,520.06097412109375,0.23662446439266205,893.4678747940692,563.3797364085667,3642.5,1000,1000,FALSE,FALSE,0.17173195405533706,no issue,FALSE
frame448__s161108,C:/R_projects/spat_1f_noise/processed_feed\rep36\processed_rep36__cam5_s161108_rank448.jpg,processed_rep36__cam5_s161108_rank448.jpg,TRUE,rep36,cam5,161108,448,0.9958848357200624,911.076416015625,597.9569091796875,0.09900924563407898,876.5692138671875,573.11279296875,0.07092157751321793,916.0059814453125,520.9400634765625,0.19269980490207672,893.4802431610942,559.6756838905775,3291,1000,1000,FALSE,FALSE,-1.7571705778423177,no issue,FALSE
frame449__s161468,C:/R_projects/spat_1f_noise/processed_feed\rep36\processed_rep36__cam5_s161468_rank449.jpg,processed_rep36__cam5_s161468_rank449.jpg,TRUE,rep36,cam5,161468,449,0.9985966086387634,910.4276123046875,598.161376953125,0.06444007903337479,877.0821533203125,570.8660888671875,0.07970631867647171,919.07275390625,519.99755859375,0.1408105045557022,893.265191740413,558.9554572271386,3389.5,1000,1000,FALSE,FALSE,-1.198569342621856,no issue,FALSE
frame450__s161828,C:/R_projects/spat_1f_noise/processed_feed\rep36\processed_rep36__cam5_s161828_rank450.jpg,processed_rep36__cam5_s161828_rank450.jpg,TRUE,rep36,cam5,161828,450,0.998781144618988,908.19403076171875,597.32275390625,0.06636381894350052,874.906982421875,572.40081787109375,0.09539933502674103,918.056884765625,518.818603515625,0.16878771781921387,892.1133471441254,559.5827167801125,3374,1000,1000,FALSE,FALSE,-1.2240487852995312,no issue,FALSE
frame451__s162189,C:/R_projects/spat_1f_noise/processed_feed\rep36\processed_rep36__cam5_s162189_rank451.jpg,processed_rep36__cam5_s162189_rank451.jpg,TRUE,rep36,cam5,162189,451,0.998610258102417,911.23095703125,598.34130859375,0.08627749979496002,876.3760986328125,570.844970703125,0.08331526070833206,921.18951416015625,519.60174560546875,0.13108007609844208,893.7798217878701,558.8125898246623,3477.5,1000,1000,FALSE,FALSE,-0.7584884252510729,no issue,FALSE
frame452__s162549,C:/R_projects/spat_1f_noise/processed_feed\rep36\processed_rep36__cam5_s162549_rank452.jpg,processed_rep36__cam5_s162549_rank452.jpg,TRUE,rep36,cam5,162549,452,0.998316764831543,907.114990234375,604.77972412109375,0.06669331341981888,872.283935546875,571.36895751953125,0.11905719339847565,918.3106689453125,516.92169189453125,0.16260576248168945,890.3119744853581,559.0817628298057,3449,1000,1000,FALSE,FALSE,-0.8690491485880452,no issue,FALSE
frame453__s162910,C:/R_projects/spat_1f_noise/processed_feed\rep36\processed_rep36__cam5_s162910_rank453.jpg,processed_rep36__cam5_s162910_rank453.jpg,TRUE,rep36,cam5,162910,453,0.9973747730255128,908.60784912109375,604.6796875,0.061274997889995575,873.6341552734375,568.535888671875,0.10060146450996399,924.84564208984375,521.175048828125,0.10931012779474258,893.0922686230248,558.6740970654628,3552.5,1000,1000,FALSE,FALSE,-0.5356096369634714,no issue,FALSE
frame454__s163270,C:/R_projects/spat_1f_noise/processed_feed\rep36\processed_rep36__cam5_s163270_rank454.jpg,processed_rep36__cam5_s163270_rank454.jpg,TRUE,rep36,cam5,163270,454,0.9983554482460022,908.064453125,604.5133056640625,0.07104229182004929,872.166015625,569.81396484375,0.08218244463205338,926.632568359375,521.482666015625,0.12056669592857361,892.5332975295381,559.8684210526316,3727.5,1000,1000,FALSE,FALSE,0.0883542423346378,no issue,FALSE
frame455__s163631,C:/R_projects/spat_1f_noise/processed_feed\rep36\processed_rep36__cam5_s163631_rank455.jpg,processed_rep36__cam5_s163631_rank455.jpg,TRUE,rep36,cam5,163631,455,0.9979516863822936,905.95831298828125,601.52490234375,0.08924549072980881,872.4476318359375,570.6163330078125,0.10244780033826828,928.298828125,522.39886474609375,0.10598372668027878,892.8376850605653,560.4250336473755,3718.5,1000,1000,FALSE,FALSE,-0.024615919678648793,no issue,FALSE
frame456__s163991,C:/R_projects/spat_1f_noise/processed_feed\rep36\processed_rep36__cam5_s163991_rank456.jpg,processed_rep36__cam5_s163991_rank456.jpg,TRUE,rep36,cam5,163991,456,0.9977722764015198,909.07830810546875,603.7159423828125,0.075748011469841,873.1092529296875,568.87823486328125,0.11154501140117645,931.40386962890625,522.8426513671875,0.1097612977027893,894.313878429263,559.9523937600861,3724,1000,1000,FALSE,FALSE,-0.06281909244170636,no issue,FALSE
frame457__s164352,C:/R_projects/spat_1f_noise/processed_feed\rep36\processed_rep36__cam5_s164352_rank457.jpg,processed_rep36__cam5_s164352_rank457.jpg,TRUE,rep36,cam5,164352,457,0.9988862872123718,940.63818359375,520.7255859375,0.06493282318115234,871.93603515625,568.0899658203125,0.10998404771089554,903.164306640625,604.23651123046875,0.08657127618789673,894.4635444385311,557.5260777009047,3767,1000,1000,FALSE,FALSE,0.03301403817204435,no issue,FALSE
frame458__s164712,C:/R_projects/spat_1f_noise/processed_feed\rep36\processed_rep36__cam5_s164712_rank458.jpg,processed_rep36__cam5_s164712_rank458.jpg,TRUE,rep36,cam5,164712,458,0.9964714050292968,940.234130859375,520.090576171875,0.05820970982313156,870.77294921875,572.3402099609375,0.12267939746379852,889.37860107421875,604.6851806640625,0.13328710198402405,893.5331441836471,559.3595563580087,3881,1000,1000,FALSE,FALSE,0.38214278113632266,no issue,FALSE
frame459__s165072,C:/R_projects/spat_1f_noise/processed_feed\rep36\processed_rep36__cam5_s165072_rank459.jpg,processed_rep36__cam5_s165072_rank459.jpg,TRUE,rep36,cam5,165072,459,0.9968482851982116,943.66912841796875,520.771728515625,0.062188148498535156,871.75634765625,571.72344970703125,0.10446331650018692,901.51336669921875,610.2479248046875,0.05008881911635399,894.9471698113208,560.2555974842767,3983.5,1000,1000,FALSE,FALSE,0.6469352915586907,no issue,FALSE
frame460__s165433,C:/R_projects/spat_1f_noise/processed_feed\rep36\processed_rep36__cam5_s165433_rank460.jpg,processed_rep36__cam5_s165433_rank460.jpg,TRUE,rep36,cam5,165433,460,0.997905969619751,908.87969970703125,612.15325927734375,0.06049390882253647,871.58929443359375,572.1668701171875,0.13463711738586426,930.01092529296875,520.9342041015625,0.12833072245121002,893.2159957905815,561.4769797421731,3805,1000,1000,FALSE,FALSE,-0.00971773691412826,no issue,FALSE
frame461__s165793,C:/R_projects/spat_1f_noise/processed_feed\rep36\processed_rep36__cam5_s165793_rank461.jpg,processed_rep36__cam5_s165793_rank461.jpg,TRUE,rep36,cam5,165793,461,0.9970425963401794,932.39251708984375,520.52874755859375,0.07932727038860321,874.35577392578125,571.42950439453125,0.10152071714401245,905.22637939453125,608.6739501953125,0.13654634356498718,894.4159482758621,560.2836745689655,3713.5,1000,1000,FALSE,FALSE,-0.3744134288862389,no issue,FALSE
frame462__s166154,C:/R_projects/spat_1f_noise/processed_feed\rep36\processed_rep36__cam5_s166154_rank462.jpg,processed_rep36__cam5_s166154_rank462.jpg,TRUE,rep36,cam5,166154,462,0.9967055916786194,917.525390625,612.737548828125,0.05053599923849106,874.1904296875,572.8271484375,0.13169236481189728,927.43048095703125,522.939208984375,0.1819615364074707,894.3129113924051,564.4637974683544,3953,1000,1000,FALSE,FALSE,0.39864775955265896,no issue,FALSE
frame463__s166514,C:/R_projects/spat_1f_noise/processed_feed\rep36\processed_rep36__cam5_s166514_rank463.jpg,processed_rep36__cam5_s166514_rank463.jpg,TRUE,rep36,cam5,166514,463,0.998267650604248,911.507080078125,605.483642578125,0.07603812962770462,876.7781982421875,573.02655029296875,0.09973011910915375,927.63128662109375,521.8441162109375,0.1816149652004242,895.4181818181818,563.184595959596,3962.5,1000,1000,FALSE,FALSE,0.29298213307457555,no issue,FALSE
frame464__s166874,C:/R_projects/spat_1f_noise/processed_feed\rep36\processed_rep36__cam5_s166874_rank464.jpg,processed_rep36__cam5_s166874_rank464.jpg,TRUE,rep36,cam5,166874,464,0.9960991144180298,904.9620361328125,614.829833984375,0.07521352916955948,877.88092041015625,567.5936279296875,0.10684437304735184,922.1954345703125,521.6004638671875,0.11185164004564285,893.7780605032514,559.6641221374045,3532.5,1000,1000,FALSE,FALSE,-1.2201809789112599,no issue,FALSE
frame465__s167235,C:/R_projects/spat_1f_noise/processed_feed\rep36\processed_rep36__cam5_s167235_rank465.jpg,processed_rep36__cam5_s167235_rank465.jpg,TRUE,rep36,cam5,167235,465,0.9989540576934814,841.459716796875,621.15997314453125,0.0875372365117073,888.93890380859375,581.54425048828125,0.07070592045783997,927.6719970703125,522.12060546875,0.23968733847141266,887.072899408284,571.938224852071,4222,1000,1000,FALSE,FALSE,0.8007838909042808,no issue,FALSE
frame466__s167595,C:/R_projects/spat_1f_noise/processed_feed\rep36\processed_rep36__cam5_s167595_rank466.jpg,processed_rep36__cam5_s167595_rank466.jpg,TRUE,rep36,cam5,167595,466,0.998212456703186,897.14019775390625,619.1639404296875,0.05607746168971062,867.5631103515625,576.8697509765625,0.13669365644454956,923.02008056640625,522.1361083984375,0.15573586523532867,886.6328273244782,567.1387571157495,4219,1000,1000,FALSE,FALSE,0.6578365174144867,no issue,FALSE
frame467__s167956,C:/R_projects/spat_1f_noise/processed_feed\rep36\processed_rep36__cam5_s167956_rank467.jpg,processed_rep36__cam5_s167956_rank467.jpg,TRUE,rep36,cam5,167956,467,0.9986695051193236,896.19268798828125,630.23590087890625,0.0999780222773552,868.8671875,581.9322509765625,0.16051837801933289,924.76025390625,521.24298095703125,0.16421718895435333,888.0924731182796,567.978972520908,4188,1000,1000,FALSE,FALSE,0.49879108879966927,no issue,FALSE
frame468__s168316,C:/R_projects/spat_1f_noise/processed_feed\rep36\processed_rep36__cam5_s168316_rank468.jpg,processed_rep36__cam5_s168316_rank468.jpg,TRUE,rep36,cam5,168316,468,0.9975327253341676,902.39654541015625,623.872802734375,0.07845418155193329,870.18072509765625,578.904052734375,0.16474369168281555,925.9388427734375,520.19482421875,0.13863104581832886,890.1373089451265,566.0964670508645,3992,1000,1000,FALSE,FALSE,-0.19514479699150933,no issue,FALSE
frame469__s168676,C:/R_projects/spat_1f_noise/processed_feed\rep36\processed_rep36__cam5_s168676_rank469.jpg,processed_rep36__cam5_s168676_rank469.jpg,TRUE,rep36,cam5,168676,469,0.997867465019226,905.78863525390625,623.85162353515625,0.08055870234966278,872.0489501953125,577.70269775390625,0.15315188467502594,923.2833251953125,519.0810546875,0.13213953375816345,889.9268471104608,566.8663740551085,4104,1000,1000,FALSE,FALSE,0.08963209583251307,no issue,FALSE
frame470__s169037,C:/R_projects/spat_1f_noise/processed_feed\rep36\processed_rep36__cam5_s169037_rank470.jpg,processed_rep36__cam5_s169037_rank470.jpg,TRUE,rep36,cam5,169037,470,0.9980360865592957,903.92242431640625,626.33203125,0.11005799472332001,868.0086669921875,582.6751708984375,0.14652696251869202,927.4521484375,526.544921875,0.1377115398645401,889.1356299686822,570.211033485907,4156,1000,1000,FALSE,FALSE,0.22166658605706682,no issue,FALSE
frame471__s169397,C:/R_projects/spat_1f_noise/processed_feed\rep36\processed_rep36__cam5_s169397_rank471.jpg,processed_rep36__cam5_s169397_rank471.jpg,TRUE,rep36,cam5,169397,471,0.9975730776786804,903.0369873046875,624.1146240234375,0.08150363713502884,869.506103515625,579.316650390625,0.16345076262950897,926.63275146484375,524.56353759765625,0.11121474951505661,889.5125615763546,568.7044334975369,4065.5,1000,1000,FALSE,FALSE,-0.1526949231016841,no issue,FALSE
frame472__s169758,C:/R_projects/spat_1f_noise/processed_feed\rep36\processed_rep36__cam5_s169758_rank472.jpg,processed_rep36__cam5_s169758_rank472.jpg,TRUE,rep36,cam5,169758,472,0.9968388080596924,911.1361083984375,621.291015625,0.07517264783382416,872.72821044921875,575.36492919921875,0.11928647011518478,926.003662109375,524.47393798828125,0.13847167789936066,892.9034431137725,566.7005988023952,4012,1000,1000,FALSE,FALSE,-0.42027711031221077,no issue,FALSE
frame473__s170118,C:/R_projects/spat_1f_noise/processed_feed\rep36\processed_rep36__cam5_s170118_rank473.jpg,processed_rep36__cam5_s170118_rank473.jpg,TRUE,rep36,cam5,170118,473,0.9970006346702576,908.4224853515625,627.14703369140625,0.09136056900024414,871.1400146484375,583.7601318359375,0.1479516625404358,923.33551025390625,526.7373046875,0.149908185005188,890.7135826771654,572.386811023622,4065,1000,1000,FALSE,FALSE,-0.3016052432910222,no issue,FALSE
frame474__s170479,C:/R_projects/spat_1f_noise/processed_feed\rep36\processed_rep36__cam5_s170479_rank474.jpg,processed_rep36__cam5_s170479_rank474.jpg,TRUE,rep36,cam5,170479,474,0.9972797632217408,909.56878662109375,622.5726318359375,0.08621936291456223,873.3382568359375,581.6934814453125,0.1269243359565735,920.8128662109375,520.994140625,0.1318327933549881,891.0692107134392,571.5562929604172,4218.5,1000,1000,FALSE,FALSE,0.27525004875411213,no issue,FALSE
frame475__s170839,C:/R_projects/spat_1f_noise/processed_feed\rep36\processed_rep36__cam5_s170839_rank475.jpg,processed_rep36__cam5_s170839_rank475.jpg,TRUE,rep36,cam5,170839,475,0.9984252452850342,903.0975341796875,622.621337890625,0.07471954822540283,869.3671875,580.5076904296875,0.1581004410982132,918.0888671875,523.53033447265625,0.162301704287529,887.6950050454087,570.7424318869829,3965.5,1000,1000,FALSE,FALSE,-0.5834039415291632,no issue,FALSE
frame476__s171200,C:/R_projects/spat_1f_noise/processed_feed\rep36\processed_rep36__cam5_s171200_rank476.jpg,processed_rep36__cam5_s171200_rank476.jpg,TRUE,rep36,cam5,171200,476,0.9974445104599,922.09954833984375,515.78497314453125,0.09968792647123337,869.64935302734375,578.00439453125,0.17085732519626617,899.620849609375,622.8023681640625,0.05084258317947388,887.3298917149333,567.8108788718207,3970,1000,1000,FALSE,FALSE,-0.5722114603317981,no issue,FALSE
frame477__s171560,C:/R_projects/spat_1f_noise/processed_feed\rep36\processed_rep36__cam5_s171560_rank477.jpg,processed_rep36__cam5_s171560_rank477.jpg,TRUE,rep36,cam5,171560,477,0.9977040886878968,897.3779296875,629.3868408203125,0.09085525572299957,867.62786865234375,584.604248046875,0.14942976832389832,917.21136474609375,522.40625,0.17872144281864166,885.6762070681931,571.4417620706819,4017,1000,1000,FALSE,FALSE,-0.3946216192205958,no issue,FALSE
frame478__s171920,C:/R_projects/spat_1f_noise/processed_feed\rep36\processed_rep36__cam5_s171920_rank478.jpg,processed_rep36__cam5_s171920_rank478.jpg,TRUE,rep36,cam5,171920,478,0.99826812744140625,916.0911865234375,525.666259765625,0.0970025286078453,851.1363525390625,589.10540771484375,0.1409735083580017,788.6796875,627.66650390625,0.0933564230799675,855.0772915305901,577.6242107554975,4586.5,1000,1000,FALSE,FALSE,1.578266541857342,no issue,FALSE
frame479__s172281,C:/R_projects/spat_1f_noise/processed_feed\rep36\processed_rep36__cam5_s172281_rank479.jpg,processed_rep36__cam5_s172281_rank479.jpg,TRUE,rep36,cam5,172281,479,0.9983396530151368,917.056396484375,525.5826416015625,0.0858854204416275,850.991455078125,589.22723388671875,0.1581653505563736,788.666015625,627.9130859375,0.07613921165466309,853.1992304403591,578.9548952543822,4672.5,1000,1000,FALSE,FALSE,1.8789777111633177,no issue,FALSE
frame480__s172641,C:/R_projects/spat_1f_noise/processed_feed\rep36\processed_rep36__cam5_s172641_rank480.jpg,processed_rep36__cam5_s172641_rank480.jpg,TRUE,rep36,cam5,172641,480,0.998270869255066,915.0596923828125,527.1805419921875,0.08824017643928528,848.00299072265625,597.7828369140625,0.18496333062648773,788.39715576171875,628.74871826171875,0.09673196077346802,854.3754280821918,580.2874571917808,4667,1000,1000,FALSE,FALSE,1.9531906243491228,no issue,FALSE
frame481__s173002,C:/R_projects/spat_1f_noise/processed_feed\rep36\processed_rep36__cam5_s173002_rank481.jpg,processed_rep36__cam5_s173002_rank481.jpg,TRUE,rep36,cam5,173002,481,0.9979361295700072,788.10760498046875,631.071533203125,0.0834040716290474,851.359375,592.3626708984375,0.26894131302833557,913.3709716796875,531.1776123046875,0.23323221504688263,855.0266666666666,579.887311827957,4650,1000,1000,FALSE,FALSE,1.89090275216367,no issue,FALSE
frame482__s173362,C:/R_projects/spat_1f_noise/processed_feed\rep36\processed_rep36__cam5_s173362_rank482.jpg,processed_rep36__cam5_s173362_rank482.jpg,TRUE,rep36,cam5,173362,482,0.9981814622879028,838.34832763671875,642.299560546875,0.623467206954956,849.51019287109375,591.44293212890625,0.19458504021167755,912.7611083984375,529.42254638671875,0.2216605246067047,867.421773444754,579.7516248839369,4311,1000,1000,FALSE,FALSE,0.6133301360152619,no issue,FALSE
frame483__s173722,C:/R_projects/spat_1f_noise/processed_feed\rep36\processed_rep36__cam5_s173722_rank483.jpg,processed_rep36__cam5_s173722_rank483.jpg,TRUE,rep36,cam5,173722,483,0.9980612397193908,839.2093505859375,636.40435791015625,0.38545218110084534,849.120849609375,589.28656005859375,0.15709218382835388,839.2093505859375,636.40435791015625,0.4930803179740906,867.2019551740582,576.7508345255127,4192.5,1000,1000,FALSE,FALSE,0.18856055973635139,no issue,FALSE
frame484__s174083,C:/R_projects/spat_1f_noise/processed_feed\rep36\processed_rep36__cam5_s174083_rank484.jpg,processed_rep36__cam5_s174083_rank484.jpg,TRUE,rep36,cam5,174083,484,0.9985098242759703,836.34100341796875,642.74359130859375,0.340846449136734,846.283935546875,594.21405029296875,0.16972802579402924,910.912841796875,528.26361083984375,0.17501601576805115,864.839981659789,580.3090325538743,4362.5,1000,1000,FALSE,FALSE,0.8356716942632425,no issue,FALSE
frame485__s174443,C:/R_projects/spat_1f_noise/processed_feed\rep36\processed_rep36__cam5_s174443_rank485.jpg,processed_rep36__cam5_s174443_rank485.jpg,TRUE,rep36,cam5,174443,485,0.999105989933014,810.685791015625,633.66558837890625,0.10816103219985962,848.09375,589.93487548828125,0.21468986570835114,911.6871337890625,527.46240234375,0.1768014281988144,860.9349593495934,577.5813008130082,4179,1000,1000,FALSE,FALSE,0.17437004548582463,no issue,FALSE
frame486__s174804,C:/R_projects/spat_1f_noise/processed_feed\rep36\processed_rep36__cam5_s174804_rank486.jpg,processed_rep36__cam5_s174804_rank486.jpg,TRUE,rep36,cam5,174804,486,0.9983943104743958,836.80120849609375,641.09429931640625,0.16732802987098694,844.21722412109375,593.598876953125,0.20249049365520477,914.66912841796875,543.603759765625,0.19921500980854034,864.284562485179,583.7367797012093,4220.5,1000,1000,FALSE,FALSE,0.30298431342889237,no issue,FALSE
frame487__s175164,C:/R_projects/spat_1f_noise/processed_feed\rep36\processed_rep36__cam5_s175164_rank487.jpg,processed_rep36__cam5_s175164_rank487.jpg,TRUE,rep36,cam5,175164,487,0.998253047466278,848.527587890625,662.67626953125,0.07298444956541061,846.044677734375,595.72552490234375,0.1422119438648224,920.5303955078125,552.33148193359375,0.19708982110023499,867.6444703143189,586.6703143189756,4295,1000,1000,FALSE,FALSE,0.572311163947862,no issue,FALSE
frame488__s175524,C:/R_projects/spat_1f_noise/processed_feed\rep36\processed_rep36__cam5_s175524_rank488.jpg,processed_rep36__cam5_s175524_rank488.jpg,TRUE,rep36,cam5,175524,488,0.9988956451416016,795.6937255859375,629.176025390625,0.10254701226949692,845.45361328125,589.49566650390625,0.14783361554145813,918.8494873046875,552.29534912109375,0.21130304038524628,856.3705490466346,582.2492533884678,4354.5,1000,1000,FALSE,FALSE,0.7909472540788162,no issue,FALSE
frame489__s175885,C:/R_projects/spat_1f_noise/processed_feed\rep36\processed_rep36__cam5_s175885_rank489.jpg,processed_rep36__cam5_s175885_rank489.jpg,TRUE,rep36,cam5,175885,489,0.9983285069465636,828.75213623046875,617.52593994140625,0.08140389621257782,847.32733154296875,585.077392578125,0.17112836241722107,922.866455078125,557.620849609375,0.26119130849838257,869.1514836022905,577.8695991671004,3844,1000,1000,FALSE,FALSE,-1.0462483950524983,no issue,FALSE
frame490__s176245,C:/R_projects/spat_1f_noise/processed_feed\rep36\processed_rep36__cam5_s176245_rank490.jpg,processed_rep36__cam5_s176245_rank490.jpg,TRUE,rep36,cam5,176245,490,0.9983818531036376,844.60455322265625,632.33502197265625,0.034956563264131546,850.80108642578125,585.40301513671875,0.08841254562139511,922.6800537109375,559.4669189453125,0.19616146385669708,874.0306492059069,577.3246029534689,3593.5,1000,1000,FALSE,FALSE,-1.9161349952149525,no issue,FALSE
frame491__s176606,C:/R_projects/spat_1f_noise/processed_feed\rep36\processed_rep36__cam5_s176606_rank491.jpg,processed_rep36__cam5_s176606_rank491.jpg,TRUE,rep36,cam5,176606,491,0.9979130625724792,848.047607421875,633.530517578125,0.053697697818279266,845.5662841796875,585.0933837890625,0.10374980419874191,922.48931884765625,557.7698974609375,0.18872755765914917,869.6627512398851,577.9986948577395,3829.5,1000,1000,FALSE,FALSE,-1.1034243890069761,no issue,FALSE
frame492__s176966,C:/R_projects/spat_1f_noise/processed_feed\rep36\processed_rep36__cam5_s176966_rank492.jpg,processed_rep36__cam5_s176966_rank492.jpg,TRUE,rep36,cam5,176966,492,0.9983407258987428,820.58502197265625,614.2225341796875,0.12005670368671417,849.2777099609375,588.01824951171875,0.11149391531944275,922.88055419921875,559.31829833984375,0.21981622278690338,867.6995884773662,577.9031550068587,3647.5,1000,1000,FALSE,FALSE,-1.7967529313239545,no issue,FALSE
frame493__s177327,C:/R_projects/spat_1f_noise/processed_feed\rep36\processed_rep36__cam5_s177327_rank493.jpg,processed_rep36__cam5_s177327_rank493.jpg,TRUE,rep36,cam5,177327,493,0.9981467723846436,843.44305419921875,630.9976806640625,0.047082409262657166,834.73931884765625,578.728515625,0.09954646974802017,923.0205078125,557.5718994140625,0.20832297205924988,863.9297773427942,572.2490824565696,4091.5,1000,1000,FALSE,FALSE,-0.2081727250623568,no issue,FALSE
frame494__s177687,C:/R_projects/spat_1f_noise/processed_feed\rep36\processed_rep36__cam5_s177687_rank494.jpg,processed_rep36__cam5_s177687_rank494.jpg,TRUE,rep36,cam5,177687,494,0.998177409172058,823.73193359375,632.3974609375,0.03464890271425247,836.217529296875,576.201904296875,0.08627179265022278,924.86566162109375,557.4700927734375,0.22087088227272034,865.2944846518592,570.9091589717993,4012,1000,1000,FALSE,FALSE,-0.4564763018473886,no issue,FALSE
frame495__s178047,C:/R_projects/spat_1f_noise/processed_feed\rep36\processed_rep36__cam5_s178047_rank495.jpg,processed_rep36__cam5_s178047_rank495.jpg,TRUE,rep36,cam5,178047,495,0.9979750514030457,821.7952880859375,629.26171875,0.04131022095680237,834.2005615234375,579.7906494140625,0.10184786468744278,922.278564453125,557.52862548828125,0.1832870990037918,863.165722728392,571.8357547402118,4065.5,1000,1000,FALSE,FALSE,-0.17727520249928255,no issue,FALSE
frame496__s178408,C:/R_projects/spat_1f_noise/processed_feed\rep36\processed_rep36__cam5_s178408_rank496.jpg,processed_rep36__cam5_s178408_rank496.jpg,TRUE,rep36,cam5,178408,496,0.9984369874000548,842.014892578125,628.7440185546875,0.08684814721345901,832.0400390625,580.143798828125,0.12662096321582794,921.81427001953125,553.97442626953125,0.1647670418024063,861.3187544568576,573.3451390539577,4208.5,1000,1000,FALSE,FALSE,0.5136954218844699,no issue,FALSE
frame497__s178768,C:/R_projects/spat_1f_noise/processed_feed\rep36\processed_rep36__cam5_s178768_rank497.jpg,processed_rep36__cam5_s178768_rank497.jpg,TRUE,rep36,cam5,178768,497,0.9991216063499452,843.7926025390625,628.56036376953125,0.07898864895105362,832.6353759765625,585.12518310546875,0.08533912152051926,918.17431640625,546.654052734375,0.19403602182865143,862.9645286686103,573.0998542274052,4115,1000,1000,FALSE,FALSE,0.2555239217574381,no issue,FALSE
frame498__s179129,C:/R_projects/spat_1f_noise/processed_feed\rep36\processed_rep36__cam5_s179129_rank498.jpg,processed_rep36__cam5_s179129_rank498.jpg,TRUE,rep36,cam5,179129,498,0.9992032647132874,838.6767578125,625.27825927734375,0.05388559028506279,837.43927001953125,577.81292724609375,0.11612693965435028,915.40234375,544.08746337890625,0.16366299986839294,862.2830093410755,571.2948750315577,3957.5,1000,1000,FALSE,FALSE,-0.3842184120088134,no issue,FALSE
frame499__s179489,C:/R_projects/spat_1f_noise/processed_feed\rep36\processed_rep36__cam5_s179489_rank499.jpg,processed_rep36__cam5_s179489_rank499.jpg,TRUE,rep36,cam5,179489,499,0.9990849494934082,832.459716796875,625.50054931640625,0.0620073638856411,846.04913330078125,579.6861572265625,0.14717622101306915,916.467041015625,541.3011474609375,0.18171437084674835,865.884697130712,571.6668437832094,3769,1000,1000,FALSE,FALSE,-1.1772626958109398,no issue,FALSE
frame500__s179850,C:/R_projects/spat_1f_noise/processed_feed\rep36\processed_rep36__cam5_s179850_rank500.jpg,processed_rep36__cam5_s179850_rank500.jpg,TRUE,rep36,cam5,179850,500,0.9988412261009216,844.33477783203125,632.203125,0.03877914696931839,843.09417724609375,582.64776611328125,0.19956724345684052,913.8101806640625,540.525634765625,0.2170681655406952,864.5852800803818,573.2554634513941,3978.5,1000,1000,FALSE,FALSE,-0.13488935382341752,no issue,FALSE
frame501__s180210,C:/R_projects/spat_1f_noise/processed_feed\rep36\processed_rep36__cam5_s180210_rank501.jpg,processed_rep36__cam5_s180210_rank501.jpg,TRUE,rep36,cam5,180210,501,0.998336672782898,841.4930419921875,639.19219970703125,0.14625467360019684,839.009765625,590.62188720703125,0.11733295768499374,914.750244140625,538.31549072265625,0.1716383695602417,862.0191244239631,578.8412442396314,4331.5,1000,1000,FALSE,FALSE,1.5126193592097452,no issue,FALSE
frame502__s180570,C:/R_projects/spat_1f_noise/processed_feed\rep36\processed_rep36__cam5_s180570_rank502.jpg,processed_rep36__cam5_s180570_rank502.jpg,TRUE,rep36,cam5,180570,502,0.9989190101623536,831.40203857421875,623.7960205078125,0.09680559486150742,842.60040283203125,582.6658935546875,0.14841321110725403,914.7672119140625,541.53570556640625,0.20925834774971008,862.7561993616499,575.0410017186349,4076.5,1000,1000,FALSE,FALSE,0.4397948742140239,no issue,FALSE
frame503__s180931,C:/R_projects/spat_1f_noise/processed_feed\rep36\processed_rep36__cam5_s180931_rank503.jpg,processed_rep36__cam5_s180931_rank503.jpg,TRUE,rep36,cam5,180931,503,0.9991325736045836,825.392333984375,618.58160400390625,0.05014950409531593,837.877685546875,581.158203125,0.14536918699741364,914.0382080078125,542.4874267578125,0.14724893867969513,861.0732812893477,573.0453286325862,3973.5,1000,1000,FALSE,FALSE,-0.050552524776943324,no issue,FALSE
frame504__s181291,C:/R_projects/spat_1f_noise/processed_feed\rep36\processed_rep36__cam5_s181291_rank504.jpg,processed_rep36__cam5_s181291_rank504.jpg,TRUE,rep36,cam5,181291,504,0.998761773109436,820.7789306640625,618.5745849609375,0.04817943274974823,838.180419921875,581.27960205078125,0.12090124189853668,820.7789306640625,618.5745849609375,0.28397345542907715,859.5546365914787,574.1814536340852,3992.5,1000,1000,FALSE,FALSE,0.07011039978435159,no issue,FALSE
frame505__s181652,C:/R_projects/spat_1f_noise/processed_feed\rep36\processed_rep36__cam5_s181652_rank505.jpg,processed_rep36__cam5_s181652_rank505.jpg,TRUE,rep36,cam5,181652,505,0.9989179372787476,829.10919189453125,621.9632568359375,0.756061851978302,840.242431640625,582.15203857421875,0.1505942940711975,829.10919189453125,621.9632568359375,0.8510861992835999,861.0457171564933,574.7327304697312,3977.5,1000,1000,FALSE,FALSE,-0.04556103767264376,no issue,FALSE
frame506__s182012,C:/R_projects/spat_1f_noise/processed_feed\rep36\processed_rep36__cam5_s182012_rank506.jpg,processed_rep36__cam5_s182012_rank506.jpg,TRUE,rep36,cam5,182012,506,0.9989047050476074,821.13397216796875,643.947265625,0.06630494445562363,834.8431396484375,586.6390380859375,0.1351708471775055,914.6055908203125,543.0350341796875,0.1827268749475479,858.7430588235294,576.7783529411764,4255.5,1000,1000,FALSE,FALSE,1.1617621127726456,no issue,FALSE
frame507__s182373,C:/R_projects/spat_1f_noise/processed_feed\rep36\processed_rep36__cam5_s182373_rank507.jpg,processed_rep36__cam5_s182373_rank507.jpg,TRUE,rep36,cam5,182373,507,0.9989577531814576,806.71820068359375,627.22418212890625,0.07930894196033478,842.69091796875,581.32666015625,0.12767291069030762,919.597900390625,558.99810791015625,0.19047708809375763,859.2820756962628,578.5767674363246,4204.5,1000,1000,FALSE,FALSE,0.9070613436345811,no issue,FALSE
frame508__s182733,C:/R_projects/spat_1f_noise/processed_feed\rep36\processed_rep36__cam5_s182733_rank508.jpg,processed_rep36__cam5_s182733_rank508.jpg,TRUE,rep36,cam5,182733,508,0.9976582527160645,835.361328125,618.45086669921875,0.055396489799022675,830.4075927734375,568.8907470703125,0.14043594896793365,922.0526123046875,556.50067138671875,0.16611328721046448,861.1802575107296,567.0467334287076,4196,1000,1000,FALSE,FALSE,0.6327051740581979,no issue,FALSE
frame509__s183093,C:/R_projects/spat_1f_noise/processed_feed\rep36\processed_rep36__cam5_s183093_rank509.jpg,processed_rep36__cam5_s183093_rank509.jpg,TRUE,rep36,cam5,183093,509,0.9981788396835328,827.4190673828125,620.3397216796875,0.039538946002721786,832.3778076171875,568.5283203125,0.0946909710764885,924.1151123046875,556.19219970703125,0.1622474640607834,864.4124015748032,565.7278543307086,4068,1000,1000,FALSE,FALSE,0.13180601778885825,no issue,FALSE
frame510__s183454,C:/R_projects/spat_1f_noise/processed_feed\rep36\processed_rep36__cam5_s183454_rank510.jpg,processed_rep36__cam5_s183454_rank510.jpg,TRUE,rep36,cam5,183454,510,0.9985117316246032,826.08154296875,608.583251953125,0.03385365009307861,833.57427978515625,566.35272216796875,0.09860768914222717,922.2384033203125,556.4161376953125,0.17895254492759705,865.2592405063291,562.4774683544304,3955.5,1000,1000,FALSE,FALSE,-0.33590173574557236,no issue,FALSE
frame511__s183814,C:/R_projects/spat_1f_noise/processed_feed\rep36\processed_rep36__cam5_s183814_rank511.jpg,processed_rep36__cam5_s183814_rank511.jpg,TRUE,rep36,cam5,183814,511,0.9989470839500428,806.8209228515625,601.9276123046875,0.05624197795987129,836.7857666015625,559.45361328125,0.1631341576576233,922.9345703125,554.4566650390625,0.11618228256702423,861.1015457788347,560.8111771700356,4209.5,1000,1000,FALSE,FALSE,0.7125598305720263,no issue,FALSE
frame512__s184175,C:/R_projects/spat_1f_noise/processed_feed\rep36\processed_rep36__cam5_s184175_rank512.jpg,processed_rep36__cam5_s184175_rank512.jpg,TRUE,rep36,cam5,184175,512,0.9987295269966124,826.71966552734375,601.37371826171875,0.03701886907219887,841.62890625,564.11383056640625,0.10152564942836761,923.62969970703125,554.17779541015625,0.15822552144527435,869.2911781127862,559.9048017867113,3586.5,1000,1000,FALSE,FALSE,-1.8483168284057077,no issue,FALSE
frame513__s184535,C:/R_projects/spat_1f_noise/processed_feed\rep36\processed_rep36__cam5_s184535_rank513.jpg,processed_rep36__cam5_s184535_rank513.jpg,TRUE,rep36,cam5,184535,513,0.9973825812339784,823.770751953125,597.7655029296875,0.0350462943315506,841.19696044921875,557.08660888671875,0.07859653234481812,925.838623046875,554.6212158203125,0.12387558817863464,869.0016064257028,556.483266398929,3739,1000,1000,FALSE,FALSE,-0.9663356982830065,no issue,FALSE
frame514__s184895,C:/R_projects/spat_1f_noise/processed_feed\rep36\processed_rep36__cam5_s184895_rank514.jpg,processed_rep36__cam5_s184895_rank514.jpg,TRUE,rep36,cam5,184895,514,0.9980056881904602,824.6435546875,600.81353759765625,0.03466787189245224,839.61431884765625,559.00970458984375,0.09229980409145355,924.44873046875,556.5506591796875,0.12497756630182266,867.6132174828857,558.26513954713,3799.5,1000,1000,FALSE,FALSE,-0.7747201537444173,no issue,FALSE
frame515__s185256,C:/R_projects/spat_1f_noise/processed_feed\rep36\processed_rep36__cam5_s185256_rank515.jpg,processed_rep36__cam5_s185256_rank515.jpg,TRUE,rep36,cam5,185256,515,0.997598111629486,822.9456787109375,592.179443359375,0.04273385554552078,845.30975341796875,559.9766845703125,0.06240515783429146,926.06878662109375,557.49951171875,0.128721684217453,870.9641799084299,557.5160247778077,3720,1000,1000,FALSE,FALSE,-1.0137779408514143,no issue,FALSE
frame516__s185616,C:/R_projects/spat_1f_noise/processed_feed\rep36\processed_rep36__cam5_s185616_rank516.jpg,processed_rep36__cam5_s185616_rank516.jpg,TRUE,rep36,cam5,185616,516,0.9973629117012024,821.3643798828125,588.4754638671875,0.033844735473394394,842.494873046875,558.94378662109375,0.05596970021724701,927.0172119140625,560.17431640625,0.15487471222877502,870.5277320153762,557.0359692476661,3647,1000,1000,FALSE,FALSE,-1.2073722558254882,no issue,FALSE
frame517__s185977,C:/R_projects/spat_1f_noise/processed_feed\rep36\processed_rep36__cam5_s185977_rank517.jpg,processed_rep36__cam5_s185977_rank517.jpg,TRUE,rep36,cam5,185977,517,0.98634535074234,901.58050537109375,593.945068359375,0.03364795446395874,861.91009521484375,580.276123046875,0.03774912655353546,927.61419677734375,569.09246826171875,0.08434342592954636,886.0528645833333,570.0833333333334,3842.5,1000,1000,FALSE,FALSE,-0.7668897855537875,no issue,FALSE
frame518__s186337,C:/R_projects/spat_1f_noise/processed_feed\rep36\processed_rep36__cam5_s186337_rank518.jpg,processed_rep36__cam5_s186337_rank518.jpg,TRUE,rep36,cam5,186337,518,0.999450981616974,775.1700439453125,523.4791259765625,0.06666970252990723,846.199462890625,563.42254638671875,0.10739139467477798,927.19793701171875,563.42254638671875,0.14027315378189087,854.3517777777778,554.4595555555555,4506,1000,1000,FALSE,FALSE,0.6441460442998067,no issue,FALSE
frame519__s186698,C:/R_projects/spat_1f_noise/processed_feed\rep36\processed_rep36__cam5_s186698_rank519.jpg,processed_rep36__cam5_s186698_rank519.jpg,TRUE,rep36,cam5,186698,519,0.998537302017212,796.319091796875,573.8675537109375,0.22693362832069397,871.085205078125,564.0198974609375,0.3658476173877716,927.1597900390625,559.09613037109375,0.10525912046432495,859.4675483712956,562.7636541758511,4083,1000,1000,FALSE,FALSE,-0.32510118112947994,no issue,FALSE
frame520__s187058,C:/R_projects/spat_1f_noise/processed_feed\rep36\processed_rep36__cam5_s187058_rank520.jpg,processed_rep36__cam5_s187058_rank520.jpg,TRUE,rep36,cam5,187058,520,0.9981624484062196,767.290283203125,563.04400634765625,0.034662455320358276,863.47198486328125,558.176513671875,0.775162935256958,923.429443359375,559.39337158203125,0.11069667339324951,854.1875447387258,559.0441422094965,4192.5,1000,1000,FALSE,FALSE,-0.14339047574717295,no issue,FALSE
frame521__s187419,C:/R_projects/spat_1f_noise/processed_feed\rep36\processed_rep36__cam5_s187419_rank521.jpg,processed_rep36__cam5_s187419_rank521.jpg,TRUE,rep36,cam5,187419,521,0.9987908005714417,784.2176513671875,563.0577392578125,0.03898971527814865,871.3409423828125,564.27972412109375,0.18060408532619476,927.3487548828125,560.61376953125,0.11384979635477066,859.3180929095355,562.7251833740831,4091.5,1000,1000,FALSE,FALSE,-0.4119776485276685,no issue,FALSE
frame522__s187779,C:/R_projects/spat_1f_noise/processed_feed\rep36\processed_rep36__cam5_s187779_rank522.jpg,processed_rep36__cam5_s187779_rank522.jpg,TRUE,rep36,cam5,187779,522,0.9991233944892884,782.80487060546875,563.3861083984375,0.03722875565290451,872.2991943359375,563.3861083984375,4.64930534362793,925.747314453125,559.706787109375,0.12471045553684235,857.9256773552075,563.1700223713647,4026,1000,1000,FALSE,FALSE,-0.5660796513495366,no issue,FALSE
frame523__s188139,C:/R_projects/spat_1f_noise/processed_feed\rep36\processed_rep36__cam5_s188139_rank523.jpg,processed_rep36__cam5_s188139_rank523.jpg,TRUE,rep36,cam5,188139,523,0.9983548521995544,787.0782470703125,633.1435546875,0.08901620656251907,823.30108642578125,584.6376953125,0.1275337040424347,913.2337646484375,559.762939453125,0.20557911694049835,846.6398134407463,578.2955268178928,4720.5,1000,1000,FALSE,FALSE,0.7463271067510465,no issue,FALSE
frame524__s188500,C:/R_projects/spat_1f_noise/processed_feed\rep36\processed_rep36__cam5_s188500_rank524.jpg,processed_rep36__cam5_s188500_rank524.jpg,TRUE,rep36,cam5,188500,524,0.9987003803253174,809.2694091796875,565.455078125,0.04418528825044632,883.89794921875,560.52178955078125,1.8789747953414917,924.943603515625,551.88848876953125,0.09697510302066803,867.9577981651377,562.2044560943643,3818.5,1000,1000,FALSE,FALSE,-1.0256913428832735,no issue,FALSE
frame525__s188860,C:/R_projects/spat_1f_noise/processed_feed\rep36\processed_rep36__cam5_s188860_rank525.jpg,processed_rep36__cam5_s188860_rank525.jpg,TRUE,rep36,cam5,188860,525,0.9984083771705629,810.18548583984375,556.3038330078125,0.012143673375248909,832.64410400390625,581.99908447265625,0.059384506195783615,923.72650146484375,555.080322265625,0.09017390757799149,863.3272907871865,564.1864911845046,4033.5,1000,1000,FALSE,FALSE,-0.6662413908713212,no issue,FALSE
frame526__s189221,C:/R_projects/spat_1f_noise/processed_feed\rep36\processed_rep36__cam5_s189221_rank526.jpg,processed_rep36__cam5_s189221_rank526.jpg,TRUE,rep36,cam5,189221,526,0.9988135099411012,805.28515625,544.83807373046875,0.0481414832174778,882.737060546875,564.79486083984375,0.17935653030872345,925.21063232421875,554.81646728515625,0.12746620178222656,860.871467190956,565.0747112312607,4073,1000,1000,FALSE,FALSE,-0.6488909392929235,no issue,FALSE
frame527__s189581,C:/R_projects/spat_1f_noise/processed_feed\rep36\processed_rep36__cam5_s189581_rank527.jpg,processed_rep36__cam5_s189581_rank527.jpg,TRUE,rep36,cam5,189581,527,0.9985432624816896,787.0609130859375,567.28216552734375,0.08842571824789047,852.900146484375,590.8009033203125,0.10528963804244995,922.4661865234375,548.7147216796875,0.15488700568675995,857.0009244280102,571.4134504275479,4330.5,1000,1000,FALSE,FALSE,-0.21270698601889912,no issue,FALSE
frame528__s189942,C:/R_projects/spat_1f_noise/processed_feed\rep36\processed_rep36__cam5_s189942_rank528.jpg,processed_rep36__cam5_s189942_rank528.jpg,TRUE,rep36,cam5,189942,528,0.9985016584396362,766.1759033203125,647.10906982421875,0.0934949517250061,822.30316162109375,598.78271484375,0.10504093766212463,917.095947265625,555.412841796875,0.2172776609659195,840.8680758017492,588.8677113702624,5493,1000,1000,FALSE,FALSE,1.8787329811742353,no issue,FALSE
frame529__s190302,C:/R_projects/spat_1f_noise/processed_feed\rep36\processed_rep36__cam5_s190302_rank529.jpg,processed_rep36__cam5_s190302_rank529.jpg,TRUE,rep36,cam5,190302,529,0.9985729455947876,762.1912841796875,651.09832763671875,0.0956830084323883,822.04888916015625,601.57659912109375,0.15853898227214813,918.0703125,553.29296875,0.17002922296524048,836.9193131462334,591.3129615952732,5416.5,1000,1000,FALSE,FALSE,1.70407232732603,no issue,FALSE
frame530__s190662,C:/R_projects/spat_1f_noise/processed_feed\rep36\processed_rep36__cam5_s190662_rank530.jpg,processed_rep36__cam5_s190662_rank530.jpg,TRUE,rep36,cam5,190662,530,0.9982337951660156,838.9105224609375,659.5181884765625,0.09839636087417603,817.7779541015625,603.3199462890625,0.09446240961551666,899.822265625,560.8590087890625,0.2125627100467682,848.2068104426788,591.7568671963678,4400,1000,1000,FALSE,FALSE,-0.338490886970923,no issue,FALSE
frame531__s191023,C:/R_projects/spat_1f_noise/processed_feed\rep36\processed_rep36__cam5_s191023_rank531.jpg,processed_rep36__cam5_s191023_rank531.jpg,TRUE,rep36,cam5,191023,531,0.9985802173614502,755.0673828125,763.2054443359375,0.6562114357948303,767.4610595703125,706.06536865234375,0.16565845906734467,809.5997314453125,626.56622314453125,0.24664652347564697,776.0337992906321,692.0035468391404,4793.5,1000,1000,FALSE,FALSE,0.3596406337259268,no issue,FALSE
frame532__s191383,C:/R_projects/spat_1f_noise/processed_feed\rep36\processed_rep36__cam5_s191383_rank532.jpg,processed_rep36__cam5_s191383_rank532.jpg,TRUE,rep36,cam5,191383,532,0.9986685514450072,583.37042236328125,929.065673828125,0.04357050731778145,592.0450439453125,871.611083984375,0.07539220154285431,621.78643798828125,806.662353515625,0.23413026332855225,591.0118262451672,867.5305890379805,4394.5,1000,1000,FALSE,FALSE,-0.5828995697037188,no issue,FALSE
frame533__s191744,C:/R_projects/spat_1f_noise/processed_feed\rep36\processed_rep36__cam5_s191744_rank533.jpg,processed_rep36__cam5_s191744_rank533.jpg,TRUE,rep36,cam5,191744,533,0.99828040599823,571.3038330078125,926.9361572265625,0.3404918611049652,560.1932373046875,878.42401123046875,0.10033850371837616,609.57391357421875,801.3021240234375,0.22471535205841064,577.4228744939271,865.5870445344129,4935,1000,1000,FALSE,FALSE,0.4948964814858281,no issue,FALSE
frame534__s192104,C:/R_projects/spat_1f_noise/processed_feed\rep36\processed_rep36__cam5_s192104_rank534.jpg,processed_rep36__cam5_s192104_rank534.jpg,TRUE,rep36,cam5,192104,534,0.9976181387901306,552.72833251953125,915.5157470703125,1.2258657217025757,540.351806640625,870.77325439453125,0.11284131556749344,592.33331298828125,796.20245361328125,0.22076478600502014,561.6371534960695,856.4244931733554,4832.5,1000,1000,FALSE,FALSE,0.2632900973794533,no issue,FALSE
frame535__s192464,C:/R_projects/spat_1f_noise/processed_feed\rep36\processed_rep36__cam5_s192464_rank535.jpg,processed_rep36__cam5_s192464_rank535.jpg,TRUE,rep36,cam5,192464,535,0.997130811214447,554.6077880859375,916.58599853515625,3.9379539489746094,534.83367919921875,876.90911865234375,0.11168473213911057,591.684326171875,795.0755615234375,0.2375817894935608,560.5189075630252,856.4735294117647,4756,1000,1000,FALSE,FALSE,0.06601222953815497,no issue,FALSE
frame536__s192825,C:/R_projects/spat_1f_noise/processed_feed\rep36\processed_rep36__cam5_s192825_rank536.jpg,processed_rep36__cam5_s192825_rank536.jpg,TRUE,rep36,cam5,192825,536,0.9983263611793518,557.076904296875,909.0115966796875,0.07464867830276489,537.17388916015625,865.634765625,0.13889768719673157,611.81011962890625,797.47125244140625,0.2527993321418762,564.756169792695,854.3419545903257,5066,1000,1000,FALSE,FALSE,0.7499674602169003,no issue,FALSE
frame537__s193185,C:/R_projects/spat_1f_noise/processed_feed\rep36\processed_rep36__cam5_s193185_rank537.jpg,processed_rep36__cam5_s193185_rank537.jpg,TRUE,rep36,cam5,193185,537,0.9990505576133728,543.9053955078125,893.01422119140625,0.15092599391937256,529.06488037109375,853.3616943359375,0.1634180098772049,608.2142333984375,796.36114501953125,0.27070319652557373,559.9871931696905,843.4917822838847,4683,1000,1000,FALSE,FALSE,-0.06550295892189742,no issue,FALSE
frame538__s193546,C:/R_projects/spat_1f_noise/processed_feed\rep36\processed_rep36__cam5_s193546_rank538.jpg,processed_rep36__cam5_s193546_rank538.jpg,TRUE,rep36,cam5,193546,538,0.9973074197769164,539.42816162109375,906.38153076171875,13.746459007263184,523.29998779296875,856.77093505859375,0.16808126866817474,603.9410400390625,784.835693359375,0.26257508993148804,555.1174469787915,839.0956382553021,4989.5,1000,1000,FALSE,FALSE,0.5865844338514475,no issue,FALSE
frame539__s193906,C:/R_projects/spat_1f_noise/processed_feed\rep36\processed_rep36__cam5_s193906_rank539.jpg,processed_rep36__cam5_s193906_rank539.jpg,TRUE,rep36,cam5,193906,539,0.9981156587600708,531.29888916015625,903.357421875,12.61687183380127,521.333984375,854.86297607421875,0.16370834410190582,603.54425048828125,783.98651123046875,0.23569811880588531,553.6544015825915,839.0682492581602,5047.5,1000,1000,FALSE,FALSE,0.7312399990992509,no issue,FALSE
frame540__s194267,C:/R_projects/spat_1f_noise/processed_feed\rep36\processed_rep36__cam5_s194267_rank540.jpg,processed_rep36__cam5_s194267_rank540.jpg,TRUE,rep36,cam5,194267,540,0.99781596660614,532.53912353515625,896.1932373046875,2.8253161907196045,521.39984130859375,850.06378173828125,0.21608518064022064,601.85028076171875,782.73974609375,0.2530815601348877,553.3614146632227,836.3697595867276,5028.5,1000,1000,FALSE,FALSE,0.6884150413711732,no issue,FALSE
frame541__s194627,C:/R_projects/spat_1f_noise/processed_feed\rep36\processed_rep36__cam5_s194627_rank541.jpg,processed_rep36__cam5_s194627_rank541.jpg,TRUE,rep36,cam5,194627,541,0.9974478483200072,532.27142333984375,895.61309814453125,0.6527684330940247,523.545166015625,848.45086669921875,0.17143358290195465,599.58837890625,781.43072509765625,0.25717124342918396,553.587793998378,835.6368613138686,4927.5,1000,1000,FALSE,FALSE,0.49364150848768584,no issue,FALSE
frame542__s194987,C:/R_projects/spat_1f_noise/processed_feed\rep36\processed_rep36__cam5_s194987_rank542.jpg,processed_rep36__cam5_s194987_rank542.jpg,TRUE,rep36,cam5,194987,542,0.9986571073532104,532.30010986328125,899.960205078125,7.381682872772217,523.5927734375,850.203857421875,0.14046533405780792,598.226806640625,780.5450439453125,0.26112860441207886,552.410104315811,835.9462057680507,4882,1000,1000,FALSE,FALSE,0.4134842196243991,no issue,FALSE
frame543__s195348,C:/R_projects/spat_1f_noise/processed_feed\rep36\processed_rep36__cam5_s195348_rank543.jpg,processed_rep36__cam5_s195348_rank543.jpg,TRUE,rep36,cam5,195348,543,0.9975858926773072,532.03076171875,898.77618408203125,0.2660104036331177,520.896240234375,851.60009765625,0.1492365300655365,600.0753173828125,783.31903076171875,0.23368577659130096,551.1815464328417,837.6727779992028,5012.5,1000,1000,FALSE,FALSE,0.662560966548949,no issue,FALSE
frame544__s195708,C:/R_projects/spat_1f_noise/processed_feed\rep36\processed_rep36__cam5_s195708_rank544.jpg,processed_rep36__cam5_s195708_rank544.jpg,TRUE,rep36,cam5,195708,544,0.9987264275550842,529.916748046875,898.1119384765625,5.61867618560791,520.00140380859375,849.65972900390625,0.1452801525592804,603.04241943359375,786.299072265625,0.2657206952571869,552.065643304383,835.8982023833569,4942,1000,1000,FALSE,FALSE,0.5238741223246223,no issue,FALSE
frame545__s196069,C:/R_projects/spat_1f_noise/processed_feed\rep36\processed_rep36__cam5_s196069_rank545.jpg,processed_rep36__cam5_s196069_rank545.jpg,TRUE,rep36,cam5,196069,545,0.9984114170074464,530.448974609375,893.791015625,0.12576675415039063,518.07391357421875,850.3209228515625,0.18741445243358612,600.986572265625,784.49462890625,0.26297396421432495,550.5605611539221,836.7547915431733,5059,1000,1000,FALSE,FALSE,0.7685099258458666,no issue,FALSE
frame546__s196429,C:/R_projects/spat_1f_noise/processed_feed\rep36\processed_rep36__cam5_s196429_rank546.jpg,processed_rep36__cam5_s196429_rank546.jpg,TRUE,rep36,cam5,196429,546,0.9982060194015504,529.11712646484375,896.02606201171875,24.63564109802246,519.2135009765625,848.6546630859375,0.16166093945503235,604.63201904296875,783.83050537109375,0.25326234102249146,551.6843345111896,834.839222614841,5091,1000,1000,FALSE,FALSE,0.7794547538943786,no issue,FALSE
frame547__s196789,C:/R_projects/spat_1f_noise/processed_feed\rep36\processed_rep36__cam5_s196789_rank547.jpg,processed_rep36__cam5_s196789_rank547.jpg,TRUE,rep36,cam5,196789,547,0.9981525540351868,581.13958740234375,906.7479248046875,0.054108697921037674,533.75579833984375,834.60662841796875,0.12204628437757492,515.0517578125,735.1014404296875,0.2183331549167633,536.0914407230197,815.1158958001063,5646,1000,1000,FALSE,FALSE,1.7240407850877524,no issue,FALSE
frame548__s197150,C:/R_projects/spat_1f_noise/processed_feed\rep36\processed_rep36__cam5_s197150_rank548.jpg,processed_rep36__cam5_s197150_rank548.jpg,TRUE,rep36,cam5,197150,548,0.9912938475608826,515.556640625,845.522216796875,1.1816380023956299,511.8962097167969,783.18109130859375,0.03136248514056206,516.77679443359375,700.8907470703125,0.10133504122495651,513.8350175746924,770.3706063268893,4546,1000,1000,FALSE,FALSE,-0.24099321971592833,no issue,FALSE
frame549__s197510,C:/R_projects/spat_1f_noise/processed_feed\rep36\processed_rep36__cam5_s197510_rank549.jpg,processed_rep36__cam5_s197510_rank549.jpg,TRUE,rep36,cam5,197510,549,0.989440381526947,517.32080078125,844.29840087890625,5.385800838470459,513.66650390625,785.619384765625,0.03930560126900673,517.32080078125,699.4735107421875,0.11043958365917206,514.2458492975734,770.4838229033631,4695,1000,1000,FALSE,FALSE,0.00877330957755144,no issue,FALSE
frame550__s197871,C:/R_projects/spat_1f_noise/processed_feed\rep36\processed_rep36__cam5_s197871_rank550.jpg,processed_rep36__cam5_s197871_rank550.jpg,TRUE,rep36,cam5,197871,550,0.9948828220367432,523.11187744140625,841.76812744140625,0.7371036410331726,515.78448486328125,788.1279296875,0.07358728349208832,518.22698974609375,698.31170654296875,0.13298234343528748,516.6070106684084,768.0796864794252,4589,1000,1000,FALSE,FALSE,-0.19251399721295345,no issue,FALSE
frame551__s198231,C:/R_projects/spat_1f_noise/processed_feed\rep36\processed_rep36__cam5_s198231_rank551.jpg,processed_rep36__cam5_s198231_rank551.jpg,TRUE,rep36,cam5,198231,551,0.9875115156173706,531.34771728515625,815.6904296875,0.04105164110660553,501.5939025878906,769.81500244140625,0.08720161020755768,520.19000244140625,699.14190673828125,0.16513513028621674,511.05672856779444,754.5400661409311,3929,1000,1000,FALSE,FALSE,-1.323520121062662,no issue,FALSE
frame552__s198591,C:/R_projects/spat_1f_noise/processed_feed\rep36\processed_rep36__cam5_s198591_rank552.jpg,processed_rep36__cam5_s198591_rank552.jpg,TRUE,rep36,cam5,198591,552,0.9892326593399048,526.039794921875,821.74810791015625,0.02654288336634636,506.2749938964844,773.123779296875,0.07153964787721634,521.0986328125,698.3170166015625,0.17613351345062256,512.542735042735,754.3283056812469,3971.5,1000,1000,FALSE,FALSE,-1.2448327242769164,no issue,FALSE
frame553__s198952,C:/R_projects/spat_1f_noise/processed_feed\rep36\processed_rep36__cam5_s198952_rank553.jpg,processed_rep36__cam5_s198952_rank553.jpg,TRUE,rep36,cam5,198952,553,0.9909523725509644,526.8758544921875,818.31976318359375,0.028683677315711975,504.92041015625,770.96771240234375,0.0810115709900856,521.99688720703125,698.69354248046875,0.15929965674877167,512.1274435135821,753.1673013455191,3934,1000,1000,FALSE,FALSE,-1.3188696505235664,no issue,FALSE
frame554__s199312,C:/R_projects/spat_1f_noise/processed_feed\rep36\processed_rep36__cam5_s199312_rank554.jpg,processed_rep36__cam5_s199312_rank554.jpg,TRUE,rep36,cam5,199312,554,0.9917488098144532,533.491943359375,823.72003173828125,0.051856789737939835,504.9715576171875,771.431396484375,0.0769771859049797,521.091796875,697.978271484375,0.14191094040870667,513.082762122366,754.1236354404671,3935.5,1000,1000,FALSE,FALSE,-1.3194590466469385,no issue,FALSE
frame555__s199673,C:/R_projects/spat_1f_noise/processed_feed\rep36\processed_rep36__cam5_s199673_rank555.jpg,processed_rep36__cam5_s199673_rank555.jpg,TRUE,rep36,cam5,199673,555,0.9946763515472412,535.92205810546875,815.60296630859375,0.029359731823205948,506.47161865234375,765.61614990234375,0.05242258310317993,511.3800354003906,696.8843994140625,0.10556820780038834,510.8181067694001,750.5990643918547,3629.5,1000,1000,FALSE,FALSE,-1.801304307037822,no issue,FALSE
frame556__s200033,C:/R_projects/spat_1f_noise/processed_feed\rep36\processed_rep36__cam5_s200033_rank556.jpg,processed_rep36__cam5_s200033_rank556.jpg,TRUE,rep36,cam5,200033,556,0.990728497505188,522.5648193359375,806.39349365234375,0.1439395695924759,512.64276123046875,770.3099365234375,0.033395927399396896,525.04541015625,696.89825439453125,0.08535081148147583,518.3845942228336,752.34552957359,3631,1000,1000,FALSE,FALSE,-1.7972637916858454,no issue,FALSE
frame557__s200394,C:/R_projects/spat_1f_noise/processed_feed\rep36\processed_rep36__cam5_s200394_rank557.jpg,processed_rep36__cam5_s200394_rank557.jpg,TRUE,rep36,cam5,200394,557,0.9971895813941956,532.55267333984375,807.59918212890625,0.1851077824831009,523.9244384765625,765.25457763671875,0.055333562195301056,523.9244384765625,700.49224853515625,0.0681237205862999,525.5711693025668,756.7360642986778,3854,1000,1000,FALSE,FALSE,-1.4550866600404102,no issue,FALSE
frame558__s200754,C:/R_projects/spat_1f_noise/processed_feed\rep36\processed_rep36__cam5_s200754_rank558.jpg,processed_rep36__cam5_s200754_rank558.jpg,TRUE,rep36,cam5,200754,558,0.989597737789154,538.86669921875,821.6658935546875,0.04716188460588455,520.49652099609375,762.9969482421875,0.0706237182021141,526.61993408203125,807.93487548828125,0.03892196714878082,522.4796996662959,752.2931034482758,3592,1000,1000,FALSE,FALSE,-1.8644804240367783,no issue,FALSE
frame559__s201115,C:/R_projects/spat_1f_noise/processed_feed\rep36\processed_rep36__cam5_s201115_rank559.jpg,processed_rep36__cam5_s201115_rank559.jpg,TRUE,rep36,cam5,201115,559,0.9977152347564696,566.4849853515625,908.5020751953125,0.08741689473390579,528.1954345703125,828.9013671875,0.1695725917816162,544.25238037109375,733.1318359375,0.2060956209897995,536.1507359460898,815.3789679021103,5632,1000,1000,FALSE,FALSE,1.2136803007193548,no issue,FALSE
frame560__s201475,C:/R_projects/spat_1f_noise/processed_feed\rep36\processed_rep36__cam5_s201475_rank560.jpg,processed_rep36__cam5_s201475_rank560.jpg,TRUE,rep36,cam5,201475,560,0.9968020915985109,261.8578186035156,830.3551025390625,0.037617944180965424,375.34088134765625,830.3551025390625,0.2998075783252716,438.9412841796875,824.1690673828125,0.057854972779750824,356.2571942446043,829.232414068745,5004,1000,1000,FALSE,FALSE,0.2547996544565304,no issue,FALSE
frame561__s201836,C:/R_projects/spat_1f_noise/processed_feed\rep36\processed_rep36__cam5_s201836_rank561.jpg,processed_rep36__cam5_s201836_rank561.jpg,TRUE,rep36,cam5,201836,561,0.995701253414154,260.4073181152344,826.0567626953125,0.04694194346666336,348.6686706542969,838.28790283203125,0.049301739782094955,439.416259765625,824.8336181640625,0.05661869794130325,355.19925402434234,829.701806046329,5093.5,1000,1000,FALSE,FALSE,0.365254715492678,no issue,FALSE
frame562__s202196,C:/R_projects/spat_1f_noise/processed_feed\rep36\processed_rep36__cam5_s202196_rank562.jpg,processed_rep36__cam5_s202196_rank562.jpg,TRUE,rep36,cam5,202196,562,0.9985230565071106,266.1917724609375,821.922119140625,0.07040046900510788,339.8942565917969,848.93255615234375,0.11081461608409882,439.82977294921875,815.78338623046875,0.11888249963521957,359.6497650743931,832.2893500391542,5107,1000,1000,FALSE,FALSE,0.36673975979977885,no issue,FALSE
frame563__s202556,C:/R_projects/spat_1f_noise/processed_feed\rep36\processed_rep36__cam5_s202556_rank563.jpg,processed_rep36__cam5_s202556_rank563.jpg,TRUE,rep36,cam5,202556,563,0.9982996582984924,270.6142272949219,823.58795166015625,0.07563566416501999,343.8865661621094,854.6641845703125,0.07368539273738861,439.51324462890625,817.37274169921875,0.09627752006053925,357.46446407990777,835.5407222435651,5206,1000,1000,FALSE,FALSE,0.536009262190467,no issue,FALSE
frame564__s202917,C:/R_projects/spat_1f_noise/processed_feed\rep36\processed_rep36__cam5_s202917_rank564.jpg,processed_rep36__cam5_s202917_rank564.jpg,TRUE,rep36,cam5,202917,564,0.9981746673583984,278.3852844238281,831.5538330078125,0.08825044333934784,370.387451171875,849.05267333984375,0.06078947335481644,438.7674560546875,816.5548095703125,0.16829675436019897,363.3520599250936,838.6980090676128,5075,1000,1000,FALSE,FALSE,0.3162109683729492,no issue,FALSE
frame565__s203277,C:/R_projects/spat_1f_noise/processed_feed\rep36\processed_rep36__cam5_s203277_rank565.jpg,processed_rep36__cam5_s203277_rank565.jpg,TRUE,rep36,cam5,203277,565,0.997833788394928,281.5025329589844,832.09197998046875,0.06878147274255753,343.659423828125,869.2835693359375,0.11467376351356506,438.13787841796875,818.455078125,0.23686039447784424,364.10878741366076,843.932847275518,5214,1000,1000,FALSE,FALSE,0.4998879547030517,no issue,FALSE
frame566__s203638,C:/R_projects/spat_1f_noise/processed_feed\rep36\processed_rep36__cam5_s203638_rank566.jpg,processed_rep36__cam5_s203638_rank566.jpg,TRUE,rep36,cam5,203638,566,0.9979270696640016,271.9098205566406,838.78814697265625,0.08353842794895172,342.88409423828125,872.0225830078125,0.13060249388217926,444.9874267578125,837.5572509765625,0.16971170902252197,365.9914350970689,850.1870955462505,5258,1000,1000,FALSE,FALSE,0.5477226054287218,no issue,FALSE
frame567__s203998,C:/R_projects/spat_1f_noise/processed_feed\rep36\processed_rep36__cam5_s203998_rank567.jpg,processed_rep36__cam5_s203998_rank567.jpg,TRUE,rep36,cam5,203998,567,0.9971898198127748,276.4316101074219,832.35076904296875,0.06690122932195663,340.0179748535156,877.21673583984375,0.09579410403966904,443.50164794921875,836.089599609375,0.17852921783924103,362.2978837876614,852.0720946915352,5579.5,1000,1000,FALSE,FALSE,1.0199715592320042,no issue,FALSE
frame568__s204358,C:/R_projects/spat_1f_noise/processed_feed\rep36\processed_rep36__cam5_s204358_rank568.jpg,processed_rep36__cam5_s204358_rank568.jpg,TRUE,rep36,cam5,204358,568,0.9977259039878844,280.0349426269531,836.90826416015625,0.06903839856386185,342.52557373046875,878.9903564453125,0.10888517647981644,443.7603759765625,838.14599609375,0.18626701831817627,364.1780897838537,853.379641603547,5415,1000,1000,FALSE,FALSE,0.7561077189355822,no issue,FALSE
frame569__s204719,C:/R_projects/spat_1f_noise/processed_feed\rep36\processed_rep36__cam5_s204719_rank569.jpg,processed_rep36__cam5_s204719_rank569.jpg,TRUE,rep36,cam5,204719,569,0.9981940388679504,316.234619140625,833.21112060546875,0.15153072774410248,347.48211669921875,885.5318603515625,0.11577358841896057,444.9742126464844,838.19403076171875,0.20538711547851563,371.6363290898727,856.36671100133,5260.5,1000,1000,FALSE,FALSE,0.4972272357642748,no issue,FALSE
frame570__s205079,C:/R_projects/spat_1f_noise/processed_feed\rep36\processed_rep36__cam5_s205079_rank570.jpg,processed_rep36__cam5_s205079_rank570.jpg,TRUE,rep36,cam5,205079,570,0.9979705214500428,305.6983642578125,838.890625,0.06336763501167297,346.929443359375,889.58282470703125,0.09034240990877151,444.38470458984375,840.126953125,0.20806825160980225,369.9194001874414,859.3132146204312,5339,1000,1000,FALSE,FALSE,0.6205173159839266,no issue,FALSE
frame571__s205440,C:/R_projects/spat_1f_noise/processed_feed\rep36\processed_rep36__cam5_s205440_rank571.jpg,processed_rep36__cam5_s205440_rank571.jpg,TRUE,rep36,cam5,205440,571,0.9987114667892456,313.4789733886719,844.48602294921875,0.07381055504083633,360.8280029296875,894.1357421875,0.0835462436079979,445.5578308105469,830.832275390625,0.10139035433530807,374.37254901960785,863.1887254901961,5305.5,1000,1000,FALSE,FALSE,0.5362024654307266,no issue,FALSE
frame572__s205800,C:/R_projects/spat_1f_noise/processed_feed\rep36\processed_rep36__cam5_s205800_rank572.jpg,processed_rep36__cam5_s205800_rank572.jpg,TRUE,rep36,cam5,205800,572,0.9969550371170044,317.21343994140625,852.892578125,0.0712161436676979,365.5574951171875,898.7061767578125,0.07418865710496902,446.13092041015625,829.36669921875,0.12353325635194778,380.5760807465245,864.5625595124739,5256,1000,1000,FALSE,FALSE,0.4224040052857452,no issue,FALSE
frame573__s206161,C:/R_projects/spat_1f_noise/processed_feed\rep36\processed_rep36__cam5_s206161_rank573.jpg,processed_rep36__cam5_s206161_rank573.jpg,TRUE,rep36,cam5,206161,573,0.9992656111717224,319.17138671875,874.58251953125,3.056386947631836,363.9868469238281,891.9263916015625,0.07680022716522217,446.1485595703125,829.98388671875,0.1471344232559204,380.5256733191242,862.6574307304786,5158.5,1000,1000,FALSE,FALSE,0.11852320902921766,no issue,FALSE
frame574__s206521,C:/R_projects/spat_1f_noise/processed_feed\rep36\processed_rep36__cam5_s206521_rank574.jpg,processed_rep36__cam5_s206521_rank574.jpg,TRUE,rep36,cam5,206521,574,0.9969448447227478,300.0732116699219,846.4921875,0.060823552310466766,359.77655029296875,896.221435546875,0.06890175491571426,444.356201171875,830.33013916015625,0.06339310109615326,373.33172819689673,861.8815766006777,5605,1000,1000,FALSE,FALSE,1.6127234475021042,no issue,FALSE
frame575__s206881,C:/R_projects/spat_1f_noise/processed_feed\rep36\processed_rep36__cam5_s206881_rank575.jpg,processed_rep36__cam5_s206881_rank575.jpg,TRUE,rep36,cam5,206881,575,0.9987480640411376,321.86444091796875,852.51171875,0.0739682987332344,366.50762939453125,894.9942626953125,0.08079465478658676,445.87335205078125,828.7716064453125,0.113412044942379,381.4419984686064,862.9764548238898,5227.5,1000,1000,FALSE,FALSE,0.3789142992669559,no issue,FALSE
frame576__s207242,C:/R_projects/spat_1f_noise/processed_feed\rep36\processed_rep36__cam5_s207242_rank576.jpg,processed_rep36__cam5_s207242_rank576.jpg,TRUE,rep36,cam5,207242,576,0.9985103011131288,313.2225036621094,854.24267578125,0.07786797732114792,361.80609130859375,900.31378173828125,0.05608999729156494,445.270263671875,831.82977294921875,0.19028587639331818,379.87261380323054,864.1521659324522,5451,1000,1000,FALSE,FALSE,1.182860104220749,no issue,FALSE
frame577__s207602,C:/R_projects/spat_1f_noise/processed_feed\rep36\processed_rep36__cam5_s207602_rank577.jpg,processed_rep36__cam5_s207602_rank577.jpg,TRUE,rep36,cam5,207602,577,0.9986541271209716,311.30047607421875,848.60540771484375,0.08718151599168777,364.6981201171875,893.5101318359375,0.07100339233875275,447.8991394042969,828.64776611328125,0.09004300087690353,376.1694727104533,861.8782608695652,5408,1000,1000,FALSE,FALSE,0.9667042475365141,no issue,FALSE
frame578__s207963,C:/R_projects/spat_1f_noise/processed_feed\rep36\processed_rep36__cam5_s207963_rank578.jpg,processed_rep36__cam5_s207963_rank578.jpg,TRUE,rep36,cam5,207963,578,0.998485028743744,305.69622802734375,838.01641845703125,0.07424011826515198,364.2752685546875,890.059326171875,0.1064085066318512,442.796142578125,835.5382080078125,0.26384449005126953,375.1039818833742,858.54010190602,5303.5,1000,1000,FALSE,FALSE,0.602876545860719,no issue,FALSE
frame579__s208323,C:/R_projects/spat_1f_noise/processed_feed\rep36\processed_rep36__cam5_s208323_rank579.jpg,processed_rep36__cam5_s208323_rank579.jpg,TRUE,rep36,cam5,208323,579,0.998779594898224,322.16680908203125,851.6265869140625,0.08718755841255188,400.89447021484375,855.3543701171875,0.07944241166114807,442.13275146484375,839.20068359375,0.1969648003578186,379.13416075650116,864.9988179669031,5080.5,1000,1000,FALSE,FALSE,-0.15262410273163518,no issue,FALSE
frame580__s208683,C:/R_projects/spat_1f_noise/processed_feed\rep36\processed_rep36__cam5_s208683_rank580.jpg,processed_rep36__cam5_s208683_rank580.jpg,TRUE,rep36,cam5,208683,580,0.99869304895401,322.65240478515625,850.942626953125,0.10501207411289215,368.88079833984375,894.62823486328125,0.03511710464954376,446.3446044921875,829.723876953125,0.09021303057670593,379.3440589261485,863.4008528784648,5158.5,1000,1000,FALSE,FALSE,0.12495562561561797,no issue,FALSE
frame581__s209044,C:/R_projects/spat_1f_noise/processed_feed\rep36\processed_rep36__cam5_s209044_rank581.jpg,processed_rep36__cam5_s209044_rank581.jpg,TRUE,rep36,cam5,209044,581,0.9986953139305116,324.1134033203125,850.6796875,0.0797203779220581,362.57391357421875,887.8736572265625,0.05112399160861969,444.4576416015625,832.0826416015625,0.1715744286775589,380.186797752809,859.6563001605136,4987,1000,1000,FALSE,FALSE,-0.44631291747706586,no issue,FALSE
frame582__s209404,C:/R_projects/spat_1f_noise/processed_feed\rep36\processed_rep36__cam5_s209404_rank582.jpg,processed_rep36__cam5_s209404_rank582.jpg,TRUE,rep36,cam5,209404,582,0.999196231365204,327.3353576660156,854.1904296875,0.07729785144329071,363.33135986328125,888.80035400390625,0.03809681162238121,444.0119934082031,831.94122314453125,0.2259380966424942,381.48828043974277,860.1622070109936,4825,1000,1000,FALSE,FALSE,-1.0088404488032596,no issue,FALSE
frame583__s209765,C:/R_projects/spat_1f_noise/processed_feed\rep36\processed_rep36__cam5_s209765_rank583.jpg,processed_rep36__cam5_s209765_rank583.jpg,TRUE,rep36,cam5,209765,583,0.9993257522583008,331.8826904296875,856.37054443359375,0.0833519771695137,402.92327880859375,848.9281005859375,0.03846776485443115,442.80572509765625,832.80267333984375,0.21745264530181885,380.91201533873027,859.8016616957818,4699.5,1000,1000,FALSE,FALSE,-1.4661685778368234,no issue,FALSE
frame584__s210125,C:/R_projects/spat_1f_noise/processed_feed\rep36\processed_rep36__cam5_s210125_rank584.jpg,processed_rep36__cam5_s210125_rank584.jpg,TRUE,rep36,cam5,210125,584,0.9991233944892884,323.5942077636719,845.0860595703125,0.09216026216745377,383.235595703125,853.7216796875,0.028862569481134415,440.39190673828125,826.5811767578125,0.12702088057994843,376.7948547349745,848.4191616766467,4509,1000,1000,FALSE,FALSE,-2.180796618913957,too small,FALSE
frame585__s210486,C:/R_projects/spat_1f_noise/processed_feed\rep36\processed_rep36__cam5_s210486_rank585.jpg,processed_rep36__cam5_s210486_rank585.jpg,TRUE,rep36,cam5,210486,585,0.9991620779037476,329.49078369140625,842.801513671875,0.10802963376045227,371.80792236328125,871.3662109375,0.06923122704029083,441.5068054199219,831.6240234375,0.12181524187326431,378.8925202895372,853.9405571397236,4562,1000,1000,FALSE,FALSE,-1.9809378278978031,no issue,FALSE
frame586__s210846,C:/R_projects/spat_1f_noise/processed_feed\rep36\processed_rep36__cam5_s210846_rank586.jpg,processed_rep36__cam5_s210846_rank586.jpg,TRUE,rep36,cam5,210846,586,0.99952232837677,325.8337707519531,839.50732421875,0.06119649484753609,396.59124755859375,854.30120849609375,0.15123851597309113,436.3147277832031,838.27447509765625,0.18211770057678223,373.7496034892942,859.1021015067407,5052.5,1000,1000,FALSE,FALSE,-0.14718188832088827,no issue,FALSE
frame587__s211206,C:/R_projects/spat_1f_noise/processed_feed\rep36\processed_rep36__cam5_s211206_rank587.jpg,processed_rep36__cam5_s211206_rank587.jpg,TRUE,rep36,cam5,211206,587,0.999193012714386,325.34332275390625,840.25567626953125,0.10683003813028336,395.0940246582031,852.729248046875,0.0452127680182457,436.1971435546875,839.00823974609375,0.16985876858234406,372.82690302398333,855.7366006256517,4799.5,1000,1000,FALSE,FALSE,-1.0345173650942396,no issue,FALSE
frame588__s211567,C:/R_projects/spat_1f_noise/processed_feed\rep36\processed_rep36__cam5_s211567_rank588.jpg,processed_rep36__cam5_s211567_rank588.jpg,TRUE,rep36,cam5,211567,588,0.998849391937256,323.8658142089844,829.4296875,0.14284999668598175,352.6062316894531,886.71820068359375,0.03987216204404831,437.577880859375,838.14752197265625,0.17719972133636475,370.8570349386213,856.5416430594901,5303,1000,1000,FALSE,FALSE,0.595785172699754,no issue,FALSE
frame589__s211927,C:/R_projects/spat_1f_noise/processed_feed\rep36\processed_rep36__cam5_s211927_rank589.jpg,processed_rep36__cam5_s211927_rank589.jpg,TRUE,rep36,cam5,211927,589,0.9988079071044922,326.9471740722656,838.97833251953125,0.10522715747356415,366.6484069824219,875.2039794921875,0.028490541502833366,438.60693359375,838.97833251953125,0.16153934597969055,373.89399585921325,856.4244306418219,4831.5,1000,1000,FALSE,FALSE,-0.912369541203718,no issue,FALSE
frame590__s212288,C:/R_projects/spat_1f_noise/processed_feed\rep36\processed_rep36__cam5_s212288_rank590.jpg,processed_rep36__cam5_s212288_rank590.jpg,TRUE,rep36,cam5,212288,590,0.9991826415061952,323.7159729003906,839.95904541015625,0.09422911703586578,394.7757568359375,851.02325439453125,0.07338260114192963,438.4089660644531,837.50030517578125,0.16650569438934326,372.74482467258133,853.8436839881707,4736,1000,1000,FALSE,FALSE,-1.189020007060253,no issue,FALSE
frame591__s212648,C:/R_projects/spat_1f_noise/processed_feed\rep36\processed_rep36__cam5_s212648_rank591.jpg,processed_rep36__cam5_s212648_rank591.jpg,TRUE,rep36,cam5,212648,591,0.999157190322876,319.12744140625,831.36102294921875,0.07783344388008118,365.0237731933594,872.104248046875,0.04239138215780258,435.72894287109375,828.89166259765625,0.14410926401615143,367.7458161055326,853.014963575507,5082,1000,1000,FALSE,FALSE,-0.22271753242837808,no issue,FALSE
frame592__s213008,C:/R_projects/spat_1f_noise/processed_feed\rep36\processed_rep36__cam5_s213008_rank592.jpg,processed_rep36__cam5_s213008_rank592.jpg,TRUE,rep36,cam5,213008,592,0.997776448726654,336.0425109863281,812.9619140625,0.17885388433933258,333.5527038574219,881.48046875,0.05366576462984085,431.9012756347656,839.12353515625,0.19922174513339996,363.8435661764706,853.4161764705882,5438,1000,1000,FALSE,FALSE,0.665722518062734,no issue,FALSE
frame593__s213369,C:/R_projects/spat_1f_noise/processed_feed\rep36\processed_rep36__cam5_s213369_rank593.jpg,processed_rep36__cam5_s213369_rank593.jpg,TRUE,rep36,cam5,213369,593,0.9985466599464417,320.1662902832031,830.3345947265625,0.07494550943374634,385.059326171875,853.94781494140625,0.48467952013015747,429.98529052734375,863.89013671875,0.12761084735393524,359.32389874426946,856.3374526609527,5021,1000,1000,FALSE,FALSE,-0.4247836062904793,no issue,FALSE
frame594__s213729,C:/R_projects/spat_1f_noise/processed_feed\rep36\processed_rep36__cam5_s213729_rank594.jpg,processed_rep36__cam5_s213729_rank594.jpg,TRUE,rep36,cam5,213729,594,0.9988507032394408,328.8299865722656,825.3905029296875,0.10969873517751694,351.1417236328125,870.1405029296875,0.036627043038606644,435.4306335449219,870.1405029296875,0.11931019276380539,367.2622549019608,855.7420343137255,4899.5,1000,1000,FALSE,FALSE,-0.7416999248871153,no issue,FALSE
frame595__s214090,C:/R_projects/spat_1f_noise/processed_feed\rep36\processed_rep36__cam5_s214090_rank595.jpg,processed_rep36__cam5_s214090_rank595.jpg,TRUE,rep36,cam5,214090,595,0.9980612397193908,325.43865966796875,832.62481689453125,0.08009693771600723,330.3987121582031,878.5770263671875,0.038956377655267715,433.3195495605469,871.1253662109375,0.12807974219322205,364.6011904761905,858.5759920634921,5046,1000,1000,FALSE,FALSE,-0.4297613333633371,no issue,FALSE
frame596__s214450,C:/R_projects/spat_1f_noise/processed_feed\rep36\processed_rep36__cam5_s214450_rank596.jpg,processed_rep36__cam5_s214450_rank596.jpg,TRUE,rep36,cam5,214450,596,0.9982624650001526,325.31951904296875,830.47027587890625,0.11066893488168716,396.0057067871094,856.2489013671875,0.10511291772127151,434.4490966796875,870.97955322265625,0.17175936698913574,366.71789686552074,859.7395348837209,4951,1000,1000,FALSE,FALSE,-0.6829748210969845,no issue,FALSE
frame597__s214811,C:/R_projects/spat_1f_noise/processed_feed\rep36\processed_rep36__cam5_s214811_rank597.jpg,processed_rep36__cam5_s214811_rank597.jpg,TRUE,rep36,cam5,214811,597,0.9991401433944702,318.244384765625,824.697021484375,0.07290667295455933,391.5028381347656,855.6727294921875,0.16376757621765137,433.71954345703125,869.302001953125,0.1292484551668167,364.6844744455159,857.3072324011572,5188.5,1000,1000,FALSE,FALSE,-0.20272178809338798,no issue,FALSE
frame598__s215171,C:/R_projects/spat_1f_noise/processed_feed\rep36\processed_rep36__cam5_s215171_rank598.jpg,processed_rep36__cam5_s215171_rank598.jpg,TRUE,rep36,cam5,215171,598,0.9985812902450562,322.5886535644531,819.1009521484375,0.1064738854765892,392.31512451171875,855.1063232421875,0.1746084988117218,435.8941650390625,868.7635498046875,0.15871284902095795,364.14926542605286,856.7059745347698,5111,1000,1000,FALSE,FALSE,-0.44825046163220506,no issue,FALSE
frame599__s215531,C:/R_projects/spat_1f_noise/processed_feed\rep36\processed_rep36__cam5_s215531_rank599.jpg,processed_rep36__cam5_s215531_rank599.jpg,TRUE,rep36,cam5,215531,599,0.99767404794693,322.861572265625,832.1024169921875,0.0661597028374672,394.0645751953125,858.0150146484375,0.1518513411283493,435.2873229980469,870.35430908203125,0.16400469839572906,366.31190851735016,861.316048895899,5078.5,1000,1000,FALSE,FALSE,-0.6052990697038262,no issue,FALSE
frame600__s215892,C:/R_projects/spat_1f_noise/processed_feed\rep36\processed_rep36__cam5_s215892_rank600.jpg,processed_rep36__cam5_s215892_rank600.jpg,TRUE,rep36,cam5,215892,600,0.9987390637397766,320.05413818359375,823.3701171875,0.1162010058760643,390.70074462890625,855.51092529296875,0.17298202216625214,434.08026123046875,870.34515380859375,0.1424783170223236,363.37751547987614,857.6942724458204,5176.5,1000,1000,FALSE,FALSE,-0.5218736149986222,no issue,FALSE
frame601__s216252,C:/R_projects/spat_1f_noise/processed_feed\rep36\processed_rep36__cam5_s216252_rank601.jpg,processed_rep36__cam5_s216252_rank601.jpg,TRUE,rep36,cam5,216252,601,0.9980121850967408,340.04669189453125,747.557373046875,0.17888301610946655,326.3943176269531,827.2252197265625,0.17395997047424316,390.93292236328125,888.2208251953125,0.07325073331594467,352.29893992932864,824.606183745583,5648,1000,1000,FALSE,FALSE,0.3338441926595472,no issue,FALSE
frame602__s216613,C:/R_projects/spat_1f_noise/processed_feed\rep36\processed_rep36__cam5_s216613_rank602.jpg,processed_rep36__cam5_s216613_rank602.jpg,TRUE,rep36,cam5,216613,602,0.9962205290794371,340.53277587890625,726.764404296875,0.17411895096302032,346.7432861328125,817.7276611328125,0.1519451141357422,392.7010803222656,887.5076904296875,0.07590735703706741,360.0999648629656,811.125966268447,5683.5,1000,1000,FALSE,FALSE,0.357656889508234,no issue,FALSE
frame603__s216973,C:/R_projects/spat_1f_noise/processed_feed\rep36\processed_rep36__cam5_s216973_rank603.jpg,processed_rep36__cam5_s216973_rank603.jpg,TRUE,rep36,cam5,216973,603,0.9959831237792968,339.46258544921875,731.3148193359375,0.15784265100955963,341.96160888671875,814.55047607421875,0.16375190019607544,391.9422607421875,885.3629150390625,0.07563783973455429,358.4156925256819,811.7102373361672,5641.5,1000,1000,FALSE,FALSE,0.22059847203140995,no issue,FALSE
frame604__s217334,C:/R_projects/spat_1f_noise/processed_feed\rep36\processed_rep36__cam5_s217334_rank604.jpg,processed_rep36__cam5_s217334_rank604.jpg,TRUE,rep36,cam5,217334,604,0.9961916208267212,331.4437561035156,726.03753662109375,0.10760270804166794,345.0312805175781,816.9566650390625,0.17061956226825714,394.4405517578125,887.9482421875,0.07361801713705063,358.3218040013564,810.6020684977958,5895,1000,1000,FALSE,FALSE,0.7313258124273977,no issue,FALSE
frame605__s217694,C:/R_projects/spat_1f_noise/processed_feed\rep36\processed_rep36__cam5_s217694_rank605.jpg,processed_rep36__cam5_s217694_rank605.jpg,TRUE,rep36,cam5,217694,605,0.996279776096344,336.3709716796875,720.35614013671875,0.15767842531204224,347.5673828125,813.685302734375,0.1691126674413681,393.5971374511719,885.85986328125,0.07812511175870895,359.89251676667845,808.9871161313096,5661,1000,1000,FALSE,FALSE,0.15147867694950926,no issue,FALSE
frame606__s218054,C:/R_projects/spat_1f_noise/processed_feed\rep36\processed_rep36__cam5_s218054_rank606.jpg,processed_rep36__cam5_s218054_rank606.jpg,TRUE,rep36,cam5,218054,606,0.9972732663154602,340.289306640625,715.15411376953125,0.17138700187206268,349.036865234375,811.1199951171875,0.16426318883895874,392.7745056152344,884.6522216796875,0.06200233846902847,361.173756432247,804.8811320754717,5828.5,1000,1000,FALSE,FALSE,0.4486479197644634,no issue,FALSE
frame607__s218415,C:/R_projects/spat_1f_noise/processed_feed\rep36\processed_rep36__cam5_s218415_rank607.jpg,processed_rep36__cam5_s218415_rank607.jpg,TRUE,rep36,cam5,218415,607,0.9977166652679444,334.9850158691406,714.90057373046875,0.11466952413320541,351.0440368652344,809.54034423828125,0.14273741841316223,388.1033020019531,887.99169921875,0.06485451012849808,360.45526271613227,803.4367970454927,5960.5,1000,1000,FALSE,FALSE,0.6568038588588914,no issue,FALSE
frame608__s218775,C:/R_projects/spat_1f_noise/processed_feed\rep36\processed_rep36__cam5_s218775_rank608.jpg,processed_rep36__cam5_s218775_rank608.jpg,TRUE,rep36,cam5,218775,608,0.9975520968437196,338.36761474609375,709.4283447265625,0.07133908569812775,350.707275390625,806.6748046875,0.24599680304527283,390.19427490234375,885.22003173828125,0.04613739252090454,361.4282740676496,800.7835212489159,5766.5,1000,1000,FALSE,FALSE,0.14375957504318715,no issue,FALSE
frame609__s219136,C:/R_projects/spat_1f_noise/processed_feed\rep36\processed_rep36__cam5_s219136_rank609.jpg,processed_rep36__cam5_s219136_rank609.jpg,TRUE,rep36,cam5,219136,609,0.9976892471313475,343.399658203125,716.82080078125,0.10272694379091263,350.81414794921875,812.767333984375,0.153834730386734,387.88653564453125,887.53076171875,0.06313829869031906,362.22097636708645,806.2052785923754,5797.5,1000,1000,FALSE,FALSE,0.135838551492031,no issue,FALSE
frame610__s219496,C:/R_projects/spat_1f_noise/processed_feed\rep36\processed_rep36__cam5_s219496_rank610.jpg,processed_rep36__cam5_s219496_rank610.jpg,TRUE,rep36,cam5,219496,610,0.9974671602249146,353.2240295410156,716.3756103515625,0.1606658399105072,350.7374572753906,813.36846923828125,0.15593735873699188,386.7926025390625,887.9783935546875,0.05664172023534775,362.9984383133785,805.8308172826653,5755,1000,1000,FALSE,FALSE,-0.050653600445415156,no issue,FALSE
frame611__s219856,C:/R_projects/spat_1f_noise/processed_feed\rep36\processed_rep36__cam5_s219856_rank611.jpg,processed_rep36__cam5_s219856_rank611.jpg,TRUE,rep36,cam5,219856,611,0.9967498779296876,350.869140625,713.0640869140625,0.14794817566871643,348.38665771484375,807.564208984375,0.20537078380584717,396.79559326171875,883.4130859375,0.07430890202522278,364.02329535793234,803.5544975344329,5874.5,1000,1000,FALSE,FALSE,0.14249376011301126,no issue,FALSE
frame612__s220217,C:/R_projects/spat_1f_noise/processed_feed\rep36\processed_rep36__cam5_s220217_rank612.jpg,processed_rep36__cam5_s220217_rank612.jpg,TRUE,rep36,cam5,220217,612,0.9971998929977416,350.02239990234375,707.37335205078125,0.13259798288345337,350.02239990234375,805.84771728515625,0.24323460459709167,394.3606262207031,881.8848876953125,0.0654274970293045,364.0931581641358,802.1518512199283,5853.5,1000,1000,FALSE,FALSE,-0.02370724716743264,no issue,FALSE
frame613__s220577,C:/R_projects/spat_1f_noise/processed_feed\rep36\processed_rep36__cam5_s220577_rank613.jpg,processed_rep36__cam5_s220577_rank613.jpg,TRUE,rep36,cam5,220577,613,0.997967541217804,399.33331298828125,888.9527587890625,0.05509049817919731,353.59161376953125,806.7060546875,0.16943053901195526,344.9377746582031,713.24395751953125,0.04971917346119881,365.5446922689921,801.1868187154117,5963,1000,1000,FALSE,FALSE,0.18014987872592472,no issue,FALSE
frame614__s220938,C:/R_projects/spat_1f_noise/processed_feed\rep36\processed_rep36__cam5_s220938_rank614.jpg,processed_rep36__cam5_s220938_rank614.jpg,TRUE,rep36,cam5,220938,614,0.9976688027381896,343.40087890625,685.448486328125,0.09379881620407104,354.52935791015625,796.623291015625,0.19472886621952057,392.8607177734375,880.3167724609375,0.09020751714706421,364.74755016332244,791.4041063929071,6431,1000,1000,FALSE,FALSE,1.5682121717001019,no issue,FALSE
frame615__s221298,C:/R_projects/spat_1f_noise/processed_feed\rep36\processed_rep36__cam5_s221298_rank615.jpg,processed_rep36__cam5_s221298_rank615.jpg,TRUE,rep36,cam5,221298,615,0.9972905516624452,337.2156982421875,696.62347412109375,0.13866446912288666,359.6501159667969,801.24481201171875,0.15966062247753143,399.5335388183594,877.21990966796875,0.08123829960823059,366.91237607930924,793.460825071954,6257.5,1000,1000,FALSE,FALSE,1.0949551464624157,no issue,FALSE
frame616__s221658,C:/R_projects/spat_1f_noise/processed_feed\rep36\processed_rep36__cam5_s221658_rank616.jpg,processed_rep36__cam5_s221658_rank616.jpg,TRUE,rep36,cam5,221658,616,0.9965642094612122,332.290283203125,705.3382568359375,0.10553602874279022,358.45257568359375,801.10589599609375,0.16180700063705444,400.810546875,881.94873046875,0.06381863355636597,364.8915984896161,793.2657331655129,6353.5,1000,1000,FALSE,FALSE,1.5063427088180723,no issue,FALSE
frame617__s222019,C:/R_projects/spat_1f_noise/processed_feed\rep36\processed_rep36__cam5_s222019_rank617.jpg,processed_rep36__cam5_s222019_rank617.jpg,TRUE,rep36,cam5,222019,617,0.9986054301261902,342.64996337890625,707.46453857421875,0.13778002560138702,356.323486328125,803.5086669921875,0.14309723675251007,391.12884521484375,878.3482666015625,0.061299242079257965,364.44097460535346,797.1619766643788,5830.5,1000,1000,FALSE,FALSE,-0.6327468711480174,no issue,FALSE
frame618__s222379,C:/R_projects/spat_1f_noise/processed_feed\rep36\processed_rep36__cam5_s222379_rank618.jpg,processed_rep36__cam5_s222379_rank618.jpg,TRUE,rep36,cam5,222379,618,0.998296320438385,341.8597412109375,709.59625244140625,0.128129780292511,353.05023193359375,799.31890869140625,0.15723344683647156,391.59515380859375,875.33392333984375,0.07667288929224014,363.10420346167433,797.7575061815613,5661.5,1000,1000,FALSE,FALSE,-1.2558333927164718,no issue,FALSE
frame619__s222740,C:/R_projects/spat_1f_noise/processed_feed\rep36\processed_rep36__cam5_s222740_rank619.jpg,processed_rep36__cam5_s222740_rank619.jpg,TRUE,rep36,cam5,222740,619,0.9984821677207948,340.8709411621094,710.0504150390625,0.12388335913419724,354.5712890625,804.644775390625,0.13276264071464539,390.6905517578125,878.07989501953125,0.064760223031044,362.39344543582706,798.7829444063143,5826.5,1000,1000,FALSE,FALSE,-0.5852999846680875,no issue,FALSE
frame620__s223100,C:/R_projects/spat_1f_noise/processed_feed\rep36\processed_rep36__cam5_s223100_rank620.jpg,processed_rep36__cam5_s223100_rank620.jpg,TRUE,rep36,cam5,223100,620,0.9989060163497924,408.9571533203125,882.5555419921875,0.06363938003778458,357.71832275390625,804.1480712890625,0.18126150965690613,340.2221374511719,714.53955078125,0.1430213302373886,366.7467739232445,798.497905144964,5968.5,1000,1000,FALSE,FALSE,0.05197955356264685,no issue,FALSE
frame621__s223461,C:/R_projects/spat_1f_noise/processed_feed\rep36\processed_rep36__cam5_s223461_rank621.jpg,processed_rep36__cam5_s223461_rank621.jpg,TRUE,rep36,cam5,223461,621,0.997853696346283,408.71197509765625,881.56182861328125,0.08235762268304825,356.7683410644531,806.7664794921875,0.1995767056941986,339.4537658691406,712.02581787109375,0.13926981389522552,365.49055053410024,798.9465899753492,6087.5,1000,1000,FALSE,FALSE,0.4533688425921715,no issue,FALSE
frame622__s223821,C:/R_projects/spat_1f_noise/processed_feed\rep36\processed_rep36__cam5_s223821_rank622.jpg,processed_rep36__cam5_s223821_rank622.jpg,TRUE,rep36,cam5,223821,622,0.99811053276062,328.05072021484375,709.37750244140625,0.16062474250793457,359.2362976074219,801.803466796875,0.15804755687713623,412.8753967285156,876.7432861328125,0.06623052805662155,365.88600790513834,793.7364426877471,6324,1000,1000,FALSE,FALSE,1.0710902404277558,no issue,FALSE
frame623__s224181,C:/R_projects/spat_1f_noise/processed_feed\rep36\processed_rep36__cam5_s224181_rank623.jpg,processed_rep36__cam5_s224181_rank623.jpg,TRUE,rep36,cam5,224181,623,0.9979279041290284,417.0510559082031,879.75225830078125,0.06270059198141098,359.7702331542969,806.183837890625,0.12058372050523758,336.1108093261719,716.4053955078125,0.18978802859783173,367.1991681330987,797.204607262838,6252.5,1000,1000,FALSE,FALSE,0.8670231549737893,no issue,FALSE
frame624__s224542,C:/R_projects/spat_1f_noise/processed_feed\rep36\processed_rep36__cam5_s224542_rank624.jpg,processed_rep36__cam5_s224542_rank624.jpg,TRUE,rep36,cam5,224542,624,0.9959555864334106,345.64947509765625,706.389892578125,0.13830667734146118,389.3727111816406,817.2222900390625,0.16649436950683594,390.6219482421875,891.94085693359375,6.335270881652832,378.1311154598826,801.1945531637313,6141,1000,1000,FALSE,FALSE,0.6364094410609784,no issue,FALSE
frame625__s224902,C:/R_projects/spat_1f_noise/processed_feed\rep36\processed_rep36__cam5_s224902_rank625.jpg,processed_rep36__cam5_s224902_rank625.jpg,TRUE,rep36,cam5,224902,625,0.995171844959259,361.0885009765625,715.64892578125,0.0768793374300003,405.4338073730469,819.1160888671875,0.1558082103729248,406.6656494140625,892.6649169921875,0.65712571144104,397.38380984042556,806.227227393617,6024.5,1000,1000,FALSE,FALSE,0.4404044613043614,no issue,FALSE
frame626__s225263,C:/R_projects/spat_1f_noise/processed_feed\rep36\processed_rep36__cam5_s225263_rank626.jpg,processed_rep36__cam5_s225263_rank626.jpg,TRUE,rep36,cam5,225263,626,0.9920415282249452,373.95709228515625,717.4560546875,0.05610312893986702,414.88275146484375,818.37890625,0.11011228710412979,428.5246276855469,893.13653564453125,5.726126670837402,408.85200878844944,812.4838355304457,6378.5,1000,1000,FALSE,FALSE,0.9699894477671128,no issue,FALSE
frame627__s225623,C:/R_projects/spat_1f_noise/processed_feed\rep36\processed_rep36__cam5_s225623_rank627.jpg,processed_rep36__cam5_s225623_rank627.jpg,TRUE,rep36,cam5,225623,627,0.9951027631759644,369.8104248046875,720.130126953125,0.09574434906244278,414.73211669921875,820.830322265625,0.1450049877166748,429.7060546875,886.7205810546875,2.3658833503723145,410.72658107465526,812.8743065462038,6310,1000,1000,FALSE,FALSE,0.8550922480953749,no issue,FALSE
frame628__s225983,C:/R_projects/spat_1f_noise/processed_feed\rep36\processed_rep36__cam5_s225983_rank628.jpg,processed_rep36__cam5_s225983_rank628.jpg,TRUE,rep36,cam5,225983,628,0.9948451519012452,356.060546875,717.88232421875,0.04255436733365059,414.448974609375,814.04449462890625,0.12556074559688568,425.6297302246094,886.4783935546875,1.031442403793335,411.40654131774374,812.9548111866013,6325,1000,1000,FALSE,FALSE,0.8894539534981283,no issue,FALSE
frame629__s226344,C:/R_projects/spat_1f_noise/processed_feed\rep36\processed_rep36__cam5_s226344_rank629.jpg,processed_rep36__cam5_s226344_rank629.jpg,TRUE,rep36,cam5,226344,629,0.99733304977417,383.8135986328125,725.800537109375,0.17349369823932648,417.19036865234375,819.42437744140625,0.1376943290233612,428.31591796875,885.585205078125,2.946148633956909,414.44576651146747,817.2233143645456,5799,1000,1000,FALSE,FALSE,-0.032841547736028806,no issue,FALSE
frame630__s226704,C:/R_projects/spat_1f_noise/processed_feed\rep36\processed_rep36__cam5_s226704_rank630.jpg,processed_rep36__cam5_s226704_rank630.jpg,TRUE,rep36,cam5,226704,630,0.9980515241622924,385.4972839355469,726.0889892578125,0.20161741971969604,417.9110412597656,825.75750732421875,0.15726256370544434,429.13116455078125,890.54205322265625,22.674055099487305,413.7709380960638,815.3339691347321,5767,1000,1000,FALSE,FALSE,-0.03680639759705093,no issue,FALSE
frame631__s227065,C:/R_projects/spat_1f_noise/processed_feed\rep36\processed_rep36__cam5_s227065_rank631.jpg,processed_rep36__cam5_s227065_rank631.jpg,TRUE,rep36,cam5,227065,631,0.9958096742630004,372.5604248046875,720.28131103515625,0.06171492859721184,414.7006530761719,812.6309814453125,0.10469923913478851,429.57366943359375,880.02130126953125,0.21391457319259644,410.9897694056512,808.9265995453069,6154,1000,1000,FALSE,FALSE,0.7104644211983847,no issue,FALSE
frame632__s227425,C:/R_projects/spat_1f_noise/processed_feed\rep36\processed_rep36__cam5_s227425_rank632.jpg,processed_rep36__cam5_s227425_rank632.jpg,TRUE,rep36,cam5,227425,632,0.9976634979248048,382.2169494628906,718.81591796875,0.18038414418697357,418.1463928222656,821.23297119140625,0.14610198140144348,429.2969055175781,886.180419921875,2.3434841632843018,414.08996307485734,813.2979187646862,5959.5,1000,1000,FALSE,FALSE,0.41712128767562984,no issue,FALSE
frame633__s227785,C:/R_projects/spat_1f_noise/processed_feed\rep36\processed_rep36__cam5_s227785_rank633.jpg,processed_rep36__cam5_s227785_rank633.jpg,TRUE,rep36,cam5,227785,633,0.9967111349105836,393.27215576171875,732.91937255859375,0.07138479501008987,421.7472839355469,822.422607421875,0.13425083458423615,426.6994934082031,892.0362548828125,0.4144479036331177,420.26759796806965,819.1240928882438,5509,1000,1000,FALSE,FALSE,-0.3582732900020443,no issue,FALSE
frame634__s228146,C:/R_projects/spat_1f_noise/processed_feed\rep36\processed_rep36__cam5_s228146_rank634.jpg,processed_rep36__cam5_s228146_rank634.jpg,TRUE,rep36,cam5,228146,634,0.9932053089141846,389.3221435546875,732.31591796875,0.04997063800692558,423.89752197265625,815.964599609375,0.14636605978012085,427.60205078125,885.8800048828125,0.26720714569091797,420.22629310344826,816.1668462643678,5565,1000,1000,FALSE,FALSE,-0.2350856839898248,no issue,FALSE
frame635__s228506,C:/R_projects/spat_1f_noise/processed_feed\rep36\processed_rep36__cam5_s228506_rank635.jpg,processed_rep36__cam5_s228506_rank635.jpg,TRUE,rep36,cam5,228506,635,0.9940645098686218,421.927734375,747.98944091796875,0.07435259222984314,426.90802001953125,838.66754150390625,0.06000223383307457,430.6432800292969,904.5023193359375,18.357437133789063,426.35436423456554,828.9965163537836,5162,1000,1000,FALSE,FALSE,-0.9296854742821306,no issue,FALSE
frame636__s228867,C:/R_projects/spat_1f_noise/processed_feed\rep36\processed_rep36__cam5_s228867_rank636.jpg,processed_rep36__cam5_s228867_rank636.jpg,TRUE,rep36,cam5,228867,636,0.9933695197105408,419.1567687988281,765.780029296875,0.09617997705936432,430.14935302734375,848.17498779296875,0.062483299523591995,436.2563781738281,904.35333251953125,8.681525230407715,430.2188930503537,835.5208073241781,4802.5,1000,1000,FALSE,FALSE,-1.5484512623254119,no issue,FALSE
frame637__s229227,C:/R_projects/spat_1f_noise/processed_feed\rep36\processed_rep36__cam5_s229227_rank637.jpg,processed_rep36__cam5_s229227_rank637.jpg,TRUE,rep36,cam5,229227,637,0.9946377873420716,419.56121826171875,760.4677734375,0.0496051162481308,429.4918518066406,842.92108154296875,0.07100160419940948,433.2158203125,904.13641357421875,32.68783950805664,427.8667071197411,833.4904935275081,4937,1000,1000,FALSE,FALSE,-1.2818807380556192,no issue,FALSE
frame638__s229587,C:/R_projects/spat_1f_noise/processed_feed\rep36\processed_rep36__cam5_s229587_rank638.jpg,processed_rep36__cam5_s229587_rank638.jpg,TRUE,rep36,cam5,229587,638,0.9945313930511476,418.6946105957031,766.4400634765625,0.059424031525850296,424.8637390136719,844.8028564453125,13.911360740661621,428.5652160644531,904.5079345703125,0.04791359230875969,423.907001951008,840.7643615868199,4611.5,1000,1000,FALSE,FALSE,-1.8503251977756268,no issue,FALSE
frame639__s229948,C:/R_projects/spat_1f_noise/processed_feed\rep36\processed_rep36__cam5_s229948_rank639.jpg,processed_rep36__cam5_s229948_rank639.jpg,TRUE,rep36,cam5,229948,639,0.9960540533065796,417.2238464355469,768.8466796875,0.06430832296609879,425.7440490722656,844.7572021484375,3.075439691543579,429.39556884765625,906.97900390625,0.04684332758188248,424.6296056884292,840.2867916397328,4644.5,1000,1000,FALSE,FALSE,-1.7639702112787587,no issue,FALSE
frame640__s230308,C:/R_projects/spat_1f_noise/processed_feed\rep36\processed_rep36__cam5_s230308_rank640.jpg,processed_rep36__cam5_s230308_rank640.jpg,TRUE,rep36,cam5,230308,640,0.99448424577713,418.4031982421875,751.56298828125,0.06928938627243042,430.537109375,841.1429443359375,0.05527515709400177,426.8969421386719,904.595458984375,14.785089492797852,428.617853560682,834.5023069207623,4988.5,1000,1000,FALSE,FALSE,-1.0970528075096915,no issue,FALSE
frame641__s230669,C:/R_projects/spat_1f_noise/processed_feed\rep36\processed_rep36__cam5_s230669_rank641.jpg,processed_rep36__cam5_s230669_rank641.jpg,TRUE,rep36,cam5,230669,641,0.9779451489448548,392.7001953125,723.30499267578125,0.02194167487323284,438.6637878417969,816.81640625,0.10439343750476837,433.69476318359375,895.365966796875,0.4375382661819458,421.626934760596,805.563865181542,6912.5,1000,1000,FALSE,FALSE,2.632338611121473,too big,FALSE
frame642__s231029,C:/R_projects/spat_1f_noise/processed_feed\rep36\processed_rep36__cam5_s231029_rank642.jpg,processed_rep36__cam5_s231029_rank642.jpg,TRUE,rep36,cam5,231029,642,0.994109034538269,402.147705078125,735.935546875,0.09543194621801376,441.9674072265625,829.556884765625,0.10309508442878723,434.5011901855469,905.70220947265625,0.10015575587749481,432.55813550511175,822.1074337203257,5771,1000,1000,FALSE,FALSE,0.5042378646841489,no issue,FALSE
frame643__s231390,C:/R_projects/spat_1f_noise/processed_feed\rep36\processed_rep36__cam5_s231390_rank643.jpg,processed_rep36__cam5_s231390_rank643.jpg,TRUE,rep36,cam5,231390,643,0.9976820945739746,403.28826904296875,742.3065185546875,0.14304663240909576,441.3326416015625,829.346435546875,0.1031096875667572,435.19647216796875,892.76123046875,0.25055089592933655,432.6792849631966,822.5897301086576,5703.5,1000,1000,FALSE,FALSE,0.44568999541441184,no issue,FALSE
frame644__s231750,C:/R_projects/spat_1f_noise/processed_feed\rep36\processed_rep36__cam5_s231750_rank644.jpg,processed_rep36__cam5_s231750_rank644.jpg,TRUE,rep36,cam5,231750,644,0.9951640367507936,398.6010437011719,738.2034912109375,0.10634081810712814,444.8067626953125,815.4814453125,0.11299915611743927,436.06512451171875,903.97705078125,0.08244813978672028,433.5280841676565,820.1267605633802,5888,1000,1000,FALSE,FALSE,0.9381653427432366,no issue,FALSE
frame645__s232110,C:/R_projects/spat_1f_noise/processed_feed\rep36\processed_rep36__cam5_s232110_rank645.jpg,processed_rep36__cam5_s232110_rank645.jpg,TRUE,rep36,cam5,232110,645,0.9957937002182008,416.9744873046875,758.21746826171875,0.11182939261198044,448.21148681640625,830.46905517578125,0.12785975635051727,440.714599609375,905.212158203125,0.08238179981708527,440.5881497637223,828.0936023264268,5498.5,1000,1000,FALSE,FALSE,0.10851625393288129,no issue,FALSE
frame646__s232471,C:/R_projects/spat_1f_noise/processed_feed\rep36\processed_rep36__cam5_s232471_rank646.jpg,processed_rep36__cam5_s232471_rank646.jpg,TRUE,rep36,cam5,232471,646,0.9974474906921388,415.81610107421875,754.01519775390625,0.10101129114627838,445.6913757324219,827.7127685546875,0.1197422593832016,441.9569396972656,902.65960693359375,0.09194652736186981,440.65909090909093,824.6834947839046,5368,1000,1000,FALSE,FALSE,-0.1549965410527498,no issue,FALSE
frame647__s232831,C:/R_projects/spat_1f_noise/processed_feed\rep36\processed_rep36__cam5_s232831_rank647.jpg,processed_rep36__cam5_s232831_rank647.jpg,TRUE,rep36,cam5,232831,647,0.9962943196296692,407.0994567871094,761.7515869140625,0.09883682429790497,446.7430114746094,829.1160888671875,0.09882062673568726,443.02642822265625,901.470458984375,0.101288340985775,439.33351498637603,824.0005449591281,5503.5,1000,1000,FALSE,FALSE,0.22018694280132428,no issue,FALSE
frame648__s233192,C:/R_projects/spat_1f_noise/processed_feed\rep36\processed_rep36__cam5_s233192_rank648.jpg,processed_rep36__cam5_s233192_rank648.jpg,TRUE,rep36,cam5,233192,648,0.994279146194458,369.2677307128906,813.1357421875,0.10097695142030716,444.10089111328125,833.0145263671875,0.065643809735775,441.6064147949219,900.1051025390625,0.061761289834976196,427.45385365853656,831.2932682926829,5123,1000,1000,FALSE,FALSE,-0.6525946536122802,no issue,FALSE
frame649__s233552,C:/R_projects/spat_1f_noise/processed_feed\rep36\processed_rep36__cam5_s233552_rank649.jpg,processed_rep36__cam5_s233552_rank649.jpg,TRUE,rep36,cam5,233552,649,0.9959474205970764,348.077880859375,807.217041015625,0.142079696059227,437.7279357910156,834.6273193359375,0.045208558440208435,427.76678466796875,905.64483642578125,0.09798379242420197,413.8412818096136,833.6735155513667,5304,1000,1000,FALSE,FALSE,-0.21310096942693277,no issue,FALSE
frame650__s233913,C:/R_projects/spat_1f_noise/processed_feed\rep36\processed_rep36__cam5_s233913_rank650.jpg,processed_rep36__cam5_s233913_rank650.jpg,TRUE,rep36,cam5,233913,650,0.9948394894599916,360.77545166015625,807.748046875,0.11368591338396072,436.357666015625,832.65380859375,0.04639545828104019,430.162353515625,906.12579345703125,0.08329680562019348,414.94914944210717,833.5803914395464,5461,1000,1000,FALSE,FALSE,0.1731332566393116,no issue,FALSE
frame651__s234273,C:/R_projects/spat_1f_noise/processed_feed\rep36\processed_rep36__cam5_s234273_rank651.jpg,processed_rep36__cam5_s234273_rank651.jpg,TRUE,rep36,cam5,234273,651,0.9948135614395142,356.55584716796875,809.031005859375,0.11121592670679092,438.40216064453125,831.45843505859375,0.04500323534011841,430.96160888671875,906.216552734375,0.08640442788600922,416.1198772341578,832.7098754287778,5531.5,1000,1000,FALSE,FALSE,0.3440105458286345,no issue,FALSE
frame652__s234633,C:/R_projects/spat_1f_noise/processed_feed\rep36\processed_rep36__cam5_s234633_rank652.jpg,processed_rep36__cam5_s234633_rank652.jpg,TRUE,rep36,cam5,234633,652,0.9959896206855774,359.24505615234375,813.5596923828125,0.11014290899038315,438.48138427734375,837.09967041015625,0.03270506486296654,433.52911376953125,905.24169921875,0.0821867436170578,417.34609045962276,834.3479216260758,5455.5,1000,1000,FALSE,FALSE,0.11205494552043734,no issue,FALSE
frame653__s234994,C:/R_projects/spat_1f_noise/processed_feed\rep36\processed_rep36__cam5_s234994_rank653.jpg,processed_rep36__cam5_s234994_rank653.jpg,TRUE,rep36,cam5,234994,653,0.997305989265442,364.9792785644531,796.35369873046875,0.14549192786216736,439.67315673828125,833.6617431640625,0.08018086105585098,437.1833801269531,900.81610107421875,0.08336745202541351,421.23848592205854,831.1571881409659,5357,1000,1000,FALSE,FALSE,-0.1806084186025714,no issue,FALSE
frame654__s235354,C:/R_projects/spat_1f_noise/processed_feed\rep36\processed_rep36__cam5_s235354_rank654.jpg,processed_rep36__cam5_s235354_rank654.jpg,TRUE,rep36,cam5,235354,654,0.9964073300361632,366.847900390625,809.1402587890625,0.11468814313411713,439.8890686035156,836.56195068359375,0.04671875387430191,438.6510925292969,901.376953125,0.06759656965732574,421.64901664145236,832.8903177004538,5282,1000,1000,FALSE,FALSE,-0.5126161923804462,no issue,FALSE
frame655__s235715,C:/R_projects/spat_1f_noise/processed_feed\rep36\processed_rep36__cam5_s235715_rank655.jpg,processed_rep36__cam5_s235715_rank655.jpg,TRUE,rep36,cam5,235715,655,0.996664822101593,369.4769287109375,807.6839599609375,0.11711146682500839,437.8973083496094,837.5673828125,0.06428733468055725,437.8973083496094,902.31475830078125,0.06422864645719528,422.23045797314694,832.1774875850653,5427,1000,1000,FALSE,FALSE,-0.25603432671475956,no issue,FALSE
frame656__s236075,C:/R_projects/spat_1f_noise/processed_feed\rep36\processed_rep36__cam5_s236075_rank656.jpg,processed_rep36__cam5_s236075_rank656.jpg,TRUE,rep36,cam5,236075,656,0.9960009455680848,370.4128723144531,810.6319580078125,0.12770427763462067,440.2779846191406,834.20587158203125,0.07131674140691757,442.77313232421875,902.4461669921875,0.06275821477174759,423.52787685376387,831.0465552844003,5322.5,1000,1000,FALSE,FALSE,-0.6561768269955417,no issue,FALSE
frame657__s236435,C:/R_projects/spat_1f_noise/processed_feed\rep36\processed_rep36__cam5_s236435_rank657.jpg,processed_rep36__cam5_s236435_rank657.jpg,TRUE,rep36,cam5,236435,657,0.9941060543060304,359.512939453125,824.74615478515625,0.07702384889125824,434.46148681640625,857.03302001953125,0.04336151108145714,445.7037353515625,900.49609375,0.06906677037477493,418.20464543374976,832.6823860636988,5679.5,1000,1000,FALSE,FALSE,0.6061286984891703,no issue,FALSE
frame658__s236796,C:/R_projects/spat_1f_noise/processed_feed\rep36\processed_rep36__cam5_s236796_rank658.jpg,processed_rep36__cam5_s236796_rank658.jpg,TRUE,rep36,cam5,236796,658,0.9954206347465516,369.1378173828125,812.61956787109375,0.10405786335468292,439.9287414550781,832.6063232421875,0.043648336082696915,446.1384582519531,901.31097412109375,0.061458081007003784,422.66206261510126,831.153591160221,5423.5,1000,1000,FALSE,FALSE,-0.39775543683165343,no issue,FALSE
frame659__s237156,C:/R_projects/spat_1f_noise/processed_feed\rep36\processed_rep36__cam5_s237156_rank659.jpg,processed_rep36__cam5_s237156_rank659.jpg,TRUE,rep36,cam5,237156,659,0.9950538873672484,365.94573974609375,811.87158203125,0.09324320405721664,435.5115051269531,857.770263671875,0.09722359478473663,447.9339599609375,902.428466796875,0.0749305933713913,421.1980842219411,832.1519971082595,5529.5,1000,1000,FALSE,FALSE,-0.049673258644735034,no issue,FALSE
frame660__s237517,C:/R_projects/spat_1f_noise/processed_feed\rep36\processed_rep36__cam5_s237517_rank660.jpg,processed_rep36__cam5_s237517_rank660.jpg,TRUE,rep36,cam5,237517,660,0.9969884753227234,365.9608459472656,807.7811279296875,0.13870148360729218,440.95245361328125,828.9207763671875,0.040870554745197296,444.7019958496094,903.531005859375,0.07266297191381454,422.90496800903276,831.2487768159579,5310,1000,1000,FALSE,FALSE,-0.8128617714803461,no issue,FALSE
frame661__s237877,C:/R_projects/spat_1f_noise/processed_feed\rep36\processed_rep36__cam5_s237877_rank661.jpg,processed_rep36__cam5_s237877_rank661.jpg,TRUE,rep36,cam5,237877,661,0.9963430762290956,376.8859558105469,804.8167724609375,0.10221908241510391,436.30572509765625,849.7313232421875,0.16349947452545166,441.25738525390625,899.6363525390625,0.08097314834594727,425.6869630183041,828.427717594322,5351.5,1000,1000,FALSE,FALSE,-0.6854249841320867,no issue,FALSE
frame662__s238237,C:/R_projects/spat_1f_noise/processed_feed\rep36\processed_rep36__cam5_s238237_rank662.jpg,processed_rep36__cam5_s238237_rank662.jpg,TRUE,rep36,cam5,238237,662,0.99651837348938,368.5508728027344,796.22003173828125,0.13249613344669342,434.61541748046875,850.77606201171875,0.12496768683195114,438.3548583984375,902.85223388671875,0.07420722395181656,422.81252336448597,829.7457943925234,5342,1000,1000,FALSE,FALSE,-0.7638298999038345,no issue,FALSE
frame663__s238598,C:/R_projects/spat_1f_noise/processed_feed\rep36\processed_rep36__cam5_s238598_rank663.jpg,processed_rep36__cam5_s238598_rank663.jpg,TRUE,rep36,cam5,238598,663,0.9972832202911376,370.1539611816406,790.82940673828125,0.09723574668169022,439.95404052734375,835.49468994140625,0.08951356261968613,438.70758056640625,900.01123046875,0.07096021622419357,422.83688340807174,826.6276158445442,5347,1000,1000,FALSE,FALSE,-0.7733918723299373,no issue,FALSE
frame664__s238958,C:/R_projects/spat_1f_noise/processed_feed\rep36\processed_rep36__cam5_s238958_rank664.jpg,processed_rep36__cam5_s238958_rank664.jpg,TRUE,rep36,cam5,238958,664,0.9961764812469482,362.71295166015625,789.1949462890625,0.116365447640419,435.97772216796875,836.46429443359375,0.09368669986724854,426.04345703125,906.12432861328125,0.09406046569347382,417.47119378724943,829.6145927397507,5533,1000,1000,FALSE,FALSE,-0.2603873142108111,no issue,FALSE
frame665__s239319,C:/R_projects/spat_1f_noise/processed_feed\rep36\processed_rep36__cam5_s239319_rank665.jpg,processed_rep36__cam5_s239319_rank665.jpg,TRUE,rep36,cam5,239319,665,0.998017430305481,374.72332763671875,784.58349609375,0.17313963174819946,439.27923583984375,834.56732177734375,0.10370694845914841,435.55487060546875,889.54962158203125,0.2236432135105133,424.331221719457,828.0117647058823,5520.5,1000,1000,FALSE,FALSE,-0.37711660104907146,no issue,FALSE
frame666__s239679,C:/R_projects/spat_1f_noise/processed_feed\rep36\processed_rep36__cam5_s239679_rank666.jpg,processed_rep36__cam5_s239679_rank666.jpg,TRUE,rep36,cam5,239679,666,0.9967319965362548,376.6607360839844,794.810791015625,0.10681052505970001,441.15960693359375,835.79296875,0.08031754195690155,441.15960693359375,901.6129150390625,0.061710648238658905,427.2706766917293,828.4561403508771,5179.5,1000,1000,FALSE,FALSE,-1.5109682177438208,no issue,FALSE
frame667__s240039,C:/R_projects/spat_1f_noise/processed_feed\rep36\processed_rep36__cam5_s240039_rank667.jpg,processed_rep36__cam5_s240039_rank667.jpg,TRUE,rep36,cam5,240039,667,0.9970622658729552,374.8827819824219,788.4130859375,0.11235033720731735,441.56298828125,834.3736572265625,0.08980747312307358,436.62371826171875,889.0294189453125,0.27782779932022095,426.69711979453314,824.8457163823151,5443,1000,1000,FALSE,FALSE,-0.6838362115039969,no issue,FALSE
frame668__s240400,C:/R_projects/spat_1f_noise/processed_feed\rep36\processed_rep36__cam5_s240400_rank668.jpg,processed_rep36__cam5_s240400_rank668.jpg,TRUE,rep36,cam5,240400,668,0.9952025413513184,435.568359375,733.09625244140625,0.07706374675035477,424.56732177734375,831.79803466796875,0.09673146158456802,420.9002990722656,900.51446533203125,17.81381607055664,424.1364979682305,820.9096786110085,5410,1000,1000,FALSE,FALSE,-0.7676542207400663,no issue,FALSE
frame669__s240760,C:/R_projects/spat_1f_noise/processed_feed\rep36\processed_rep36__cam5_s240760_rank669.jpg,processed_rep36__cam5_s240760_rank669.jpg,TRUE,rep36,cam5,240760,669,0.996965229511261,428.14129638671875,764.1033935546875,0.10583320260047913,377.1435852050781,823.68646240234375,0.07287533581256866,404.5082092285156,903.1304931640625,0.08079814165830612,395.1744738628649,824.182959945689,5895.5,1000,1000,FALSE,FALSE,0.7748760817770897,no issue,FALSE
frame670__s241121,C:/R_projects/spat_1f_noise/processed_feed\rep36\processed_rep36__cam5_s241121_rank670.jpg,processed_rep36__cam5_s241121_rank670.jpg,TRUE,rep36,cam5,241121,670,0.996616542339325,419.71429443359375,765.941162109375,0.1007734164595604,369.1694641113281,825.57135009765625,0.10196280479431152,403.6878967285156,910.0474853515625,0.08341389149427414,391.43024580823703,828.5184763145044,6146.5,1000,1000,FALSE,FALSE,1.571109336708087,no issue,FALSE
frame671__s241481,C:/R_projects/spat_1f_noise/processed_feed\rep36\processed_rep36__cam5_s241481_rank671.jpg,processed_rep36__cam5_s241481_rank671.jpg,TRUE,rep36,cam5,241481,671,0.995274782180786,359.73614501953125,734.1689453125,0.05226095765829086,420.904296875,832.51495361328125,0.14167127013206482,429.6426086425781,894.75927734375,27.25864601135254,407.14787339268054,817.8532805802836,6066,1000,1000,FALSE,FALSE,1.314840895913091,no issue,FALSE
frame672__s241842,C:/R_projects/spat_1f_noise/processed_feed\rep36\processed_rep36__cam5_s241842_rank672.jpg,processed_rep36__cam5_s241842_rank672.jpg,TRUE,rep36,cam5,241842,672,0.9947850108146667,358.9969482421875,742.3173828125,0.06682410836219788,420.89501953125,826.885986328125,0.15236376225948334,429.56072998046875,887.8251953125,0.8750657439231873,409.40989574714547,816.3847426774781,6038,1000,1000,FALSE,FALSE,1.2270777217617048,no issue,FALSE
frame673__s242202,C:/R_projects/spat_1f_noise/processed_feed\rep36\processed_rep36__cam5_s242202_rank673.jpg,processed_rep36__cam5_s242202_rank673.jpg,TRUE,rep36,cam5,242202,673,0.997461438179016,371.29266357421875,730.527099609375,0.13401788473129272,423.2989807128906,833.71343994140625,0.15231814980506897,430.72845458984375,898.36029052734375,54.62360382080078,411.8722943722944,817.3842823842824,6006,1000,1000,FALSE,FALSE,1.14059582939006,no issue,FALSE
frame674__s242562,C:/R_projects/spat_1f_noise/processed_feed\rep36\processed_rep36__cam5_s242562_rank674.jpg,processed_rep36__cam5_s242562_rank674.jpg,TRUE,rep36,cam5,242562,674,0.9967004656791688,369.7126770019531,729.2916259765625,0.0954575166106224,421.6683654785156,827.8812255859375,0.15864919126033783,425.3794860839844,900.2635498046875,2.9703588485717773,410.4964829052838,816.3634876492721,6114.5,1000,1000,FALSE,FALSE,1.469951997202459,no issue,FALSE
frame675__s242923,C:/R_projects/spat_1f_noise/processed_feed\rep36\processed_rep36__cam5_s242923_rank675.jpg,processed_rep36__cam5_s242923_rank675.jpg,TRUE,rep36,cam5,242923,675,0.997891366481781,376.32757568359375,740.5933837890625,0.1389523595571518,424.6002197265625,832.818115234375,0.14050504565238953,425.8380126953125,897.624755859375,1.087631344795227,413.20563961485556,821.23469738652,5820,1000,1000,FALSE,FALSE,0.5372148350183783,no issue,FALSE
frame676__s243283,C:/R_projects/spat_1f_noise/processed_feed\rep36\processed_rep36__cam5_s243283_rank676.jpg,processed_rep36__cam5_s243283_rank676.jpg,TRUE,rep36,cam5,243283,676,0.998416304588318,389.6656494140625,731.32452392578125,0.11514914780855179,423.3824462890625,828.34906005859375,0.1590527892112732,435.87017822265625,888.0565185546875,2.7371511459350586,416.2852620471333,816.0881111501934,5679.5,1000,1000,FALSE,FALSE,0.07165502156174144,no issue,FALSE
frame677__s243644,C:/R_projects/spat_1f_noise/processed_feed\rep36\processed_rep36__cam5_s243644_rank677.jpg,processed_rep36__cam5_s243644_rank677.jpg,TRUE,rep36,cam5,243644,677,0.9984340071678162,391.5357666015625,725.44873046875,0.10665260255336761,422.55157470703125,823.6322021484375,0.16004104912281036,433.71728515625,885.77362060546875,17.22780418395996,415.9384774016154,812.2677435985564,5810.5,1000,1000,FALSE,FALSE,0.45606395910531833,no issue,FALSE
frame678__s244004,C:/R_projects/spat_1f_noise/processed_feed\rep36\processed_rep36__cam5_s244004_rank678.jpg,processed_rep36__cam5_s244004_rank678.jpg,TRUE,rep36,cam5,244004,678,0.9978983402252196,373.06805419921875,733.90679931640625,0.11099009215831757,421.33984375,826.15325927734375,0.1944730281829834,437.430419921875,884.7421875,6.779895782470703,414.65879048248513,815.9828155981494,6049.5,1000,1000,FALSE,FALSE,1.2116739591707733,no issue,FALSE
frame679__s244365,C:/R_projects/spat_1f_noise/processed_feed\rep36\processed_rep36__cam5_s244365_rank679.jpg,processed_rep36__cam5_s244365_rank679.jpg,TRUE,rep36,cam5,244365,679,0.9971510767936708,375.312255859375,737.4268798828125,0.08402299135923386,420.0411682128906,822.0252685546875,0.14481671154499054,438.67822265625,884.2301025390625,4.575794696807861,415.2740861088546,815.8594638505281,6148.5,1000,1000,FALSE,FALSE,1.4644669187408796,no issue,FALSE
frame680__s244725,C:/R_projects/spat_1f_noise/processed_feed\rep36\processed_rep36__cam5_s244725_rank680.jpg,processed_rep36__cam5_s244725_rank680.jpg,TRUE,rep36,cam5,244725,680,0.9977068901062012,372.1341552734375,736.56640625,0.1057855412364006,421.85821533203125,825.2943115234375,0.17068810760974884,438.0185241699219,885.2794189453125,1.1758742332458496,416.8060019678583,816.3197769760577,6093,1000,1000,FALSE,FALSE,1.1942707979160005,no issue,FALSE
frame681__s245085,C:/R_projects/spat_1f_noise/processed_feed\rep36\processed_rep36__cam5_s245085_rank681.jpg,processed_rep36__cam5_s245085_rank681.jpg,TRUE,rep36,cam5,245085,681,0.998170018196106,378.30841064453125,733.703369140625,0.14317262172698975,421.7110900878906,825.873779296875,0.18099798262119293,436.592041015625,884.41455078125,2.236419677734375,417.02384602282405,817.1073071027082,5872,1000,1000,FALSE,FALSE,0.39780840246886645,no issue,FALSE
frame682__s245446,C:/R_projects/spat_1f_noise/processed_feed\rep36\processed_rep36__cam5_s245446_rank682.jpg,processed_rep36__cam5_s245446_rank682.jpg,TRUE,rep36,cam5,245446,682,0.9981182813644408,380.6191711425781,746.1690673828125,0.10851920396089554,424.15313720703125,826.00030517578125,0.1536971479654312,450.2734680175781,904.58404541015625,0.05285261571407318,421.2349217513628,820.7840689291367,5681,1000,1000,FALSE,FALSE,-0.3262558063668339,no issue,FALSE
frame683__s245806,C:/R_projects/spat_1f_noise/processed_feed\rep36\processed_rep36__cam5_s245806_rank683.jpg,processed_rep36__cam5_s245806_rank683.jpg,TRUE,rep36,cam5,245806,683,0.9972869157791138,394.7518310546875,754.72747802734375,0.11796683073043823,430.75213623046875,830.57342529296875,0.11313550174236298,439.4418640136719,887.7686767578125,0.3417263329029083,428.4431519699812,825.0637898686679,5327,1000,1000,FALSE,FALSE,-1.566396942924141,no issue,FALSE
frame684__s246167,C:/R_projects/spat_1f_noise/processed_feed\rep36\processed_rep36__cam5_s246167_rank684.jpg,processed_rep36__cam5_s246167_rank684.jpg,TRUE,rep36,cam5,246167,684,0.9967678785324096,363.3092956542969,788.5322265625,0.08935950696468353,436.9824523925781,836.88623046875,0.07085485011339188,438.2311706542969,898.87847900390625,0.06480804085731506,418.8643812394048,828.9954793746468,5303.5,1000,1000,FALSE,FALSE,-1.7466354415378669,no issue,FALSE
frame685__s246527,C:/R_projects/spat_1f_noise/processed_feed\rep36\processed_rep36__cam5_s246527_rank685.jpg,processed_rep36__cam5_s246527_rank685.jpg,TRUE,rep36,cam5,246527,685,0.9978336691856384,368.09326171875,792.80914306640625,0.08980412781238556,440.13037109375,836.387939453125,0.0959143191576004,440.13037109375,899.888427734375,0.07794183492660522,423.74044227886054,829.3690029985007,5331,1000,1000,FALSE,FALSE,-1.6520194388726595,no issue,FALSE
frame686__s246887,C:/R_projects/spat_1f_noise/processed_feed\rep36\processed_rep36__cam5_s246887_rank686.jpg,processed_rep36__cam5_s246887_rank686.jpg,TRUE,rep36,cam5,246887,686,0.994456112384796,390.73236083984375,784.6298828125,0.08067083358764648,448.80126953125,833.02362060546875,0.09284239262342453,436.4461669921875,906.234619140625,0.07612064480781555,431.77531992687386,833.2351005484461,5477.5,1000,1000,FALSE,FALSE,-1.1364548786168425,no issue,FALSE
frame687__s247248,C:/R_projects/spat_1f_noise/processed_feed\rep36\processed_rep36__cam5_s247248_rank687.jpg,processed_rep36__cam5_s247248_rank687.jpg,TRUE,rep36,cam5,247248,687,0.9948345422744752,384.697998046875,793.6058349609375,0.08969306945800781,450.79864501953125,834.5762939453125,0.09051606804132462,437.07965087890625,902.8603515625,0.10529628396034241,432.9736890524379,832.5352345906164,5432.5,1000,1000,FALSE,FALSE,-1.265341227176576,no issue,FALSE
frame688__s247608,C:/R_projects/spat_1f_noise/processed_feed\rep36\processed_rep36__cam5_s247608_rank688.jpg,processed_rep36__cam5_s247608_rank688.jpg,TRUE,rep36,cam5,247608,688,0.996915340423584,406.4548034667969,792.35992431640625,0.10414844006299973,456.4210205078125,836.06011962890625,0.05384358391165733,435.1853942871094,907.22900390625,0.08254632353782654,440.00674662668666,838.1508620689655,5344,1000,1000,FALSE,FALSE,-1.5248066547204484,no issue,FALSE
frame689__s247969,C:/R_projects/spat_1f_noise/processed_feed\rep36\processed_rep36__cam5_s247969_rank689.jpg,processed_rep36__cam5_s247969_rank689.jpg,TRUE,rep36,cam5,247969,689,0.9966883063316344,397.8028564453125,782.9808349609375,0.08471594750881195,453.671142578125,836.4420166015625,0.09273934364318848,435.0483703613281,904.82269287109375,0.09206658601760864,437.95143410170687,832.0679218722506,5685.5,1000,1000,FALSE,FALSE,-0.4714747256459862,no issue,FALSE
frame690__s248329,C:/R_projects/spat_1f_noise/processed_feed\rep36\processed_rep36__cam5_s248329_rank690.jpg,processed_rep36__cam5_s248329_rank690.jpg,TRUE,rep36,cam5,248329,690,0.9966926574707032,399.1405029296875,780.150634765625,0.10037197917699814,454.0830993652344,836.022216796875,0.09594354033470154,435.3526611328125,904.3096923828125,0.0935620442032814,438.0029574861368,832.1482439926062,5412,1000,1000,FALSE,FALSE,-1.2933467795887041,no issue,FALSE
frame691__s248690,C:/R_projects/spat_1f_noise/processed_feed\rep36\processed_rep36__cam5_s248690_rank691.jpg,processed_rep36__cam5_s248690_rank691.jpg,TRUE,rep36,cam5,248690,691,0.9964244961738586,399.5400390625,780.5030517578125,0.11108998954296112,452.9666748046875,836.346435546875,0.1057487204670906,441.78436279296875,902.1175537109375,0.09914150834083557,439.3839884078971,829.266618366238,5516,1000,1000,FALSE,FALSE,-0.9728370728624596,no issue,FALSE
frame692__s249050,C:/R_projects/spat_1f_noise/processed_feed\rep36\processed_rep36__cam5_s249050_rank692.jpg,processed_rep36__cam5_s249050_rank692.jpg,TRUE,rep36,cam5,249050,692,0.9970657229423524,388.5193176269531,775.324951171875,0.11211354285478592,451.73529052734375,834.92364501953125,0.10258838534355164,439.34002685546875,900.7305908203125,0.12716896831989288,434.2015892209363,824.9265849024011,5783,1000,1000,FALSE,FALSE,-0.17018492974435528,no issue,FALSE
frame693__s249410,C:/R_projects/spat_1f_noise/processed_feed\rep36\processed_rep36__cam5_s249410_rank693.jpg,processed_rep36__cam5_s249410_rank693.jpg,TRUE,rep36,cam5,249410,693,0.9952436089515686,392.90411376953125,760.26611328125,0.0840330496430397,453.93731689453125,827.3260498046875,0.11796034127473831,437.74481201171875,899.3533935546875,0.10883673280477524,436.2987415962765,822.6559213928633,5800.5,1000,1000,FALSE,FALSE,-0.11940788596929568,no issue,FALSE
frame694__s249771,C:/R_projects/spat_1f_noise/processed_feed\rep36\processed_rep36__cam5_s249771_rank694.jpg,processed_rep36__cam5_s249771_rank694.jpg,TRUE,rep36,cam5,249771,694,0.996746063232422,382.04364013671875,770.4241943359375,0.09170027822256088,452.55206298828125,831.33203125,0.1299959123134613,437.70819091796875,899.6978759765625,0.13572044670581818,431.70348357272576,821.9207528479445,6054,1000,1000,FALSE,FALSE,0.7007599985164097,no issue,FALSE
frame695__s250131,C:/R_projects/spat_1f_noise/processed_feed\rep36\processed_rep36__cam5_s250131_rank695.jpg,processed_rep36__cam5_s250131_rank695.jpg,TRUE,rep36,cam5,250131,695,0.996752381324768,385.39910888671875,746.6947021484375,0.12111683189868927,448.86236572265625,823.8558349609375,0.18047407269477844,433.92987060546875,883.59344482421875,0.21609559655189514,429.1833387996064,816.8169891767793,6100,1000,1000,FALSE,FALSE,0.8959998437662465,no issue,FALSE
frame696__s250492,C:/R_projects/spat_1f_noise/processed_feed\rep36\processed_rep36__cam5_s250492_rank696.jpg,processed_rep36__cam5_s250492_rank696.jpg,TRUE,rep36,cam5,250492,696,0.9952124357223512,386.37640380859375,737.7484130859375,0.11341077834367752,439.7619323730469,823.60955810546875,0.13776879012584686,432.31280517578125,887.07208251953125,0.2954738438129425,424.77220956719816,816.6067360885129,6151.5,1000,1000,FALSE,FALSE,1.0980784662939727,no issue,FALSE
frame697__s250852,C:/R_projects/spat_1f_noise/processed_feed\rep36\processed_rep36__cam5_s250852_rank697.jpg,processed_rep36__cam5_s250852_rank697.jpg,TRUE,rep36,cam5,250852,697,0.996212601661682,386.68487548828125,739.34173583984375,0.11583369970321655,441.5528869628906,825.109375,0.1409069150686264,429.0828857421875,888.5029296875,0.19651763141155243,426.0518852723171,819.3565903963906,6206.5,1000,1000,FALSE,FALSE,1.2654998275968443,no issue,FALSE
frame698__s251213,C:/R_projects/spat_1f_noise/processed_feed\rep36\processed_rep36__cam5_s251213_rank698.jpg,processed_rep36__cam5_s251213_rank698.jpg,TRUE,rep36,cam5,251213,698,0.9965826869010924,386.7181701660156,750.57000732421875,0.08780065178871155,443.50750732421875,827.84027099609375,0.11234918981790543,428.6929016113281,905.1104736328125,0.08848550915718079,427.5180300500835,819.7285475792988,5986,1000,1000,FALSE,FALSE,0.5782866407005287,no issue,FALSE
frame699__s251573,C:/R_projects/spat_1f_noise/processed_feed\rep36\processed_rep36__cam5_s251573_rank699.jpg,processed_rep36__cam5_s251573_rank699.jpg,TRUE,rep36,cam5,251573,699,0.995083212852478,403.7981872558594,741.31317138671875,0.13384811580181122,446.94921875,827.470458984375,0.15720370411872864,421.0586242675781,904.8870849609375,0.07599730789661407,430.8085752869683,821.674037812289,5931,1000,1000,FALSE,FALSE,0.34134062725588443,no issue,FALSE
frame700__s251933,C:/R_projects/spat_1f_noise/processed_feed\rep36\processed_rep36__cam5_s251933_rank700.jpg,processed_rep36__cam5_s251933_rank700.jpg,TRUE,rep36,cam5,251933,700,0.9936762452125548,400.6557922363281,737.42303466796875,0.12327820062637329,447.91168212890625,824.9169921875,0.17969748377799988,420.552978515625,908.66119384765625,0.05324460193514824,430.52684288294205,820.3608602856674,6097,1000,1000,FALSE,FALSE,0.8006633655019987,no issue,FALSE
frame701__s252294,C:/R_projects/spat_1f_noise/processed_feed\rep36\processed_rep36__cam5_s252294_rank701.jpg,processed_rep36__cam5_s252294_rank701.jpg,TRUE,rep36,cam5,252294,701,0.9958090782165528,384.1351318359375,738.4111328125,0.1116037592291832,442.63482666015625,826.75732421875,0.17688529193401337,423.9647216796875,907.63763427734375,0.09593794494867325,424.87022305412574,819.33426922477,6414,1000,1000,FALSE,FALSE,1.8552322372091739,no issue,FALSE
frame702__s252654,C:/R_projects/spat_1f_noise/processed_feed\rep36\processed_rep36__cam5_s252654_rank702.jpg,processed_rep36__cam5_s252654_rank702.jpg,TRUE,rep36,cam5,252654,702,0.9937906861305236,386.3473205566406,740.1373291015625,0.10064664483070374,443.38232421875,831.1280517578125,0.16021080315113068,422.30419921875,910.90081787109375,0.11689330637454987,426.4970852371199,820.5843705687727,6350.5,1000,1000,FALSE,FALSE,1.5875503048650978,no issue,FALSE
frame703__s253015,C:/R_projects/spat_1f_noise/processed_feed\rep36\processed_rep36__cam5_s253015_rank703.jpg,processed_rep36__cam5_s253015_rank703.jpg,TRUE,rep36,cam5,253015,703,0.998257577419281,519.13470458984375,745.49322509765625,0.1799113154411316,441.92510986328125,817.6451416015625,0.15249577164649963,429.47198486328125,900.9930419921875,0.09213769435882568,455.9568801521877,815.0992390615091,6306.5,1000,1000,FALSE,FALSE,1.449743222928756,no issue,FALSE
frame704__s253375,C:/R_projects/spat_1f_noise/processed_feed\rep36\processed_rep36__cam5_s253375_rank704.jpg,processed_rep36__cam5_s253375_rank704.jpg,TRUE,rep36,cam5,253375,704,0.9962812066078186,458.49609375,752.65478515625,0.10040690004825592,468.46624755859375,833.5762939453125,0.11272376030683517,418.61541748046875,915.7427978515625,0.060368821024894714,452.39723183391004,835.8134948096886,5785.5,1000,1000,FALSE,FALSE,-0.5331213306607306,no issue,FALSE
frame705__s253736,C:/R_projects/spat_1f_noise/processed_feed\rep36\processed_rep36__cam5_s253736_rank705.jpg,processed_rep36__cam5_s253736_rank705.jpg,TRUE,rep36,cam5,253736,705,0.9943998456001282,457.6611633300781,750.35980224609375,0.1252860575914383,475.11480712890625,830.163330078125,0.10991758853197098,420.260498046875,917.44842529296875,0.056268006563186646,454.8112210095498,833.6853683492496,5871,1000,1000,FALSE,FALSE,-0.2359463209111551,no issue,FALSE
frame706__s254096,C:/R_projects/spat_1f_noise/processed_feed\rep36\processed_rep36__cam5_s254096_rank706.jpg,processed_rep36__cam5_s254096_rank706.jpg,TRUE,rep36,cam5,254096,706,0.996204674243927,435.6231994628906,757.72186279296875,0.026944058015942574,471.80682373046875,832.306640625,0.0867590680718422,420.6506652832031,920.5654296875,0.07478463649749756,453.18274199104377,835.4782983120909,5811,1000,1000,FALSE,FALSE,-0.6027171058431442,no issue,FALSE
frame707__s254456,C:/R_projects/spat_1f_noise/processed_feed\rep36\processed_rep36__cam5_s254456_rank707.jpg,processed_rep36__cam5_s254456_rank707.jpg,TRUE,rep36,cam5,254456,707,0.9957594275474548,439.99395751953125,761.5440673828125,0.1103161871433258,472.03729248046875,835.2147216796875,0.12175270169973373,421.5074157714844,918.87457275390625,0.07614036649465561,453.09364319890636,834.0944976076555,5852,1000,1000,FALSE,FALSE,-0.4940657015761565,no issue,FALSE
frame708__s254817,C:/R_projects/spat_1f_noise/processed_feed\rep36\processed_rep36__cam5_s254817_rank708.jpg,processed_rep36__cam5_s254817_rank708.jpg,TRUE,rep36,cam5,254817,708,0.9956140518188475,437.6736145019531,762.50701904296875,0.11312424391508102,469.99029541015625,837.29150390625,0.1501452773809433,420.27227783203125,922.04718017578125,0.07564909756183624,451.0986132511556,836.8965930491354,5842.5,1000,1000,FALSE,FALSE,-0.4970596644941395,no issue,FALSE
frame709__s255177,C:/R_projects/spat_1f_noise/processed_feed\rep36\processed_rep36__cam5_s255177_rank709.jpg,processed_rep36__cam5_s255177_rank709.jpg,TRUE,rep36,cam5,255177,709,0.995852828025818,438.6980895996094,762.235107421875,0.06036871671676636,468.4439697265625,835.65283203125,0.11777257919311523,420.10693359375,921.5142822265625,0.06018202751874924,449.23981026001405,838.340126493324,5697,1000,1000,FALSE,FALSE,-1.1075125065309617,no issue,FALSE
frame710__s255538,C:/R_projects/spat_1f_noise/processed_feed\rep36\processed_rep36__cam5_s255538_rank710.jpg,processed_rep36__cam5_s255538_rank710.jpg,TRUE,rep36,cam5,255538,710,0.9953075051307678,451.55706787109375,758.298828125,0.10297112911939621,482.7615966796875,824.3245849609375,0.12712284922599792,427.8416442871094,914.0198974609375,0.06007887050509453,460.9566423864031,830.3074921956296,5772,1000,1000,FALSE,FALSE,-0.7904107125400598,no issue,FALSE
frame711__s255898,C:/R_projects/spat_1f_noise/processed_feed\rep36\processed_rep36__cam5_s255898_rank711.jpg,processed_rep36__cam5_s255898_rank711.jpg,TRUE,rep36,cam5,255898,711,0.9925202131271362,453.45245361328125,744.47906494140625,0.05217069014906883,484.4439392089844,821.7716064453125,0.1474471241235733,428.6593017578125,916.51739501953125,0.0633978545665741,461.6506602641056,829.9579831932773,5842.5,1000,1000,FALSE,FALSE,-0.5033006565370627,no issue,FALSE
frame712__s256259,C:/R_projects/spat_1f_noise/processed_feed\rep36\processed_rep36__cam5_s256259_rank712.jpg,processed_rep36__cam5_s256259_rank712.jpg,TRUE,rep36,cam5,256259,712,0.9943819642066956,448.4008483886719,741.16510009765625,0.10678922384977341,477.1134948730469,817.39288330078125,0.12896302342414856,424.681640625,914.8646240234375,0.08008985966444016,456.60688956433637,825.5513340087808,5929.5,1000,1000,FALSE,FALSE,-0.10321474577341619,no issue,FALSE
frame713__s256619,C:/R_projects/spat_1f_noise/processed_feed\rep36\processed_rep36__cam5_s256619_rank713.jpg,processed_rep36__cam5_s256619_rank713.jpg,TRUE,rep36,cam5,256619,713,0.9943596720695496,436.04815673828125,760.83367919921875,0.05162997543811798,478.23358154296875,824.320556640625,0.08449691534042358,429.84442138671875,912.7042236328125,0.0699346512556076,457.43719626168223,833.2669158878505,5350.5,1000,1000,FALSE,FALSE,-2.5035447796773873,too small,FALSE
frame714__s256979,C:/R_projects/spat_1f_noise/processed_feed\rep36\processed_rep36__cam5_s256979_rank714.jpg,processed_rep36__cam5_s256979_rank714.jpg,TRUE,rep36,cam5,256979,714,0.9958776235580444,428.42333984375,745.71783447265625,0.10871639847755432,469.2966003417969,825.60577392578125,0.1160646378993988,422.23046875,911.73492431640625,0.07629372924566269,451.13459326211995,821.1811010682005,6087,1000,1000,FALSE,FALSE,0.5766529221724408,no issue,FALSE
frame715__s257340,C:/R_projects/spat_1f_noise/processed_feed\rep36\processed_rep36__cam5_s257340_rank715.jpg,processed_rep36__cam5_s257340_rank715.jpg,TRUE,rep36,cam5,257340,715,0.9965307116508484,426.47821044921875,748.87152099609375,0.10613255202770233,467.35467529296875,826.2955322265625,0.11297179758548737,421.5234680175781,911.212158203125,0.07323703169822693,450.6640233047419,820.1239682796569,6180.5,1000,1000,FALSE,FALSE,0.8824355365487958,no issue,FALSE
frame716__s257700,C:/R_projects/spat_1f_noise/processed_feed\rep36\processed_rep36__cam5_s257700_rank716.jpg,processed_rep36__cam5_s257700_rank716.jpg,TRUE,rep36,cam5,257700,716,0.9950492978096008,428.6866455078125,745.19354248046875,0.12922964990139008,469.375732421875,827.60467529296875,0.12577494978904724,421.28863525390625,912.51312255859375,0.07425084710121155,452.3760640961442,821.7159071941245,5990.5,1000,1000,FALSE,FALSE,0.3380425666649535,no issue,FALSE
frame717__s258061,C:/R_projects/spat_1f_noise/processed_feed\rep36\processed_rep36__cam5_s258061_rank717.jpg,processed_rep36__cam5_s258061_rank717.jpg,TRUE,rep36,cam5,258061,717,0.995664656162262,432.2767639160156,743.5609130859375,0.1258990466594696,467.1270446777344,825.5811767578125,0.13458991050720215,421.07489013671875,911.329833984375,0.06389635056257248,451.0215733982157,820.248499594485,6168.5,1000,1000,FALSE,FALSE,1.0005183878663155,no issue,FALSE
frame718__s258421,C:/R_projects/spat_1f_noise/processed_feed\rep36\processed_rep36__cam5_s258421_rank718.jpg,processed_rep36__cam5_s258421_rank718.jpg,TRUE,rep36,cam5,258421,718,0.9960100650787354,443.6688232421875,754.3330078125,0.08365922421216965,477.404296875,827.862060546875,0.10544471442699432,422.427978515625,913.8536376953125,0.08530806005001068,457.58102363543617,826.6254038428839,5883,1000,1000,FALSE,FALSE,0.17487608774903454,no issue,FALSE
frame719__s258781,C:/R_projects/spat_1f_noise/processed_feed\rep36\processed_rep36__cam5_s258781_rank719.jpg,processed_rep36__cam5_s258781_rank719.jpg,TRUE,rep36,cam5,258781,719,0.9946795105934144,449.2251892089844,755.798583984375,0.07856884598731995,470.268310546875,830.3287353515625,0.1362132728099823,420.75506591796875,913.5540771484375,0.06091295927762985,455.23494397759106,828.7874649859943,5717.5,1000,1000,FALSE,FALSE,-0.3266872963638283,no issue,FALSE
frame720__s259142,C:/R_projects/spat_1f_noise/processed_feed\rep36\processed_rep36__cam5_s259142_rank720.jpg,processed_rep36__cam5_s259142_rank720.jpg,TRUE,rep36,cam5,259142,720,0.9963711500167848,457.6143798828125,755.56304931640625,0.10553457587957382,489.8740234375,830.311279296875,0.17135274410247803,421.6324157714844,915.02593994140625,0.07458513230085373,465.56470588235294,830.6260504201681,5954,1000,1000,FALSE,FALSE,0.512525314910309,no issue,FALSE
frame721__s259502,C:/R_projects/spat_1f_noise/processed_feed\rep36\processed_rep36__cam5_s259502_rank721.jpg,processed_rep36__cam5_s259502_rank721.jpg,TRUE,rep36,cam5,259502,721,0.9977426528930664,467.20001220703125,757.8731689453125,0.08672022819519043,493.2472229003906,837.68804931640625,0.19493190944194794,421.3073425292969,916.255859375,0.07810087502002716,469.3495145631068,835.4777028138884,6081.5,1000,1000,FALSE,FALSE,0.956712069183697,no issue,FALSE
frame722__s259863,C:/R_projects/spat_1f_noise/processed_feed\rep36\processed_rep36__cam5_s259863_rank722.jpg,processed_rep36__cam5_s259863_rank722.jpg,TRUE,rep36,cam5,259863,722,0.9973230957984924,459.70947265625,764.30810546875,0.046185124665498734,489.42730712890625,838.8236083984375,0.18413206934928894,422.5622253417969,914.58099365234375,0.08326406031847,466.8305756635643,837.7068252326784,5806.5,1000,1000,FALSE,FALSE,0.05097785061515513,no issue,FALSE
frame723__s260223,C:/R_projects/spat_1f_noise/processed_feed\rep36\processed_rep36__cam5_s260223_rank723.jpg,processed_rep36__cam5_s260223_rank723.jpg,TRUE,rep36,cam5,260223,723,0.9980071187019348,420.37115478515625,915.11279296875,0.047486111521720886,456.30865478515625,843.8958740234375,0.1327495127916336,530.66217041015625,802.6649169921875,0.12959152460098267,467.57142857142856,840.2477260567148,5611.5,1000,1000,FALSE,FALSE,-0.5806298823314031,no issue,FALSE
frame724__s260584,C:/R_projects/spat_1f_noise/processed_feed\rep36\processed_rep36__cam5_s260584_rank724.jpg,processed_rep36__cam5_s260584_rank724.jpg,TRUE,rep36,cam5,260584,724,0.9970535039901732,419.5723876953125,914.95166015625,0.04689861834049225,455.65167236328125,841.37457275390625,0.12342911213636398,529.0543212890625,802.7154541015625,0.05431368574500084,468.364433532094,837.6853735531392,5703.5,1000,1000,FALSE,FALSE,-0.2826666564967597,no issue,FALSE
frame725__s260944,C:/R_projects/spat_1f_noise/processed_feed\rep36\processed_rep36__cam5_s260944_rank725.jpg,processed_rep36__cam5_s260944_rank725.jpg,TRUE,rep36,cam5,260944,725,0.9989237189292908,540.893310546875,758.4603271484375,0.1544206142425537,460.9822998046875,835.47027587890625,0.17372144758701324,433.51287841796875,887.638427734375,0.2558029592037201,474.05432497978984,827.4669361358125,6185,1000,1000,FALSE,FALSE,1.1419019078852783,no issue,FALSE
frame726__s261304,C:/R_projects/spat_1f_noise/processed_feed\rep36\processed_rep36__cam5_s261304_rank726.jpg,processed_rep36__cam5_s261304_rank726.jpg,TRUE,rep36,cam5,261304,726,0.9989140033721924,540.29443359375,755.8489990234375,0.16131168603897095,461.83184814453125,833.109619140625,0.2240506261587143,425.71417236328125,904.1395263671875,0.09129439294338226,473.62251341964003,826.4363751184086,6333,1000,1000,FALSE,FALSE,1.5338625153588838,no issue,FALSE
frame727__s261665,C:/R_projects/spat_1f_noise/processed_feed\rep36\processed_rep36__cam5_s261665_rank727.jpg,processed_rep36__cam5_s261665_rank727.jpg,TRUE,rep36,cam5,261665,727,0.9983981251716614,479.0303955078125,760.2882080078125,0.06747345626354218,446.5508728027344,867.060791015625,0.33241385221481323,422.81585693359375,911.7562255859375,0.05805368721485138,467.53135709389994,834.285983550377,5838,1000,1000,FALSE,FALSE,0.3119869476426459,no issue,FALSE
frame728__s262025,C:/R_projects/spat_1f_noise/processed_feed\rep36\processed_rep36__cam5_s262025_rank728.jpg,processed_rep36__cam5_s262025_rank728.jpg,TRUE,rep36,cam5,262025,728,0.9955562949180604,478.1347961425781,747.97149658203125,0.055137667804956436,494.2857666015625,826.459716796875,0.09011878818273544,422.22760009765625,913.6689453125,0.07018553465604782,470.0958045330333,830.0970904999197,6223.5,1000,1000,FALSE,FALSE,1.3025099071332162,no issue,FALSE
frame729__s262386,C:/R_projects/spat_1f_noise/processed_feed\rep36\processed_rep36__cam5_s262386_rank729.jpg,processed_rep36__cam5_s262386_rank729.jpg,TRUE,rep36,cam5,262386,729,0.9971147775650024,460.2917785644531,761.7841796875,0.03780040144920349,485.0358581542969,830.4925537109375,0.1637943983078003,420.7012634277344,904.1978759765625,0.08719336241483688,465.01908325537886,830.8486435921421,5347,1000,1000,FALSE,FALSE,-0.7847230468022621,no issue,FALSE
frame730__s262746,C:/R_projects/spat_1f_noise/processed_feed\rep36\processed_rep36__cam5_s262746_rank730.jpg,processed_rep36__cam5_s262746_rank730.jpg,TRUE,rep36,cam5,262746,730,0.9931580424308776,384.2884826660156,786.23382568359375,0.06903057545423508,452.572021484375,829.86932373046875,0.10067518800497055,435.19073486328125,893.4522705078125,0.06344614177942276,432.4129651860744,826.6502601040416,5008,1000,1000,FALSE,FALSE,-1.5378823251512563,no issue,FALSE
frame731__s263106,C:/R_projects/spat_1f_noise/processed_feed\rep36\processed_rep36__cam5_s263106_rank731.jpg,processed_rep36__cam5_s263106_rank731.jpg,TRUE,rep36,cam5,263106,731,0.9920578598976136,385.5686950683594,785.63287353515625,0.050043582916259766,452.7853698730469,835.26171875,0.08784577250480652,435.3588562011719,894.81640625,0.07903111726045609,433.7800899887514,826.6572928383952,5343,1000,1000,FALSE,FALSE,-0.7259669739735795,no issue,FALSE
frame732__s263467,C:/R_projects/spat_1f_noise/processed_feed\rep36\processed_rep36__cam5_s263467_rank732.jpg,processed_rep36__cam5_s263467_rank732.jpg,TRUE,rep36,cam5,263467,732,0.9925575256347656,392.7198791503906,778.95574951171875,0.058741968125104904,456.3473205566406,828.79248046875,0.1092841774225235,436.3857727050781,893.58026123046875,0.09894416481256485,437.99695504209205,823.0875873186459,5588,1000,1000,FALSE,FALSE,-0.11363782726382045,no issue,FALSE
frame733__s263827,C:/R_projects/spat_1f_noise/processed_feed\rep36\processed_rep36__cam5_s263827_rank733.jpg,processed_rep36__cam5_s263827_rank733.jpg,TRUE,rep36,cam5,263827,733,0.9943749904632568,392.16815185546875,779.93682861328125,0.09610051661729813,457.91107177734375,830.9796142578125,0.12431244552135468,444.2663269042969,877.0426025390625,0.24363504350185394,438.5054376894277,819.7504011410233,5618,1000,1000,FALSE,FALSE,0.010261618930244108,no issue,FALSE
frame734__s264188,C:/R_projects/spat_1f_noise/processed_feed\rep36\processed_rep36__cam5_s264188_rank734.jpg,processed_rep36__cam5_s264188_rank734.jpg,TRUE,rep36,cam5,264188,734,0.9961493015289308,400.6479187011719,786.76116943359375,0.10141436010599136,463.029296875,828.9466552734375,0.13278862833976746,439.3243713378906,894.70648193359375,0.08147037774324417,443.9253083203057,821.670314399861,5763.5,1000,1000,FALSE,FALSE,0.39105267800793186,no issue,FALSE
frame735__s264548,C:/R_projects/spat_1f_noise/processed_feed\rep36\processed_rep36__cam5_s264548_rank735.jpg,processed_rep36__cam5_s264548_rank735.jpg,TRUE,rep36,cam5,264548,735,0.995453715324402,393.02252197265625,785.7825927734375,0.09835352003574371,460.90325927734375,833.029296875,0.11763165891170502,439.9219055175781,890.22271728515625,0.0949568822979927,441.85514448739184,823.2972575004602,5436.5,1000,1000,FALSE,FALSE,-0.4438307462727936,no issue,FALSE
frame736__s264909,C:/R_projects/spat_1f_noise/processed_feed\rep36\processed_rep36__cam5_s264909_rank736.jpg,processed_rep36__cam5_s264909_rank736.jpg,TRUE,rep36,cam5,264909,736,0.9954822063446044,394.5472412109375,786.30615234375,0.08020973205566406,459.42486572265625,834.81439208984375,0.18231408298015594,444.4530944824219,879.5911865234375,0.9373357892036438,442.7235943247504,821.9688211595726,5713.5,1000,1000,FALSE,FALSE,0.2629424047666,no issue,FALSE
frame737__s265269,C:/R_projects/spat_1f_noise/processed_feed\rep36\processed_rep36__cam5_s265269_rank737.jpg,processed_rep36__cam5_s265269_rank737.jpg,TRUE,rep36,cam5,265269,737,0.995618999004364,396.2929992675781,784.4476318359375,0.13409855961799622,460.841552734375,833.0599365234375,0.12752726674079895,440.98046875,891.64404296875,0.09526140242815018,444.53782255213855,821.716154118063,5661.5,1000,1000,FALSE,FALSE,0.1111407030354215,no issue,FALSE
frame738__s265629,C:/R_projects/spat_1f_noise/processed_feed\rep36\processed_rep36__cam5_s265629_rank738.jpg,processed_rep36__cam5_s265629_rank738.jpg,TRUE,rep36,cam5,265629,738,0.9965028762817384,400.2310485839844,778.1751708984375,0.09985772520303726,461.11279296875,829.09454345703125,0.13608522713184357,447.4454345703125,872.562255859375,0.1340840607881546,444.4636123348018,816.4840528634361,5676,1000,1000,FALSE,FALSE,0.12762461533472752,no issue,FALSE
frame739__s265990,C:/R_projects/spat_1f_noise/processed_feed\rep36\processed_rep36__cam5_s265990_rank739.jpg,processed_rep36__cam5_s265990_rank739.jpg,TRUE,rep36,cam5,265990,739,0.9977834820747375,412.88427734375,762.2213134765625,0.14595666527748108,465.3206787109375,824.37652587890625,0.12042824923992157,450.3388671875,869.12835693359375,0.11937617510557175,449.60198921105865,813.0863115306811,5934.5,1000,1000,FALSE,FALSE,0.7836761532851785,no issue,FALSE
frame740__s266350,C:/R_projects/spat_1f_noise/processed_feed\rep36\processed_rep36__cam5_s266350_rank740.jpg,processed_rep36__cam5_s266350_rank740.jpg,TRUE,rep36,cam5,266350,740,0.9937877655029296,417.7807922363281,754.58184814453125,0.0524032786488533,445.2384033203125,818.1536865234375,0.5029627680778503,440.2461242675781,864.2744140625,0.04766194894909859,440.95140436914846,808.065983058404,4481.5,1000,1000,FALSE,FALSE,-2.6973944746272425,too small,FALSE
frame741__s266711,C:/R_projects/spat_1f_noise/processed_feed\rep36\processed_rep36__cam5_s266711_rank741.jpg,processed_rep36__cam5_s266711_rank741.jpg,TRUE,rep36,cam5,266711,741,0.9928094148635864,386.11627197265625,780.3402099609375,0.043424855917692184,447.91375732421875,817.73687744140625,1.8728461265563965,441.7340087890625,865.10595703125,0.08087983727455139,432.88834029624,799.9206228636536,5269.5,1000,1000,FALSE,FALSE,-0.796904767235843,no issue,FALSE
frame742__s267071,C:/R_projects/spat_1f_noise/processed_feed\rep36\processed_rep36__cam5_s267071_rank742.jpg,processed_rep36__cam5_s267071_rank742.jpg,TRUE,rep36,cam5,267071,742,0.9946808218955994,390.78472900390625,773.48297119140625,0.041223034262657166,447.8760986328125,817.17822265625,1.4799352884292603,441.6705017089844,865.8671875,0.07312305271625519,433.80134357005755,800.6228406909789,5210.5,1000,1000,FALSE,FALSE,-0.91534072778941,no issue,FALSE
frame743__s267432,C:/R_projects/spat_1f_noise/processed_feed\rep36\processed_rep36__cam5_s267432_rank743.jpg,processed_rep36__cam5_s267432_rank743.jpg,TRUE,rep36,cam5,267432,743,0.9968096613883972,393.37957763671875,771.694091796875,0.07997146248817444,448.330078125,819.034912109375,1.349063515663147,452.0766906738281,865.1298828125,0.06070682406425476,439.2356921887084,800.0966744006187,5168.5,1000,1000,FALSE,FALSE,-0.992316853421078,no issue,FALSE
frame744__s267792,C:/R_projects/spat_1f_noise/processed_feed\rep36\processed_rep36__cam5_s267792_rank744.jpg,processed_rep36__cam5_s267792_rank744.jpg,TRUE,rep36,cam5,267792,744,0.996573805809021,408,762.66845703125,0.06717526167631149,448.9569396972656,821.075927734375,84.44060516357422,456.4036560058594,867.0562744140625,0.07335392385721207,444.84408389394537,801.7182429758607,5052,1000,1000,FALSE,FALSE,-1.3201630101694195,no issue,FALSE
frame745__s268152,C:/R_projects/spat_1f_noise/processed_feed\rep36\processed_rep36__cam5_s268152_rank745.jpg,processed_rep36__cam5_s268152_rank745.jpg,TRUE,rep36,cam5,268152,745,0.9957619309425354,398.0968017578125,755.67626953125,0.03336559608578682,452.34552001953125,811.650390625,0.07497444748878479,452.34552001953125,861.4051513671875,0.3829379677772522,440.96301858456917,797.2468556410738,5326.5,1000,1000,FALSE,FALSE,-0.5947780680213702,no issue,FALSE
frame746__s268513,C:/R_projects/spat_1f_noise/processed_feed\rep36\processed_rep36__cam5_s268513_rank746.jpg,processed_rep36__cam5_s268513_rank746.jpg,TRUE,rep36,cam5,268513,746,0.9968960285186768,392.7537536621094,762.8553466796875,0.0843401774764061,449.8516845703125,822.70928955078125,0.4533884823322296,451.09295654296875,876.328369140625,0.08089450001716614,440.1192836028517,800.5793774995653,5743.5,1000,1000,FALSE,FALSE,0.4863663845575039,no issue,FALSE
frame747__s268873,C:/R_projects/spat_1f_noise/processed_feed\rep36\processed_rep36__cam5_s268873_rank747.jpg,processed_rep36__cam5_s268873_rank747.jpg,TRUE,rep36,cam5,268873,747,0.9969658255577089,390.010986328125,761.0748291015625,0.07001060992479324,450.6473388671875,822.039794921875,1.0274899005889893,451.88482666015625,875.5396728515625,0.07944785803556442,439.1942916093535,799.5280261348006,5808,1000,1000,FALSE,FALSE,0.6612529492641063,no issue,FALSE
frame748__s269234,C:/R_projects/spat_1f_noise/processed_feed\rep36\processed_rep36__cam5_s269234_rank748.jpg,processed_rep36__cam5_s269234_rank748.jpg,TRUE,rep36,cam5,269234,748,0.9959118366241456,397.1688232421875,775.8807373046875,0.05349605157971382,445.6704406738281,824.60723876953125,0.9193045496940613,450.64495849609375,875.83245849609375,0.08000066131353378,438.2688424089434,802.2769563649478,5546.5,1000,1000,FALSE,FALSE,-0.11040181982699541,no issue,FALSE
frame749__s269594,C:/R_projects/spat_1f_noise/processed_feed\rep36\processed_rep36__cam5_s269594_rank749.jpg,processed_rep36__cam5_s269594_rank749.jpg,TRUE,rep36,cam5,269594,749,0.9964905381202698,394.536865234375,761.35498046875,0.07069779932498932,449.32684326171875,812.535400390625,0.1148681789636612,448.0816345214844,866.21246337890625,0.3109647035598755,438.30859712852447,799.2855907282477,5778.5,1000,1000,FALSE,FALSE,0.517873512383784,no issue,FALSE
frame750__s269954,C:/R_projects/spat_1f_noise/processed_feed\rep36\processed_rep36__cam5_s269954_rank750.jpg,processed_rep36__cam5_s269954_rank750.jpg,TRUE,rep36,cam5,269954,750,0.9967753291130066,375.4566955566406,765.1292724609375,0.08362163603305817,448.46044921875,807.3017578125,0.10980553925037384,442.2737121582031,859.3974609375,2.0171172618865967,433.1026989134245,795.2201191728005,5698,1000,1000,FALSE,FALSE,0.30646766182479396,no issue,FALSE
frame751__s270315,C:/R_projects/spat_1f_noise/processed_feed\rep36\processed_rep36__cam5_s270315_rank751.jpg,processed_rep36__cam5_s270315_rank751.jpg,TRUE,rep36,cam5,270315,751,0.9982274174690248,393.8792419433594,729.2200927734375,0.14862193167209625,451.3371276855469,800.454345703125,0.14870652556419373,442.5935363769531,860.4410400390625,0.41070401668548584,436.4510460251046,793.5061087866109,5973,1000,1000,FALSE,FALSE,1.019114444563797,no issue,FALSE
frame752__s270675,C:/R_projects/spat_1f_noise/processed_feed\rep36\processed_rep36__cam5_s270675_rank752.jpg,processed_rep36__cam5_s270675_rank752.jpg,TRUE,rep36,cam5,270675,752,0.9966500401496888,386.85894775390625,721.51788330078125,0.13749593496322632,449.2431945800781,796.44219970703125,0.14523881673812866,440.5093994140625,857.63031005859375,0.5344305634498596,432.36685258964144,790.2578486055777,6279,1000,1000,FALSE,FALSE,1.8711902114802832,no issue,FALSE
frame753__s271036,C:/R_projects/spat_1f_noise/processed_feed\rep36\processed_rep36__cam5_s271036_rank753.jpg,processed_rep36__cam5_s271036_rank753.jpg,TRUE,rep36,cam5,271036,753,0.9967041611671448,389.5386047363281,731.257080078125,0.13687337934970856,450.06671142578125,799.8780517578125,0.1479857712984085,441.41986083984375,856.0225830078125,2.497053623199463,434.6914399469144,792.3883543463835,6029.5,1000,1000,FALSE,FALSE,1.103892660560889,no issue,FALSE
frame754__s271396,C:/R_projects/spat_1f_noise/processed_feed\rep36\processed_rep36__cam5_s271396_rank754.jpg,processed_rep36__cam5_s271396_rank754.jpg,TRUE,rep36,cam5,271396,754,0.9962561130523682,428.0825500488281,742.79119873046875,0.061496682465076447,460.4921875,808.75616455078125,0.09499867260456085,441.7943115234375,869.74267578125,0.07979129254817963,451.0642815018675,803.7448397876941,5090,1000,1000,FALSE,FALSE,-1.2835318476191961,no issue,FALSE
frame755__s271757,C:/R_projects/spat_1f_noise/processed_feed\rep36\processed_rep36__cam5_s271757_rank755.jpg,processed_rep36__cam5_s271757_rank755.jpg,TRUE,rep36,cam5,271757,755,0.9973003268241882,408.4124755859375,737.3197021484375,0.10123997926712036,458.0041809082031,804.61431884765625,0.18355287611484528,445.60626220703125,855.70831298828125,0.2665823996067047,445.0941564071441,797.8262528177562,5767,1000,1000,FALSE,FALSE,0.47490077598902036,no issue,FALSE
frame756__s272117,C:/R_projects/spat_1f_noise/processed_feed\rep36\processed_rep36__cam5_s272117_rank756.jpg,processed_rep36__cam5_s272117_rank756.jpg,TRUE,rep36,cam5,272117,756,0.998034656047821,414.89215087890625,747.77557373046875,0.12383202463388443,460.5765075683594,807.462890625,0.12112518399953842,443.2905578613281,870.8807373046875,0.09636399894952774,448.19787045252883,801.113753327418,5638,1000,1000,FALSE,FALSE,0.03416446819147627,no issue,FALSE
frame757__s272477,C:/R_projects/spat_1f_noise/processed_feed\rep36\processed_rep36__cam5_s272477_rank757.jpg,processed_rep36__cam5_s272477_rank757.jpg,TRUE,rep36,cam5,272477,757,0.9982511401176452,417.59814453125,751.2586669921875,0.08681211620569229,456.2890930175781,814.78814697265625,0.09187281131744385,445.05621337890625,863.36944580078125,0.07436152547597885,446.484593837535,806.6676003734827,5357,1000,1000,FALSE,FALSE,-0.8844456894554182,no issue,FALSE
frame758__s272838,C:/R_projects/spat_1f_noise/processed_feed\rep36\processed_rep36__cam5_s272838_rank758.jpg,processed_rep36__cam5_s272838_rank758.jpg,TRUE,rep36,cam5,272838,758,0.9968308806419371,400.3343505859375,751.96417236328125,0.09534206986427307,451.48272705078125,810.4033203125,0.125111922621727,442.7500915527344,861.382080078125,0.41125988960266113,439.6299256505576,803.889405204461,5379,1000,1000,FALSE,FALSE,-0.7847865161401342,no issue,FALSE
frame759__s273198,C:/R_projects/spat_1f_noise/processed_feed\rep36\processed_rep36__cam5_s273198_rank759.jpg,processed_rep36__cam5_s273198_rank759.jpg,TRUE,rep36,cam5,273198,759,0.996248424053192,408.7184143066406,762.2332763671875,0.05499543249607086,454.9178771972656,810.7281494140625,0.13120698928833008,442.4315185546875,859.22308349609375,0.7218709588050842,442.413454675232,803.207351891506,5608,1000,1000,FALSE,FALSE,-0.11209117257143474,no issue,FALSE
frame760__s273559,C:/R_projects/spat_1f_noise/processed_feed\rep36\processed_rep36__cam5_s273559_rank760.jpg,processed_rep36__cam5_s273559_rank760.jpg,TRUE,rep36,cam5,273559,760,0.9958745837211608,396.6723327636719,765.25274658203125,0.09679973125457764,453.45556640625,807.53082275390625,0.09626921266317368,439.8769836425781,856.0262451171875,0.5554962158203125,437.9839068652628,800.6885807224791,5840.5,1000,1000,FALSE,FALSE,0.5494818525426642,no issue,FALSE
frame761__s273919,C:/R_projects/spat_1f_noise/processed_feed\rep36\processed_rep36__cam5_s273919_rank761.jpg,processed_rep36__cam5_s273919_rank761.jpg,TRUE,rep36,cam5,273919,761,0.9977642297744752,413.14154052734375,722.28369140625,0.1735752671957016,457.73004150390625,800.599365234375,0.15772481262683868,444.1058044433594,852.809814453125,0.7633156180381775,441.895864978903,794.866329113924,5932,1000,1000,FALSE,FALSE,0.7485091238502443,no issue,FALSE
frame762__s274279,C:/R_projects/spat_1f_noise/processed_feed\rep36\processed_rep36__cam5_s274279_rank762.jpg,processed_rep36__cam5_s274279_rank762.jpg,TRUE,rep36,cam5,274279,762,0.9959545135498048,399.3284606933594,750.641845703125,0.1087544709444046,451.48272705078125,810.3131103515625,0.1005101129412651,439.0650634765625,856.3096923828125,3.674647331237793,437.6633735821442,802.5605561653861,5462.5,1000,1000,FALSE,FALSE,-0.640251006928252,no issue,FALSE
frame763__s274640,C:/R_projects/spat_1f_noise/processed_feed\rep36\processed_rep36__cam5_s274640_rank763.jpg,processed_rep36__cam5_s274640_rank763.jpg,TRUE,rep36,cam5,274640,763,0.9966995120048524,406.77752685546875,756.15234375,0.07386284321546555,451.54486083984375,807.21136474609375,0.13329322636127472,439.1094970703125,857.02508544921875,0.4057137072086334,438.33389630130046,800.0503293362608,5923.5,1000,1000,FALSE,FALSE,0.5914566407878157,no issue,FALSE
frame764__s275000,C:/R_projects/spat_1f_noise/processed_feed\rep36\processed_rep36__cam5_s275000_rank764.jpg,processed_rep36__cam5_s275000_rank764.jpg,TRUE,rep36,cam5,275000,764,0.99768662452697765,414.299560546875,754.50537109375,0.10302311927080154,458.8443298339844,803.10943603515625,0.1355379968881607,439.046630859375,867.9149169921875,0.07433634251356125,446.07718814610615,797.9986216402481,5809,1000,1000,FALSE,FALSE,0.0531238989871151,no issue,FALSE
frame765__s275361,C:/R_projects/spat_1f_noise/processed_feed\rep36\processed_rep36__cam5_s275361_rank765.jpg,processed_rep36__cam5_s275361_rank765.jpg,TRUE,rep36,cam5,275361,765,0.996840000152588,419.2767333984375,753.539306640625,0.046829115599393845,459.02294921875,800.7286376953125,0.09067604690790176,437.90777587890625,869.0289306640625,0.09467338770627975,445.8239261625843,800.8308484203053,5638.5,1000,1000,FALSE,FALSE,-0.30854224523902163,no issue,FALSE
frame766__s275721,C:/R_projects/spat_1f_noise/processed_feed\rep36\processed_rep36__cam5_s275721_rank766.jpg,processed_rep36__cam5_s275721_rank766.jpg,TRUE,rep36,cam5,275721,766,0.9952422380447388,395.48516845703125,749.79296875,0.08518419414758682,452.6292419433594,804.60601806640625,0.12529709935188293,436.47979736328125,868.139404296875,0.08447324484586716,439.3355285376562,795.0694022289767,5922,1000,1000,FALSE,FALSE,0.12062675768919107,no issue,FALSE
frame767__s276082,C:/R_projects/spat_1f_noise/processed_feed\rep36\processed_rep36__cam5_s276082_rank767.jpg,processed_rep36__cam5_s276082_rank767.jpg,TRUE,rep36,cam5,276082,767,0.9978113770484924,423.92999267578125,747.68377685546875,0.09619081020355225,463.56640625,802.33001708984375,0.11398930847644806,436.31634521484375,873.1217041015625,0.053401436656713486,449.5393059490085,801.556657223796,5655,1000,1000,FALSE,FALSE,-0.2779262008944518,no issue,FALSE
frame768__s276442,C:/R_projects/spat_1f_noise/processed_feed\rep36\processed_rep36__cam5_s276442_rank768.jpg,processed_rep36__cam5_s276442_rank768.jpg,TRUE,rep36,cam5,276442,768,0.997338593006134,418.54620361328125,733.862548828125,0.1241694837808609,467.9248046875,796.124755859375,0.11254259198904037,437.06317138671875,870.83935546875,0.06281549483537674,450.4083932070542,794.338014369693,6125.5,1000,1000,FALSE,FALSE,0.49959316905994783,no issue,FALSE
frame769__s276802,C:/R_projects/spat_1f_noise/processed_feed\rep36\processed_rep36__cam5_s276802_rank769.jpg,processed_rep36__cam5_s276802_rank769.jpg,TRUE,rep36,cam5,276802,769,0.9971051812171936,428.2043151855469,850.0679931640625,0.030975552275776863,415.71240234375,808.947509765625,0.07358630746603012,428.2043151855469,850.0679931640625,6.044109344482422,428.40934844192634,800.4103601780656,4950.5,1000,1000,FALSE,FALSE,-1.4266444480498777,no issue,FALSE
frame770__s277163,C:/R_projects/spat_1f_noise/processed_feed\rep36\processed_rep36__cam5_s277163_rank770.jpg,processed_rep36__cam5_s277163_rank770.jpg,TRUE,rep36,cam5,277163,770,0.9982351064682008,433.5511474609375,862.778076171875,0.025017758831381798,413.61676025390625,790.7362060546875,0.13177697360515594,426.07574462890625,839.17816162109375,0.23353075981140137,432.7702173138582,785.1227288920555,5615,1000,1000,FALSE,FALSE,-0.41240533530267587,no issue,FALSE
frame771__s277523,C:/R_projects/spat_1f_noise/processed_feed\rep36\processed_rep36__cam5_s277523_rank771.jpg,processed_rep36__cam5_s277523_rank771.jpg,TRUE,rep36,cam5,277523,771,0.9981679916381836,483.7974548339844,720.449951171875,0.1657814234495163,419.26678466796875,790.14678955078125,0.12239313125610352,430.435546875,846.153076171875,0.9349584579467773,436.4531732418525,782.0795883361922,5831.5,1000,1000,FALSE,FALSE,-0.06175771929173111,no issue,FALSE
frame772__s277884,C:/R_projects/spat_1f_noise/processed_feed\rep36\processed_rep36__cam5_s277884_rank772.jpg,processed_rep36__cam5_s277884_rank772.jpg,TRUE,rep36,cam5,277884,772,0.998790681362152,492.6766662597656,713.025390625,0.2093736231327057,420.7977600097656,789.139404296875,0.14458081126213074,429.4728088378906,847.78472900390625,17.024070739746094,439.75357607282183,779.4533485045514,6154,1000,1000,FALSE,FALSE,0.4498368068312731,no issue,FALSE
frame773__s278244,C:/R_projects/spat_1f_noise/processed_feed\rep36\processed_rep36__cam5_s278244_rank773.jpg,processed_rep36__cam5_s278244_rank773.jpg,TRUE,rep36,cam5,278244,773,0.9971524477005004,400.2747802734375,740.108154296875,0.12572507560253143,439.5885925292969,803.55413818359375,0.08113464713096619,433.44580078125,852.0716552734375,21.988178253173828,431.6815664556962,798.848496835443,5050,1000,1000,FALSE,FALSE,-1.4415455622221183,no issue,FALSE
frame774__s278605,C:/R_projects/spat_1f_noise/processed_feed\rep36\processed_rep36__cam5_s278605_rank774.jpg,processed_rep36__cam5_s278605_rank774.jpg,TRUE,rep36,cam5,278605,774,0.9946870803833008,405.1025085449219,740.427001953125,0.12474095821380615,445.0087890625,805.34674072265625,0.07492117583751678,435.0321960449219,854.0364990234375,5.326956748962402,435.2999016715831,797.4175024582104,5080.5,1000,1000,FALSE,FALSE,-1.4491049901094077,no issue,FALSE
frame775__s278965,C:/R_projects/spat_1f_noise/processed_feed\rep36\processed_rep36__cam5_s278965_rank775.jpg,processed_rep36__cam5_s278965_rank775.jpg,TRUE,rep36,cam5,278965,775,0.9953420162200928,405.6058044433594,752.0810546875,0.059829000383615494,445.45220947265625,809.25421142578125,0.10775642842054367,435.4906005859375,853.9984130859375,13.541667938232422,436.48684712161645,799.5089592070149,5244.5,1000,1000,FALSE,FALSE,-1.2003425773107206,no issue,FALSE
frame776__s279325,C:/R_projects/spat_1f_noise/processed_feed\rep36\processed_rep36__cam5_s279325_rank776.jpg,processed_rep36__cam5_s279325_rank776.jpg,TRUE,rep36,cam5,279325,776,0.9926787614822388,442.0208740234375,698.44757080078125,0.06995698064565659,442.0208740234375,791.716064453125,75.1551284790039,437.08551025390625,857.6258544921875,0.03859556466341019,437.54084507042256,786.2361226180614,6036,1000,1000,FALSE,FALSE,0.1860914206440562,no issue,FALSE
frame777__s279686,C:/R_projects/spat_1f_noise/processed_feed\rep36\processed_rep36__cam5_s279686_rank777.jpg,processed_rep36__cam5_s279686_rank777.jpg,TRUE,rep36,cam5,279686,777,0.9961435794830322,452.8213195800781,678.20989990234375,0.0663880780339241,443.08026123046875,784.02313232421875,16.641998291015625,438.209716796875,857.469970703125,0.045059684664011,439.5948567908839,776.8432399137665,6492.5,1000,1000,FALSE,FALSE,0.9375426897892005,no issue,FALSE
frame778__s280046,C:/R_projects/spat_1f_noise/processed_feed\rep36\processed_rep36__cam5_s280046_rank778.jpg,processed_rep36__cam5_s280046_rank778.jpg,TRUE,rep36,cam5,280046,778,0.99685537815094,366.7814636230469,733.34381103515625,0.07862059772014618,431.59332275390625,799.517822265625,0.11962360143661499,437.82525634765625,858.200439453125,2.9163129329681396,415.7590831918506,792.2436332767402,5888,1000,1000,FALSE,FALSE,-0.07932445577080194,no issue,FALSE
frame779__s280407,C:/R_projects/spat_1f_noise/processed_feed\rep36\processed_rep36__cam5_s280407_rank779.jpg,processed_rep36__cam5_s280407_rank779.jpg,TRUE,rep36,cam5,280407,779,0.998282551765442,455.7756042480469,731.1806640625,16.430593490600586,449.557373046875,647.73345947265625,0.10992095619440079,415.9788513183594,523.1854248046875,0.2021235227584839,442.7215078164397,626.7280635400907,7932.5,1000,1000,FALSE,FALSE,3.2944556838840366,too big,FALSE
frame780__s280767,C:/R_projects/spat_1f_noise/processed_feed\rep36\processed_rep36__cam5_s280767_rank780.jpg,processed_rep36__cam5_s280767_rank780.jpg,TRUE,rep36,cam5,280767,780,0.9965243935585022,931.7012939453125,740.30206298828125,0.11165621131658554,907.9927978515625,680.32763671875,0.1375531405210495,821.8934326171875,607.85845947265625,0.2595808506011963,889.4788832199547,664.1659580498866,7043,1000,1000,FALSE,FALSE,1.8110530558687714,no issue,FALSE
frame781__s281127,C:/R_projects/spat_1f_noise/processed_feed\rep36\processed_rep36__cam5_s281127_rank781.jpg,processed_rep36__cam5_s281127_rank781.jpg,TRUE,rep36,cam5,281127,781,0.995697259902954,786.492919921875,619.66485595703125,0.062733493745327,782.796142578125,739.262939453125,0.12518398463726044,770.4737548828125,806.536865234375,0.17699883878231049,778.4211728865195,728.534501142422,6571,1000,1000,FALSE,FALSE,1.0518260450697292,no issue,FALSE
frame782__s281488,C:/R_projects/spat_1f_noise/processed_feed\rep36\processed_rep36__cam5_s281488_rank782.jpg,processed_rep36__cam5_s281488_rank782.jpg,TRUE,rep36,cam5,281488,782,0.9961905479431152,940.8841552734375,437.59796142578125,0.041066933423280716,869.84344482421875,438.8379211425781,0.1565607339143753,805.034423828125,433.8780212402344,0.07787997275590897,881.0776846915461,436.34196496572736,5252.5,1000,1000,FALSE,FALSE,-1.0220304871977517,no issue,FALSE
frame783__s281848,C:/R_projects/spat_1f_noise/processed_feed\rep36\processed_rep36__cam5_s281848_rank783.jpg,processed_rep36__cam5_s281848_rank783.jpg,TRUE,rep36,cam5,281848,783,0.9981082677841188,984.6043701171875,472.36181640625,0.039544276893138885,900.99462890625,446.2472839355469,0.05115337297320366,806.15380859375,435.0552978515625,0.11230307072401047,893.7131643499591,444.8367947669665,6111,1000,1000,TRUE,FALSE,0.35018469123264084,no issue,FALSE
frame784__s282209,C:/R_projects/spat_1f_noise/processed_feed\rep36\processed_rep36__cam5_s282209_rank784.jpg,processed_rep36__cam5_s282209_rank784.jpg,TRUE,rep36,cam5,282209,784,0.9982526898384094,932.38720703125,333.96856689453125,0.13520728051662445,901.3736572265625,418.2728576660156,0.12524928152561188,807.0924072265625,430.6705322265625,0.13794508576393127,882.6602205529807,401.9805018379415,6248.5,1000,1000,FALSE,FALSE,0.6002844885952572,no issue,FALSE
frame785__s282569,C:/R_projects/spat_1f_noise/processed_feed\rep36\processed_rep36__cam5_s282569_rank785.jpg,processed_rep36__cam5_s282569_rank785.jpg,TRUE,rep36,cam5,282569,785,0.9977682828903198,920.10284423828125,315.873779296875,0.11104083061218262,918.8609619140625,406.5518798828125,0.13574658334255219,859.2476806640625,477.3553466796875,0.07945673912763596,902.310516991464,400.72926397165406,6211.5,1000,1000,FALSE,FALSE,0.5156797183184038,no issue,FALSE
frame786__s282929,C:/R_projects/spat_1f_noise/processed_feed\rep36\processed_rep36__cam5_s282929_rank786.jpg,processed_rep36__cam5_s282929_rank786.jpg,TRUE,rep36,cam5,282929,786,0.998124897480011,925.06884765625,323.87969970703125,0.12457957863807678,916.3375244140625,412.30181884765625,0.16185930371284485,858.9603271484375,477.06170654296875,0.07038472592830658,902.558312236287,403.104135021097,5927,1000,1000,FALSE,FALSE,0.053953629803856235,no issue,FALSE
frame787__s283290,C:/R_projects/spat_1f_noise/processed_feed\rep36\processed_rep36__cam5_s283290_rank787.jpg,processed_rep36__cam5_s283290_rank787.jpg,TRUE,rep36,cam5,283290,787,0.9955955147743224,913.45458984375,321.34771728515625,0.15686455368995667,925.84619140625,407.47125244140625,0.15050476789474487,861.40985107421875,474.8721923828125,0.09972157329320908,906.1504031594537,401.5886128023696,6085,1000,1000,FALSE,FALSE,0.3212156277941033,no issue,FALSE
frame788__s283650,C:/R_projects/spat_1f_noise/processed_feed\rep36\processed_rep36__cam5_s283650_rank788.jpg,processed_rep36__cam5_s283650_rank788.jpg,TRUE,rep36,cam5,283650,788,0.9953576922416688,915.049560546875,320.3690185546875,0.1330646276473999,926.2733154296875,407.410888671875,0.1641264110803604,860.1778564453125,473.31402587890625,0.08971408009529114,906.0481829980532,400.9755029201817,6172,1000,1000,FALSE,FALSE,0.4778347857596458,no issue,FALSE
frame789__s284011,C:/R_projects/spat_1f_noise/processed_feed\rep36\processed_rep36__cam5_s284011_rank789.jpg,processed_rep36__cam5_s284011_rank789.jpg,TRUE,rep36,cam5,284011,789,0.9960246086120604,911.9119873046875,320.4040832519531,0.16410350799560547,926.9091796875,406.50714111328125,0.15580949187278748,859.421875,472.644287109375,0.09516216814517975,906.1981499513145,400.9910743265174,6168,1000,1000,FALSE,FALSE,0.4660091476392009,no issue,FALSE
frame790__s284371,C:/R_projects/spat_1f_noise/processed_feed\rep36\processed_rep36__cam5_s284371_rank790.jpg,processed_rep36__cam5_s284371_rank790.jpg,TRUE,rep36,cam5,284371,790,0.9953194260597228,913.85491943359375,325.1676940917969,0.18363633751869202,926.300048828125,408.634765625,0.14898331463336945,859.095947265625,472.1693420410156,0.09355012327432632,906.3144800132692,402.31696798805774,6037.5,1000,1000,FALSE,FALSE,0.23983073901623495,no issue,FALSE
frame791__s284731,C:/R_projects/spat_1f_noise/processed_feed\rep36\processed_rep36__cam5_s284731_rank791.jpg,processed_rep36__cam5_s284731_rank791.jpg,TRUE,rep36,cam5,284731,791,0.9973292350769044,922.44873046875,298.2230529785156,0.1129303127527237,936.1392822265625,379.29376220703125,0.1715436726808548,882.62152099609375,415.46380615234375,0.0760999247431755,920.7673956262425,365.24811133200797,5031.5,1000,1000,FALSE,FALSE,-1.5157485502451566,no issue,FALSE
frame792__s285092,C:/R_projects/spat_1f_noise/processed_feed\rep36\processed_rep36__cam5_s285092_rank792.jpg,processed_rep36__cam5_s285092_rank792.jpg,TRUE,rep36,cam5,285092,792,0.9951856732368468,919.32525634765625,267.5498046875,0.08226162195205688,921.77923583984375,380.96990966796875,0.08833663910627365,911.96319580078125,439.549560546875,0.4395615756511688,917.5769165391807,365.6430392656808,5891,1000,1000,FALSE,FALSE,0.10821614104050135,no issue,FALSE
frame793__s285452,C:/R_projects/spat_1f_noise/processed_feed\rep36\processed_rep36__cam5_s285452_rank793.jpg,processed_rep36__cam5_s285452_rank793.jpg,TRUE,rep36,cam5,285452,793,0.994426727294922,919.3665771484375,267.5545654296875,0.08866983652114868,923.02490234375,379.82391357421875,0.07909387350082397,912.0499267578125,438.45343017578125,0.08074644207954407,917.3151566469094,366.3026248941575,5913.5,1000,1000,FALSE,FALSE,0.2340604059251157,no issue,FALSE
frame794__s285813,C:/R_projects/spat_1f_noise/processed_feed\rep36\processed_rep36__cam5_s285813_rank794.jpg,processed_rep36__cam5_s285813_rank794.jpg,TRUE,rep36,cam5,285813,794,0.9953481554985046,920.2291259765625,292.31915283203125,0.1565781682729721,930.083984375,389.2645568847656,0.13703329861164093,885.7369384765625,457.62353515625,0.06384994834661484,918.670486167949,376.8263218202652,6118,1000,1000,FALSE,FALSE,0.4427894599428417,no issue,FALSE
frame795__s286173,C:/R_projects/spat_1f_noise/processed_feed\rep36\processed_rep36__cam5_s286173_rank795.jpg,processed_rep36__cam5_s286173_rank795.jpg,TRUE,rep36,cam5,286173,795,0.9966520667076112,932.1610107421875,322.2588806152344,0.10353575646877289,934.6292724609375,399.4917297363281,0.10083454102277756,897.6055908203125,453.0564880371094,0.06807337701320648,926.2119806763285,390.66570048309177,5184,1000,1000,FALSE,FALSE,-0.06763831355966095,no issue,FALSE
frame796__s286533,C:/R_projects/spat_1f_noise/processed_feed\rep36\processed_rep36__cam5_s286533_rank796.jpg,processed_rep36__cam5_s286533_rank796.jpg,TRUE,rep36,cam5,286533,796,0.9969786405563354,931.98046875,316.18560791015625,0.08615335822105408,938.210205078125,402.2369384765625,0.12987296283245087,892.1097412109375,465.8401184082031,0.08585888147354126,927.4090575724239,392.3041804180418,5458,1000,1000,FALSE,FALSE,0.2173096384687084,no issue,FALSE
frame797__s286894,C:/R_projects/spat_1f_noise/processed_feed\rep36\processed_rep36__cam5_s286894_rank797.jpg,processed_rep36__cam5_s286894_rank797.jpg,TRUE,rep36,cam5,286894,797,0.9959349632263184,933.90289306640625,317.4571228027344,0.09684120118618011,940.1319580078125,402.0759582519531,0.13164988160133362,895.2830810546875,459.318115234375,0.0790715217590332,928.6877107530911,392.2853128512551,5342.5,1000,1000,FALSE,FALSE,0.23071752640583462,no issue,FALSE
frame798__s287254,C:/R_projects/spat_1f_noise/processed_feed\rep36\processed_rep36__cam5_s287254_rank798.jpg,processed_rep36__cam5_s287254_rank798.jpg,TRUE,rep36,cam5,287254,798,0.9956541061401368,931.3922119140625,319.4036560058594,0.12680360674858093,938.88421630859375,401.2916564941406,0.1410675197839737,895.1807861328125,458.3651428222656,0.0941019058227539,927.1690324990661,393.22618602913707,5359.5,1000,1000,FALSE,FALSE,0.29069123189623797,no issue,FALSE
frame799__s287615,C:/R_projects/spat_1f_noise/processed_feed\rep36\processed_rep36__cam5_s287615_rank799.jpg,processed_rep36__cam5_s287615_rank799.jpg,TRUE,rep36,cam5,287615,799,0.9944937825202942,931.41302490234375,324.5025634765625,0.14532449841499329,935.1451416015625,403.9624328613281,0.1202230304479599,884.1400146484375,459.8326416015625,0.06980297714471817,923.5400037474236,395.47479857597904,5341,1000,1000,FALSE,FALSE,0.34600290567525877,no issue,FALSE
frame800__s287975,C:/R_projects/spat_1f_noise/processed_feed\rep36\processed_rep36__cam5_s287975_rank800.jpg,processed_rep36__cam5_s287975_rank800.jpg,TRUE,rep36,cam5,287975,800,0.9988402724266052,988.1328125,324.9915771484375,0.09113086760044098,949.61865234375,391.9226379394531,0.09685398638248444,867.62078857421875,432.8249816894531,0.07660631835460663,934.8240109140519,389.4839699863574,5851.5,1000,1000,TRUE,FALSE,0.6796749563602902,no issue,FALSE
frame801__s288335,C:/R_projects/spat_1f_noise/processed_feed\rep36\processed_rep36__cam5_s288335_rank801.jpg,processed_rep36__cam5_s288335_rank801.jpg,TRUE,rep36,cam5,288335,801,0.998391568660736,988.78717041015625,324.23577880859375,0.08453550189733505,943.97998046875,399.92999267578125,0.08362597972154617,871.7906494140625,433.4339904785156,0.09611466526985168,936.4671828259721,388.4661270455745,5674,1000,1000,TRUE,FALSE,0.6497137282955653,no issue,FALSE
frame802__s288696,C:/R_projects/spat_1f_noise/processed_feed\rep36\processed_rep36__cam5_s288696_rank802.jpg,processed_rep36__cam5_s288696_rank802.jpg,TRUE,rep36,cam5,288696,802,0.9987861514091492,987.8831787109375,329.6097106933594,0.0903206393122673,919.56756591796875,421.461181640625,0.0888318121433258,871.12554931640625,432.6322937011719,0.09717041999101639,936.1811178788964,390.03063418129705,5571.5,1000,1000,TRUE,FALSE,0.6551550743490733,no issue,FALSE
frame803__s289056,C:/R_projects/spat_1f_noise/processed_feed\rep36\processed_rep36__cam5_s289056_rank803.jpg,processed_rep36__cam5_s289056_rank803.jpg,TRUE,rep36,cam5,289056,803,0.9989542961120604,990.99066162109375,324.806640625,0.07078596204519272,945.0433349609375,387.1182556152344,0.09145333617925644,861.8414306640625,422.01275634765625,0.11252730339765549,931.2467200545237,384.24194922474015,5860.5,1000,1000,TRUE,FALSE,0.8597758842973303,no issue,FALSE
frame804__s289417,C:/R_projects/spat_1f_noise/processed_feed\rep36\processed_rep36__cam5_s289417_rank804.jpg,processed_rep36__cam5_s289417_rank804.jpg,TRUE,rep36,cam5,289417,804,0.9985601305961608,989.7132568359375,333.1967468261719,0.07519160956144333,942.4813232421875,396.6316223144531,0.10095974802970886,869.1474609375,423.9956970214844,0.08680666238069534,933.0838368580061,388.16635196374625,5283.5,1000,1000,TRUE,FALSE,0.6445979139416578,no issue,FALSE
frame805__s289777,C:/R_projects/spat_1f_noise/processed_feed\rep36\processed_rep36__cam5_s289777_rank805.jpg,processed_rep36__cam5_s289777_rank805.jpg,TRUE,rep36,cam5,289777,805,0.997711181640625,968.9061279296875,296.861328125,0.035916052758693695,940.355712890625,387.56646728515625,0.11797033250331879,869.60028076171875,406.20452880859375,0.070379339158535,932.2440377149196,367.52227768533925,5405,1000,1000,FALSE,FALSE,0.7762670449909335,no issue,FALSE
frame806__s290137,C:/R_projects/spat_1f_noise/processed_feed\rep36\processed_rep36__cam5_s290137_rank806.jpg,processed_rep36__cam5_s290137_rank806.jpg,TRUE,rep36,cam5,290137,806,0.996397852897644,938.325439453125,57.53582763671875,0.09770885109901428,965.7862548828125,158.21182250976563,0.12472515553236008,940.8218994140625,237.75830078125,0.04916291683912277,957.8661081251976,144.7758457160923,6326,1000,1000,TRUE,FALSE,1.300360011217949,no issue,FALSE
frame807__s290498,C:/R_projects/spat_1f_noise/processed_feed\rep36\processed_rep36__cam5_s290498_rank807.jpg,processed_rep36__cam5_s290498_rank807.jpg,TRUE,rep36,cam5,290498,807,0.9954081177711488,804.0242919921875,1.8742351531982422,0.01641322858631611,856.0806884765625,10.620665550231934,0.016543852165341377,903.1793212890625,5.622705459594727,0.02827725000679493,860.622641509434,7.926415094339623,1589.5,1000,1000,TRUE,FALSE,-0.9773962875480928,no issue,FALSE
frame808__s290858,C:/R_projects/spat_1f_noise/processed_feed\rep36\processed_rep36__cam5_s290858_rank808.jpg,processed_rep36__cam5_s290858_rank808.jpg,TRUE,rep36,cam5,290858,808,0.9921171069145204,802.95965576171875,0.5860356092453003,0.017316054552793503,855.4302978515625,9.962605476379395,0.017603782936930656,904.1529541015625,5.274320602416992,0.02602173201739788,861.8610932475884,7.918971061093248,1554,1000,1000,TRUE,FALSE,-0.9472182625638698,no issue,FALSE
frame809__s291219,C:/R_projects/spat_1f_noise/processed_feed\rep36\processed_rep36__cam5_s291219_rank809.jpg,processed_rep36__cam5_s291219_rank809.jpg,TRUE,rep36,cam5,291219,809,0.9943228960037231,805.20025634765625,1.7591822147369385,0.01685074344277382,862.6590576171875,7.6231231689453125,0.3619416058063507,903.8795166015625,5.2775468826293945,0.028283795341849327,859.6374845869298,7.890875462392109,1620.5,1000,1000,TRUE,FALSE,-0.8564660404639024,no issue,FALSE
frame810__s291579,C:/R_projects/spat_1f_noise/processed_feed\rep36\processed_rep36__cam5_s291579_rank810.jpg,processed_rep36__cam5_s291579_rank810.jpg,TRUE,rep36,cam5,291579,810,0.9910515546798706,801.611328125,1.77047860622406,0.020053118467330933,862.75335693359375,7.672074317932129,0.3915889859199524,905.178466796875,5.311436176300049,0.0326363779604435,859.6666666666666,7.846570397111913,1661,1000,1000,TRUE,FALSE,-0.7979984654862887,no issue,FALSE
frame811__s291939,C:/R_projects/spat_1f_noise/processed_feed\rep36\processed_rep36__cam5_s291939_rank811.jpg,processed_rep36__cam5_s291939_rank811.jpg,TRUE,rep36,cam5,291939,811,0.9931123852729796,800.82061767578125,1.8461369276046753,0.01619291678071022,860.3975830078125,7.9999260902404785,0.0388580858707428,900.115478515625,5.538410663604736,0.029001647606492043,859.2417508417508,7.3003367003367,1482.5,1000,1000,TRUE,FALSE,-0.8468041175631028,no issue,FALSE
frame812__s292300,C:/R_projects/spat_1f_noise/processed_feed\rep36\processed_rep36__cam5_s292300_rank812.jpg,processed_rep36__cam5_s292300_rank812.jpg,TRUE,rep36,cam5,292300,812,0.9931119680404664,788.348876953125,1.827357530593872,0.011653285473585129,855.47821044921875,7.918549537658691,5.802411079406738,901.47430419921875,5.482072830200195,0.02400328405201435,851.3893491124261,7.141420118343195,1689.5,1000,1000,TRUE,FALSE,-0.7084376445732249,no issue,FALSE
frame813__s292660,C:/R_projects/spat_1f_noise/processed_feed\rep36\processed_rep36__cam5_s292660_rank813.jpg,processed_rep36__cam5_s292660_rank813.jpg,TRUE,rep36,cam5,292660,813,0.9956739544868468,776.9053955078125,0.5852959752082825,0.012668285518884659,851.7261962890625,7.608847618103027,0.3353116512298584,899.11279296875,6.438255786895752,0.02995193749666214,848.8988326848249,7.4130072262367985,1798,1000,1000,TRUE,FALSE,-0.5939150080574654,no issue,FALSE
frame814__s293021,C:/R_projects/spat_1f_noise/processed_feed\rep36\processed_rep36__cam5_s293021_rank814.jpg,processed_rep36__cam5_s293021_rank814.jpg,TRUE,rep36,cam5,293021,814,0.9962156414985656,790.8094482421875,2.925147771835327,0.009664750657975674,856.53167724609375,7.60538387298584,0.2975279688835144,901.17315673828125,5.265265464782715,0.027240416035056114,848.1666666666666,7.339655172413793,1740,1000,1000,TRUE,FALSE,-0.5714918697139805,no issue,FALSE
frame815__s293381,C:/R_projects/spat_1f_noise/processed_feed\rep36\processed_rep36__cam5_s293381_rank815.jpg,processed_rep36__cam5_s293381_rank815.jpg,TRUE,rep36,cam5,293381,815,0.9932199120521544,792.29705810546875,1.782403588294983,0.010499185882508755,857.2322998046875,7.723749160766602,3.4611430168151855,902.18743896484375,5.347210884094238,0.027934705838561058,854.3677335075114,6.855649902024821,1530,1000,1000,TRUE,FALSE,-0.6417405167708983,no issue,FALSE
frame816__s293742,C:/R_projects/spat_1f_noise/processed_feed\rep36\processed_rep36__cam5_s293742_rank816.jpg,processed_rep36__cam5_s293742_rank816.jpg,TRUE,rep36,cam5,293742,816,0.9951000809669496,791.77801513671875,0.5930383205413818,0.011952747590839863,859.15765380859375,7.709498405456543,0.6006621718406677,901.581787109375,6.5234222412109375,0.02465076744556427,855.9867724867725,6.8465608465608465,1511.5,1000,1000,TRUE,FALSE,-0.6027245444883876,no issue,FALSE
frame817__s294102,C:/R_projects/spat_1f_noise/processed_feed\rep36\processed_rep36__cam5_s294102_rank817.jpg,processed_rep36__cam5_s294102_rank817.jpg,TRUE,rep36,cam5,294102,817,0.9905149936676024,804.0633544921875,5.268088340759277,0.01861470937728882,857.33795166015625,7.609461784362793,0.964970052242279,899.4620361328125,5.268088340759277,0.029340248554944992,853.4607906675308,6.844458846403111,1540.5,1000,1000,TRUE,FALSE,-0.5373439408306528,no issue,FALSE
frame818__s294462,C:/R_projects/spat_1f_noise/processed_feed\rep36\processed_rep36__cam5_s294462_rank818.jpg,processed_rep36__cam5_s294462_rank818.jpg,TRUE,rep36,cam5,294462,818,0.9927188158035278,791.3773193359375,1.8464555740356445,0.015022688545286655,861.25848388671875,9.232278823852539,1.2566760778427124,899.942626953125,5.539367198944092,0.028732869774103165,854.0420062695924,7.028213166144201,1594,1000,1000,TRUE,FALSE,-0.4499702362830824,no issue,FALSE
frame819__s294823,C:/R_projects/spat_1f_noise/processed_feed\rep36\processed_rep36__cam5_s294823_rank819.jpg,processed_rep36__cam5_s294823_rank819.jpg,TRUE,rep36,cam5,294823,819,0.9953649044036864,828.5648193359375,13.466327667236328,12.004572868347168,842.17041015625,24.362682342529297,0.009954764507710934,896.5928955078125,7.412796497344971,0.0429723896086216,853.8061060524906,13.903053026245313,1874,1000,1000,TRUE,FALSE,-0.1789763800374138,no issue,FALSE
frame820__s295183,C:/R_projects/spat_1f_noise/processed_feed\rep36\processed_rep36__cam5_s295183_rank820.jpg,processed_rep36__cam5_s295183_rank820.jpg,TRUE,rep36,cam5,295183,820,0.9959853291511536,826.1407470703125,6.765374183654785,0.021876581013202667,873.30126953125,6.765374183654785,0.25957629084587097,911.7742919921875,5.535305976867676,0.028726302087306976,865.4300482425913,7.219848380427291,1450.5,1000,1000,TRUE,FALSE,-0.5023062655172208,no issue,FALSE
frame821__s295544,C:/R_projects/spat_1f_noise/processed_feed\rep36\processed_rep36__cam5_s295544_rank821.jpg,processed_rep36__cam5_s295544_rank821.jpg,TRUE,rep36,cam5,295544,821,0.996840238571167,810.2642822265625,4.163091659545898,0.020451994612812996,854.01214599609375,13.678730010986328,0.008863870985805988,915.2591552734375,2.973637104034424,0.03343983367085457,858.8978224455611,8.758793969849247,1793,1000,1000,TRUE,FALSE,-0.08749668446328443,no issue,FALSE
frame822__s295904,C:/R_projects/spat_1f_noise/processed_feed\rep36\processed_rep36__cam5_s295904_rank822.jpg,processed_rep36__cam5_s295904_rank822.jpg,TRUE,rep36,cam5,295904,822,0.9974408149719238,809.21539306640625,6.871199607849121,0.020591577515006065,877.30523681640625,8.120509147644043,0.1121465191245079,914.44512939453125,3.123272657394409,0.043352819979190826,853.9119496855346,10.155297532656023,2069,1000,1000,TRUE,FALSE,1.1560232866158082,no issue,FALSE
frame823__s296265,C:/R_projects/spat_1f_noise/processed_feed\rep36\processed_rep36__cam5_s296265_rank823.jpg,processed_rep36__cam5_s296265_rank823.jpg,TRUE,rep36,cam5,296265,823,0.9972291588783264,808.1829833984375,5.498559951782227,0.02123100869357586,882.90802001953125,9.164266586303711,0.021815376356244087,915.288818359375,3.054755687713623,0.03605212643742561,853.2090864680019,9.82266731802638,2049,1000,1000,TRUE,FALSE,0.9229898304952764,no issue,FALSE
frame824__s296625,C:/R_projects/spat_1f_noise/processed_feed\rep36\processed_rep36__cam5_s296625_rank824.jpg,processed_rep36__cam5_s296625_rank824.jpg,TRUE,rep36,cam5,296625,824,0.993885338306427,802.0064697265625,1.840986728668213,0.013902056030929089,871.74755859375,7.977609634399414,0.5445207357406616,911.5997314453125,5.522960662841797,0.02646220289170742,860.9626865671642,7.08955223880597,1608.5,1000,1000,TRUE,FALSE,-0.543604538785148,no issue,FALSE
frame825__s296985,C:/R_projects/spat_1f_noise/processed_feed\rep36\processed_rep36__cam5_s296985_rank825.jpg,processed_rep36__cam5_s296985_rank825.jpg,TRUE,rep36,cam5,296985,825,0.9984020590782166,804.484130859375,12.915908813476563,0.018909938633441925,865.23260498046875,6.857580184936523,0.08561208844184875,911.10400390625,5.645914077758789,0.07621817290782928,845.6180124223603,10.179236912156167,2260.5,1000,1000,TRUE,FALSE,1.3616453096312322,no issue,FALSE
frame826__s297346,C:/R_projects/spat_1f_noise/processed_feed\rep36\processed_rep36__cam5_s297346_rank826.jpg,processed_rep36__cam5_s297346_rank826.jpg,TRUE,rep36,cam5,297346,826,0.9978253841400146,816.30914306640625,12.848800659179688,0.05014665424823761,869.611328125,9.177714347839355,0.7786058187484741,910.5177001953125,5.50662899017334,0.03521106764674187,854.9876160990713,8.41124871001032,1939.5,1000,1000,TRUE,FALSE,0.3764488030772414,no issue,FALSE
frame827__s297706,C:/R_projects/spat_1f_noise/processed_feed\rep36\processed_rep36__cam5_s297706_rank827.jpg,processed_rep36__cam5_s297706_rank827.jpg,TRUE,rep36,cam5,297706,827,0.997751772403717,769.9139404296875,5.4367828369140625,0.03113587386906147,859.5081787109375,7.85313081741333,0.3324897885322571,911.771484375,3.020434856414795,0.03654596582055092,829.5629290617849,9.988176964149504,2624.5,1000,1000,TRUE,FALSE,2.195751781630734,too big,FALSE
frame828__s298067,C:/R_projects/spat_1f_noise/processed_feed\rep36\processed_rep36__cam5_s298067_rank828.jpg,processed_rep36__cam5_s298067_rank828.jpg,TRUE,rep36,cam5,298067,828,0.9946475625038148,806.3470458984375,1.7785805463790894,0.01387077197432518,861.14013671875,10.078622817993164,0.016048476099967957,912.1973876953125,5.3357415199279785,0.020889343693852425,864.5994712491738,7.149372108393919,1512,1000,1000,TRUE,FALSE,-0.9751015571935949,no issue,FALSE
frame829__s298427,C:/R_projects/spat_1f_noise/processed_feed\rep36\processed_rep36__cam5_s298427_rank829.jpg,processed_rep36__cam5_s298427_rank829.jpg,TRUE,rep36,cam5,298427,829,0.9953051805496216,807.2796630859375,1.8131707906723022,0.010131357237696648,870.79412841796875,6.648292541503906,0.08654528111219406,911.89178466796875,5.439512252807617,0.023676006123423576,865.1830799735625,7.140779907468605,1512,1000,1000,TRUE,FALSE,-0.7504443900313984,no issue,FALSE
frame830__s298787,C:/R_projects/spat_1f_noise/processed_feed\rep36\processed_rep36__cam5_s298787_rank830.jpg,processed_rep36__cam5_s298787_rank830.jpg,TRUE,rep36,cam5,298787,830,0.9948354959487916,804.1549072265625,1.8623254299163818,0.011883006431162357,866.1116943359375,6.828526973724365,0.015974421054124832,911.959716796875,5.586976528167725,0.024621769785881042,862.6662460567824,7.349526813880126,1585.5,1000,1000,TRUE,FALSE,-0.5991619695798728,no issue,FALSE
frame831__s299148,C:/R_projects/spat_1f_noise/processed_feed\rep36\processed_rep36__cam5_s299148_rank831.jpg,processed_rep36__cam5_s299148_rank831.jpg,TRUE,rep36,cam5,299148,831,0.9920191168785096,808.24163818359375,1.7672433853149414,0.013448193669319153,865.42120361328125,8.836216926574707,0.017653437331318855,906.4412841796875,7.658054828643799,0.03286390379071236,866.618846694796,6.758790436005626,1421.5,1000,1000,TRUE,FALSE,-0.9557559599428529,no issue,FALSE
frame832__s299508,C:/R_projects/spat_1f_noise/processed_feed\rep36\processed_rep36__cam5_s299508_rank832.jpg,processed_rep36__cam5_s299508_rank832.jpg,TRUE,rep36,cam5,299508,832,0.99673992395401,790.046630859375,0.6126052737236023,0.010831154882907867,874.3746337890625,7.963869094848633,1.8210779428482056,912.8182373046875,5.5134477615356445,0.025932233780622482,861.7446808510638,6.707285622179239,1550.5,1000,1000,TRUE,FALSE,-0.725805492920314,no issue,FALSE
frame833__s299869,C:/R_projects/spat_1f_noise/processed_feed\rep36\processed_rep36__cam5_s299869_rank833.jpg,processed_rep36__cam5_s299869_rank833.jpg,TRUE,rep36,cam5,299869,833,0.9919920563697816,805.31671142578125,1.8577160835266113,0.015857873484492302,860.14068603515625,9.288579940795898,0.013708951883018017,914.9647216796875,4.3346710205078125,0.022945107892155647,862.8178191489362,6.758643617021277,1504.5,1000,1000,TRUE,FALSE,-0.8026193156067837,no issue,FALSE
frame834__s300229,C:/R_projects/spat_1f_noise/processed_feed\rep36\processed_rep36__cam5_s300229_rank834.jpg,processed_rep36__cam5_s300229_rank834.jpg,TRUE,rep36,cam5,300229,834,0.9828872084617616,754.059814453125,21.524429321289063,0.01755528897047043,859.62188720703125,9.516317367553711,14.619019508361816,913.0238037109375,5.91388463973999,0.05460275337100029,835.6705107084019,8.380560131795717,1824,1000,1000,TRUE,FALSE,-0.4271571400701794,no issue,FALSE
frame835__s300589,C:/R_projects/spat_1f_noise/processed_feed\rep36\processed_rep36__cam5_s300589_rank835.jpg,processed_rep36__cam5_s300589_rank835.jpg,TRUE,rep36,cam5,300589,835,0.9929097294807434,736.42425537109375,2.9227731227874756,0.0069059147499501705,858.32275390625,7.599210262298584,2.7018048763275146,913.05267333984375,4.091882228851318,0.03530707582831383,840.9138755980862,6.595215311004785,2090,1000,1000,TRUE,FALSE,-0.1351444476689977,no issue,FALSE
frame836__s300950,C:/R_projects/spat_1f_noise/processed_feed\rep36\processed_rep36__cam5_s300950_rank836.jpg,processed_rep36__cam5_s300950_rank836.jpg,TRUE,rep36,cam5,300950,836,0.98847031593322765,769.6744384765625,1.7644107341766357,0.01045705284923315,859.1846923828125,6.46950626373291,2.139282703399658,911.39898681640625,4.1169586181640625,0.019232330843806267,847.5284056200367,5.701282834453268,1637,1000,1000,TRUE,FALSE,-0.7394965466514338,no issue,FALSE
frame837__s301310,C:/R_projects/spat_1f_noise/processed_feed\rep36\processed_rep36__cam5_s301310_rank837.jpg,processed_rep36__cam5_s301310_rank837.jpg,TRUE,rep36,cam5,301310,837,0.998015522956848,795.800048828125,5.437478542327881,0.02190304920077324,863.931884765625,7.854135513305664,0.12145091593265533,909.7659912109375,5.437478542327881,0.04555894061923027,844.762389380531,10.005309734513274,2262,1000,1000,TRUE,FALSE,-0.1411147616002972,no issue,FALSE
frame838__s301671,C:/R_projects/spat_1f_noise/processed_feed\rep36\processed_rep36__cam5_s301671_rank838.jpg,processed_rep36__cam5_s301671_rank838.jpg,TRUE,rep36,cam5,301671,838,0.9982951283454896,807.72650146484375,12.859832763671875,0.04491596668958664,864.790771484375,6.736103057861328,0.757631242275238,909.4498291015625,4.286611080169678,0.04733318090438843,842.1628392484342,11.530688935281837,2401.5,1000,1000,TRUE,FALSE,-0.10047879479293896,no issue,FALSE
frame839__s302031,C:/R_projects/spat_1f_noise/processed_feed\rep36\processed_rep36__cam5_s302031_rank839.jpg,processed_rep36__cam5_s302031_rank839.jpg,TRUE,rep36,cam5,302031,839,0.9971457123756408,805.068603515625,6.7488813400268555,0.31898170709609985,844.89251708984375,10.430088996887207,0.009999386966228485,912.0953369140625,5.5218119621276855,0.0265042744576931,848.604320337197,7.930979978925184,1899.5,1000,1000,TRUE,FALSE,-0.573750875975524,no issue,FALSE
frame840__s302391,C:/R_projects/spat_1f_noise/processed_feed\rep36\processed_rep36__cam5_s302391_rank840.jpg,processed_rep36__cam5_s302391_rank840.jpg,TRUE,rep36,cam5,302391,840,0.9979335069656372,818.102783203125,44.049720764160156,0.9112465977668762,838.0625,30.615243911743164,0.021388854831457138,905.42669677734375,6.188917636871338,0.07786239683628082,852.4171609331752,18.281138790035588,2538.5,1000,1000,TRUE,FALSE,-0.1558582631040593,no issue,FALSE
frame841__s302752,C:/R_projects/spat_1f_noise/processed_feed\rep36\processed_rep36__cam5_s302752_rank841.jpg,processed_rep36__cam5_s302752_rank841.jpg,TRUE,rep36,cam5,302752,841,0.9979992508888244,771.84698486328125,12.910127639770508,0.07132010161876678,825.096435546875,10.451055526733398,0.3675384521484375,861.0087890625,4.303375720977783,0.023019883781671524,807.5646081992735,9.349247535028542,1931.5,1000,1000,TRUE,FALSE,-0.6452434646412165,no issue,FALSE
frame842__s303112,C:/R_projects/spat_1f_noise/processed_feed\rep36\processed_rep36__cam5_s303112_rank842.jpg,processed_rep36__cam5_s303112_rank842.jpg,TRUE,rep36,cam5,303112,842,0.9975587129592896,754.19891357421875,0.6108538508415222,0.02734728902578354,791.451171875,26.26671600341797,0.02956697903573513,857.2635498046875,4.27597713470459,0.06388113647699356,798.6462264150944,15.040880503144654,2552.5,1000,1000,TRUE,FALSE,-0.2874670318257782,no issue,FALSE
frame843__s303473,C:/R_projects/spat_1f_noise/processed_feed\rep36\processed_rep36__cam5_s303473_rank843.jpg,processed_rep36__cam5_s303473_rank843.jpg,TRUE,rep36,cam5,303473,843,0.998218834400177,873.64166259765625,0.7987021207809448,0.033946532756090164,773.135009765625,15.177715301513672,0.14733421802520752,728.46533203125,9.1864595413208,0.03198470175266266,782.7266244057053,9.775356576862123,2527,1000,1000,TRUE,FALSE,-0.35180291441454015,no issue,FALSE
frame844__s303833,C:/R_projects/spat_1f_noise/processed_feed\rep36\processed_rep36__cam5_s303833_rank844.jpg,processed_rep36__cam5_s303833_rank844.jpg,TRUE,rep36,cam5,303833,844,0.9849837422370912,812.814697265625,435.654296875,0.10453560948371887,805.5714111328125,415.88739013671875,0.018110185861587524,800.7425537109375,399.82672119140625,0.1613253951072693,809.2087912087912,418.11459968602827,635,1000,1000,FALSE,FALSE,-1.5537979193223306,no issue,FALSE
frame845__s304194,C:/R_projects/spat_1f_noise/processed_feed\rep36\processed_rep36__cam5_s304194_rank845.jpg,processed_rep36__cam5_s304194_rank845.jpg,TRUE,rep36,cam5,304194,845,0.9960856437683104,816.69244384765625,10.359969139099121,0.2187366932630539,862.91448974609375,28.78498077392578,0.05318180471658707,894.14556884765625,20.186643600463867,0.11360926181077957,848.2673846153846,24.416923076923077,3254,1000,1000,TRUE,FALSE,-0.0750708702235429,no issue,FALSE
frame846__s304554,C:/R_projects/spat_1f_noise/processed_feed\rep36\processed_rep36__cam5_s304554_rank846.jpg,processed_rep36__cam5_s304554_rank846.jpg,TRUE,rep36,cam5,304554,846,0.9978851675987244,891.65338134765625,53.663429260253906,0.07215707749128342,838.4530029296875,40.09336853027344,0.04566235840320587,817.4202880859375,5.551389694213867,0.05175245925784111,846.1232101232101,35.35564435564436,3008,1000,1000,TRUE,FALSE,-0.29190083960061347,no issue,FALSE
frame847__s304914,C:/R_projects/spat_1f_noise/processed_feed\rep36\processed_rep36__cam5_s304914_rank847.jpg,processed_rep36__cam5_s304914_rank847.jpg,TRUE,rep36,cam5,304914,847,0.9970441460609436,874.059326171875,103.54864501953125,1.2547829151153564,859.1124267578125,67.58563995361328,0.0671033039689064,874.059326171875,103.54864501953125,0.9207410216331482,852.2407312049434,55.18151390319259,3878.5,1000,1000,TRUE,FALSE,0.132049632646837,no issue,FALSE
frame848__s305275,C:/R_projects/spat_1f_noise/processed_feed\rep36\processed_rep36__cam5_s305275_rank848.jpg,processed_rep36__cam5_s305275_rank848.jpg,TRUE,rep36,cam5,305275,848,0.9979302883148192,883.6495361328125,116.63288879394531,0.06523916870355606,856.49462890625,64.24164581298828,0.07529161870479584,823.168212890625,6.8607587814331055,0.07238518446683884,854.944870565676,58.27588686481304,4164.5,1000,1000,TRUE,FALSE,0.20856487365564405,no issue,FALSE
frame849__s305635,C:/R_projects/spat_1f_noise/processed_feed\rep36\processed_rep36__cam5_s305635_rank849.jpg,processed_rep36__cam5_s305635_rank849.jpg,TRUE,rep36,cam5,305635,849,0.9940849542617798,828.16162109375,93.56169128417969,0.01808064617216587,831.8673095703125,17.968801498413086,0.027954908087849617,817.04443359375,8.054980278015137,0.04685596376657486,832.3197364292438,49.110762472544714,3185,1000,1000,TRUE,FALSE,-0.44373991177215444,no issue,FALSE
frame850__s305996,C:/R_projects/spat_1f_noise/processed_feed\rep36\processed_rep36__cam5_s305996_rank850.jpg,processed_rep36__cam5_s305996_rank850.jpg,TRUE,rep36,cam5,305996,850,0.996171772480011,880.87896728515625,90.27220153808594,0.057009708136320114,843.56011962890625,59.14385223388672,0.05406874790787697,817.4368896484375,8.0933685302734375,0.0637604296207428,844.4199298655757,48.440677966101696,3417,1000,1000,TRUE,FALSE,-0.38961987087894273,no issue,FALSE
frame851__s306356,C:/R_projects/spat_1f_noise/processed_feed\rep36\processed_rep36__cam5_s306356_rank851.jpg,processed_rep36__cam5_s306356_rank851.jpg,TRUE,rep36,cam5,306356,851,0.9981706142425536,916.57073974609375,110.49919128417969,0.03418298438191414,868.39166259765625,48.07026672363281,0.11944583058357239,853.5672607421875,9.364337921142578,0.08001834154129028,882.0895646740263,63.307227660903976,4801.5,1000,1000,TRUE,FALSE,0.3767281176251487,no issue,FALSE
frame852__s306717,C:/R_projects/spat_1f_noise/processed_feed\rep36\processed_rep36__cam5_s306717_rank852.jpg,processed_rep36__cam5_s306717_rank852.jpg,TRUE,rep36,cam5,306717,852,0.9971655011177064,847.32269287109375,2.467118978500366,0.03467463329434395,898.51654052734375,77.08280181884766,0.28870850801467896,915.99737548828125,108.17266845703125,0.045258067548274994,886.3743108025321,59.826832754747805,4894,1000,1000,TRUE,FALSE,0.36416133141607987,no issue,FALSE
frame853__s307077,C:/R_projects/spat_1f_noise/processed_feed\rep36\processed_rep36__cam5_s307077_rank853.jpg,processed_rep36__cam5_s307077_rank853.jpg,TRUE,rep36,cam5,307077,853,0.9981210827827454,823.5382080078125,0.6232671141624451,0.03947586938738823,864.44610595703125,55.47077178955078,0.07602027803659439,915.27099609375,110.31828308105469,0.03324531018733978,874.1761546723952,57.83315431435732,5581,1000,1000,TRUE,FALSE,0.6938181770729155,no issue,FALSE
frame854__s307438,C:/R_projects/spat_1f_noise/processed_feed\rep36\processed_rep36__cam5_s307438_rank854.jpg,processed_rep36__cam5_s307438_rank854.jpg,TRUE,rep36,cam5,307438,854,0.998439610004425,832.91412353515625,10.546488761901855,0.047580741345882416,871.35528564453125,60.177024841308594,0.07683508098125458,915.99664306640625,111.04832458496094,0.04658304527401924,876.1085075702956,59.012076423936556,5544,1000,1000,TRUE,FALSE,0.5860282415077168,no issue,FALSE
frame855__s307798,C:/R_projects/spat_1f_noise/processed_feed\rep36\processed_rep36__cam5_s307798_rank855.jpg,processed_rep36__cam5_s307798_rank855.jpg,TRUE,rep36,cam5,307798,855,0.9979496598243712,916.262939453125,110.52018737792969,0.06221705302596092,868.797119140625,59.318748474121094,0.06278400123119354,836.320556640625,6.868486404418945,0.047008536756038666,877.6714285714286,59.71638095238095,5242,1000,1000,TRUE,FALSE,0.30641811612832637,no issue,FALSE
frame856__s308158,C:/R_projects/spat_1f_noise/processed_feed\rep36\processed_rep36__cam5_s308158_rank856.jpg,processed_rep36__cam5_s308158_rank856.jpg,TRUE,rep36,cam5,308158,856,0.9980660080909728,918.00244140625,110.33260345458984,0.0746808648109436,865.81146240234375,55.47797775268555,0.08032994717359543,831.01751708984375,6.856828689575195,0.0411907359957695,876.0165975103735,59.386794154789825,5534.5,1000,1000,TRUE,FALSE,0.39111234326106953,no issue,FALSE
frame857__s308519,C:/R_projects/spat_1f_noise/processed_feed\rep36\processed_rep36__cam5_s308519_rank857.jpg,processed_rep36__cam5_s308519_rank857.jpg,TRUE,rep36,cam5,308519,857,0.9637821912765504,917.88177490234375,122.45063781738281,0.10408173501491547,907.9710693359375,90.34972381591797,0.009811322204768658,880.7164306640625,122.45063781738281,0.060185909271240234,877.7941490172177,82.89303672101173,6553.5,1000,1000,FALSE,FALSE,0.9692929160002653,no issue,FALSE
frame858__s308879,C:/R_projects/spat_1f_noise/processed_feed\rep36\processed_rep36__cam5_s308879_rank858.jpg,processed_rep36__cam5_s308879_rank858.jpg,TRUE,rep36,cam5,308879,858,0.9948914051055908,801.20355224609375,61.32583236694336,0.14920155704021454,882.0670166015625,58.84927749633789,0.055462926626205444,920.6326904296875,105.90373229980469,0.08346990495920181,868.4448281816613,60.11448799861854,5771.5,1000,1000,FALSE,FALSE,0.41221224642442195,no issue,FALSE
frame859__s309240,C:/R_projects/spat_1f_noise/processed_feed\rep36\processed_rep36__cam5_s309240_rank859.jpg,processed_rep36__cam5_s309240_rank859.jpg,TRUE,rep36,cam5,309240,859,0.996164083480835,809.62835693359375,63.37297821044922,0.0908862054347992,891.4351806640625,64.61319732666016,0.027580419555306435,916.22503662109375,108.0208740234375,0.0788186565041542,873.4357581069238,60.54811568799299,5698.5,1000,1000,FALSE,FALSE,0.27627315513321465,no issue,FALSE
frame860__s309600,C:/R_projects/spat_1f_noise/processed_feed\rep36\processed_rep36__cam5_s309600_rank860.jpg,processed_rep36__cam5_s309600_rank860.jpg,TRUE,rep36,cam5,309600,860,0.9962570667266846,791.794921875,52.60926055908203,0.11752483993768692,884.02191162109375,61.338863372802734,0.039823565632104874,918.9185791015625,104.98688507080078,0.08807199448347092,866.2575150300602,59.55544422177689,5974,1000,1000,FALSE,FALSE,0.43567154555807186,no issue,FALSE
frame861__s309960,C:/R_projects/spat_1f_noise/processed_feed\rep36\processed_rep36__cam5_s309960_rank861.jpg,processed_rep36__cam5_s309960_rank861.jpg,TRUE,rep36,cam5,309960,861,0.9988822340965272,918.2962646484375,110.22128295898438,0.04682711511850357,852.1265869140625,45.458492279052734,0.0547453910112381,829.65386962890625,9.34078598022461,0.07753992825746536,875.8976152053075,60.196700735162274,5569.5,1000,1000,TRUE,FALSE,0.027863486402734963,no issue,FALSE
frame862__s310321,C:/R_projects/spat_1f_noise/processed_feed\rep36\processed_rep36__cam5_s310321_rank862.jpg,processed_rep36__cam5_s310321_rank862.jpg,TRUE,rep36,cam5,310321,862,0.9976886510849,827.080322265625,10.608448028564453,0.11803627014160156,897.017578125,75.50718688964844,0.978411853313446,919.49737548828125,110.4526596069336,0.052516866475343704,871.914290681502,61.623087621696804,5751,1000,1000,TRUE,FALSE,0.08691778232677558,no issue,FALSE
frame863__s310681,C:/R_projects/spat_1f_noise/processed_feed\rep36\processed_rep36__cam5_s310681_rank863.jpg,processed_rep36__cam5_s310681_rank863.jpg,TRUE,rep36,cam5,310681,863,0.99910968542099,791.165283203125,17.753795623779297,0.09584810584783554,839.5833740234375,67.71814727783203,0.07721991837024689,915.314208984375,110.1878433227539,0.08389104902744293,859.1487722676937,64.87321457229979,6231,1000,1000,TRUE,FALSE,0.47074194620075827,no issue,FALSE
frame864__s311042,C:/R_projects/spat_1f_noise/processed_feed\rep36\processed_rep36__cam5_s311042_rank864.jpg,processed_rep36__cam5_s311042_rank864.jpg,TRUE,rep36,cam5,311042,864,0.997954249382019,691.6708984375,74.69740295410156,0.07223895937204361,777.74114990234375,60.00584411621094,0.054032646119594574,867.55364990234375,79.59458923339844,0.08995644003152847,786.3492485911083,62.127269881026926,6392,1000,1000,FALSE,FALSE,0.5749957742952541,no issue,FALSE
frame865__s311402,C:/R_projects/spat_1f_noise/processed_feed\rep36\processed_rep36__cam5_s311402_rank865.jpg,processed_rep36__cam5_s311402_rank865.jpg,TRUE,rep36,cam5,311402,865,0.9991490840911864,699.54034423828125,79.298797607421875,0.05742662772536278,814.052001953125,71.97510528564453,0.86594158411026,870.06298828125,79.298797607421875,0.0528184212744236,792.4989099446587,74.73151098440383,5959,1000,1000,FALSE,FALSE,-0.018222523303548482,no issue,FALSE
frame866__s311762,C:/R_projects/spat_1f_noise/processed_feed\rep36\processed_rep36__cam5_s311762_rank866.jpg,processed_rep36__cam5_s311762_rank866.jpg,TRUE,rep36,cam5,311762,866,0.9966264963150024,846.822509765625,94.42378997802734,0.019248880445957184,792.0418701171875,47.511436462402344,1.277227520942688,762.1614990234375,32.69700622558594,0.05392902344465256,803.0784863349685,56.08596122401308,4269,1000,1000,TRUE,FALSE,-2.381362871186388,out_of_frame,FALSE
frame867__s312123,C:/R_projects/spat_1f_noise/processed_feed\rep36\processed_rep36__cam5_s312123_rank867.jpg,processed_rep36__cam5_s312123_rank867.jpg,TRUE,rep36,cam5,312123,867,0.9977436065673828,878.47113037109375,68.02729034423828,0.12128304690122604,800.9805908203125,55.60162353515625,0.08731940388679504,764.73504638671875,34.47799301147461,0.1515902578830719,817.0509218612818,63.46005267778753,5682.5,1000,1000,TRUE,FALSE,-0.6484965830530208,no issue,FALSE
frame868__s312483,C:/R_projects/spat_1f_noise/processed_feed\rep36\processed_rep36__cam5_s312483_rank868.jpg,processed_rep36__cam5_s312483_rank868.jpg,TRUE,rep36,cam5,312483,868,0.9992399215698242,917.5430908203125,100.35794067382813,0.0726291835308075,840.530517578125,73.16924285888672,0.10448292642831802,766.00225830078125,33.62205505371094,0.13089220225811005,835.6095859244654,65.10632489003488,6592,1000,1000,TRUE,FALSE,0.47453127843361304,no issue,FALSE
frame869__s312844,C:/R_projects/spat_1f_noise/processed_feed\rep36\processed_rep36__cam5_s312844_rank869.jpg,processed_rep36__cam5_s312844_rank869.jpg,TRUE,rep36,cam5,312844,869,0.9991374015808104,903.76409912109375,122.83702850341797,0.07908555865287781,844.1815185546875,80.45826721191406,0.15703314542770386,767.220703125,33.09377670288086,0.0910496860742569,831.6513501417276,71.46919289870208,6703.5,1000,1000,TRUE,FALSE,0.5861494393591071,no issue,FALSE
frame870__s313204,C:/R_projects/spat_1f_noise/processed_feed\rep36\processed_rep36__cam5_s313204_rank870.jpg,processed_rep36__cam5_s313204_rank870.jpg,TRUE,rep36,cam5,313204,870,0.99927419424057,763.63922119140625,30.369766235351563,0.07593672722578049,840.66534423828125,77.7750473022461,0.09913003444671631,932.599853515625,85.26008605957031,0.06381189078092575,841.3089752650177,66.87901060070672,7078.5,1000,1000,TRUE,FALSE,1.0310530494329726,no issue,FALSE
frame871__s313564,C:/R_projects/spat_1f_noise/processed_feed\rep36\processed_rep36__cam5_s313564_rank871.jpg,processed_rep36__cam5_s313564_rank871.jpg,TRUE,rep36,cam5,313564,871,0.9966705441474916,913.98138427734375,148.02359008789063,0.08033666014671326,860.4935302734375,91.91719055175781,0.10559824854135513,777.15203857421875,37.057579040527344,0.13431474566459656,846.6375449267349,82.01866187448161,7222,1000,1000,FALSE,FALSE,1.2023153334809833,no issue,FALSE
frame872__s313925,C:/R_projects/spat_1f_noise/processed_feed\rep36\processed_rep36__cam5_s313925_rank872.jpg,processed_rep36__cam5_s313925_rank872.jpg,TRUE,rep36,cam5,313925,872,0.998514711856842,897.22540283203125,54.440284729003906,0.12744580209255219,825.12750244140625,80.59172058105469,0.0454748198390007,766.7032470703125,35.76069259643555,0.1379668414592743,828.1111993645751,63.14567116759333,6296.5,1000,1000,TRUE,FALSE,-0.12885426431444463,no issue,FALSE
frame873__s314285,C:/R_projects/spat_1f_noise/processed_feed\rep36\processed_rep36__cam5_s314285_rank873.jpg,processed_rep36__cam5_s314285_rank873.jpg,TRUE,rep36,cam5,314285,873,0.9970695972442628,854.37713623046875,63.788761138916016,1.8666307926177979,851.8992919921875,97.1213607788086,0.03495938703417778,763.93426513671875,34.15978240966797,0.1204705610871315,815.8951717433571,67.37718729747246,6164.5,1000,1000,TRUE,FALSE,-0.3167929867119703,no issue,FALSE
frame874__s314646,C:/R_projects/spat_1f_noise/processed_feed\rep36\processed_rep36__cam5_s314646_rank874.jpg,processed_rep36__cam5_s314646_rank874.jpg,TRUE,rep36,cam5,314646,874,0.9990954399108888,962.89794921875,108.08013153076172,0.05446696653962135,868.18115234375,79.71626281738281,0.07451309263706207,787.1734619140625,48.8859748840332,0.14872729778289795,867.8636493025904,74.23413037290065,7025,1000,1000,FALSE,FALSE,0.9009706024419881,no issue,FALSE
frame875__s315006,C:/R_projects/spat_1f_noise/processed_feed\rep36\processed_rep36__cam5_s315006_rank875.jpg,processed_rep36__cam5_s315006_rank875.jpg,TRUE,rep36,cam5,315006,875,0.9979191422462464,742.8193359375,93.91081237792969,0.03938652575016022,820.0555419921875,70.25245666503906,0.05203293263912201,892.3087158203125,86.43974304199219,0.07949860394001007,823.4886004910558,72.38442651701158,5703.5,1000,1000,FALSE,FALSE,-0.950217271087393,no issue,FALSE
frame876__s315366,C:/R_projects/spat_1f_noise/processed_feed\rep36\processed_rep36__cam5_s315366_rank876.jpg,processed_rep36__cam5_s315366_rank876.jpg,TRUE,rep36,cam5,315366,876,0.9980478286743164,732.428466796875,89.660491943359375,0.05604568496346474,814.6866455078125,71.25797271728516,0.07350821048021317,891.95953369140625,83.52631378173828,0.047699376940727234,819.5684754521964,72.67510766580534,5802.5,1000,1000,FALSE,FALSE,-0.8373123019920525,no issue,FALSE
frame877__s315727,C:/R_projects/spat_1f_noise/processed_feed\rep36\processed_rep36__cam5_s315727_rank877.jpg,processed_rep36__cam5_s315727_rank877.jpg,TRUE,rep36,cam5,315727,877,0.9988071918487548,703.3017578125,101.94033813476563,0.06949575245380402,804.14892578125,71.25977325439453,0.07718866318464279,891.30072021484375,84.75921630859375,0.07997676730155945,808.2632584104598,73.8457470251212,6808.5,1000,1000,FALSE,FALSE,0.4445640401595445,no issue,FALSE
frame878__s316087,C:/R_projects/spat_1f_noise/processed_feed\rep36\processed_rep36__cam5_s316087_rank878.jpg,processed_rep36__cam5_s316087_rank878.jpg,TRUE,rep36,cam5,316087,878,0.9994006156921388,683.55926513671875,44.59466552734375,0.07814133167266846,803.39013671875,70.37662506103516,0.06471162289381027,894.5115966796875,83.88146209716797,0.05131629854440689,798.365033342998,65.07755871267034,6897,1000,1000,FALSE,FALSE,0.47664584270632226,no issue,FALSE
frame879__s316448,C:/R_projects/spat_1f_noise/processed_feed\rep36\processed_rep36__cam5_s316448_rank879.jpg,processed_rep36__cam5_s316448_rank879.jpg,TRUE,rep36,cam5,316448,879,0.999358594417572,711.8421630859375,46.14704895019531,0.05523136258125305,811.702392578125,72.08252716064453,0.057342953979969025,894.087158203125,83.197723388671875,0.06708576530218124,808.0663811563169,68.15065769348425,6544.5,1000,1000,FALSE,FALSE,0.048834042679526596,no issue,FALSE
frame880__s316808,C:/R_projects/spat_1f_noise/processed_feed\rep36\processed_rep36__cam5_s316808_rank880.jpg,processed_rep36__cam5_s316808_rank880.jpg,TRUE,rep36,cam5,316808,880,0.9968504309654236,941.80450439453125,125.88462829589844,0.08046229183673859,858.38983154296875,84.66365814208984,0.12326759099960327,781.20001220703125,28.453245162963867,0.1536792516708374,852.7846991632355,72.78337096559969,7524,1000,1000,TRUE,FALSE,1.2695409194768044,no issue,FALSE
frame881__s317169,C:/R_projects/spat_1f_noise/processed_feed\rep36\processed_rep36__cam5_s317169_rank881.jpg,processed_rep36__cam5_s317169_rank881.jpg,TRUE,rep36,cam5,317169,881,0.9968459010124208,921.23040771484375,122.04904174804688,0.07624641060829163,850.24346923828125,85.8681869506836,0.21282967925071716,780.501953125,27.230243682861328,0.14614643156528473,844.1173563056066,73.65541590170879,7079,1000,1000,TRUE,FALSE,0.6660523621327992,no issue,FALSE
frame882__s317529,C:/R_projects/spat_1f_noise/processed_feed\rep36\processed_rep36__cam5_s317529_rank882.jpg,processed_rep36__cam5_s317529_rank882.jpg,TRUE,rep36,cam5,317529,882,0.9974634647369384,958.61090087890625,52.20916748046875,0.07881234586238861,865.066650390625,84.313568115234375,0.0845574289560318,779.0059814453125,27.513469696044922,0.10541314631700516,859.4391124181259,63.87956155594172,7483,1000,1000,TRUE,FALSE,1.2443648998302725,no issue,FALSE
frame883__s317889,C:/R_projects/spat_1f_noise/processed_feed\rep36\processed_rep36__cam5_s317889_rank883.jpg,processed_rep36__cam5_s317889_rank883.jpg,TRUE,rep36,cam5,317889,883,0.998068392276764,904.97552490234375,138.30551147460938,0.05246838554739952,852.7557373046875,87.16682434082031,0.17840665578842163,784.372802734375,27.297134399414063,0.17010629177093506,841.6688606113793,75.87918677782653,6835,1000,1000,TRUE,FALSE,0.2990603419297681,no issue,FALSE
frame884__s318250,C:/R_projects/spat_1f_noise/processed_feed\rep36\processed_rep36__cam5_s318250_rank884.jpg,processed_rep36__cam5_s318250_rank884.jpg,TRUE,rep36,cam5,318250,884,0.9986807703971864,905.26495361328125,135.7244110107422,0.07907562702894211,852.89031982421875,87.0052719116211,0.15247201919555664,783.057373046875,29.541645050048828,0.16400839388370514,840.1466324373301,75.79235880398672,6623,1000,1000,TRUE,FALSE,0,no issue,FALSE
frame885__s318610,C:/R_projects/spat_1f_noise/processed_feed\rep36\processed_rep36__cam5_s318610_rank885.jpg,processed_rep36__cam5_s318610_rank885.jpg,TRUE,rep36,cam5,318610,885,0.9950743317604064,906.62689208984375,138.0740509033203,0.05621016025543213,851.77783203125,90.76615905761719,0.12433796375989914,783.2164306640625,28.518924713134766,0.16941362619400024,842.0358858434586,78.09875671093529,7081.5,1000,1000,TRUE,FALSE,0.5469218143588896,no issue,FALSE
frame886__s318971,C:/R_projects/spat_1f_noise/processed_feed\rep36\processed_rep36__cam5_s318971_rank886.jpg,processed_rep36__cam5_s318971_rank886.jpg,TRUE,rep36,cam5,318971,886,0.9980142116546632,903.93341064453125,135.47854614257813,0.05248793214559555,851.722900390625,88.14411926269531,0.1409827619791031,784.5950927734375,28.353271484375,0.13517878949642181,840.6569776064066,75.93949280735578,6742,1000,1000,TRUE,FALSE,0.12951609189938795,no issue,FALSE
frame887__s319331,C:/R_projects/spat_1f_noise/processed_feed\rep36\processed_rep36__cam5_s319331_rank887.jpg,processed_rep36__cam5_s319331_rank887.jpg,TRUE,rep36,cam5,319331,887,0.9981461763381958,876.644287109375,81.98915100097656,0.07768373936414719,826.89727783203125,74.56993865966797,0.076618097722530365,779.6375732421875,26.344993591308594,0.12469909340143204,827.4145928559336,67.40426612493651,5905.5,1000,1000,TRUE,FALSE,-0.7104320491038251,no issue,FALSE
frame888__s319692,C:/R_projects/spat_1f_noise/processed_feed\rep36\processed_rep36__cam5_s319692_rank888.jpg,processed_rep36__cam5_s319692_rank888.jpg,TRUE,rep36,cam5,319692,888,0.9990457892417908,907.40081787109375,102.22933959960938,0.07739528268575668,839.17877197265625,82.373046875,0.10632253438234329,780.8798828125,29.00924301147461,0.16341187059879303,836.4763737109436,70.18346929352009,6499.5,1000,1000,TRUE,FALSE,-0.03986085572721765,no issue,FALSE
frame889__s320052,C:/R_projects/spat_1f_noise/processed_feed\rep36\processed_rep36__cam5_s320052_rank889.jpg,processed_rep36__cam5_s320052_rank889.jpg,TRUE,rep36,cam5,320052,889,0.9991521835327148,911.42547607421875,109.26521301269531,0.06445305049419403,840.513916015625,84.36092376708984,0.10941941291093826,780.7989501953125,29.571475982666016,0.152400404214859,838.0784313725491,71.96875,6525.5,1000,1000,TRUE,FALSE,-0.06265460208380116,no issue,FALSE
frame890__s320412,C:/R_projects/spat_1f_noise/processed_feed\rep36\processed_rep36__cam5_s320412_rank890.jpg,processed_rep36__cam5_s320412_rank890.jpg,TRUE,rep36,cam5,320412,890,0.9956282377243042,867.935791015625,58.698116302490234,0.0304095521569252,800.70037841796875,51.26934814453125,0.1384374499320984,778.28857421875,26.506790161132813,0.06602364033460617,821.6832967471563,57.037916583516264,5009,1000,1000,TRUE,FALSE,-1.6979049578089773,no issue,FALSE
frame891__s320773,C:/R_projects/spat_1f_noise/processed_feed\rep36\processed_rep36__cam5_s320773_rank891.jpg,processed_rep36__cam5_s320773_rank891.jpg,TRUE,rep36,cam5,320773,891,0.9988638162612916,906.63330078125,123.98870849609375,0.07235971093177795,851.7266845703125,79.16112518310547,0.11012288182973862,779.349853515625,26.86227798461914,0.18255268037319183,839.0292698116145,68.68893040635217,6422.5,1000,1000,TRUE,FALSE,-0.23492720561916827,no issue,FALSE
frame892__s321133,C:/R_projects/spat_1f_noise/processed_feed\rep36\processed_rep36__cam5_s321133_rank892.jpg,processed_rep36__cam5_s321133_rank892.jpg,TRUE,rep36,cam5,321133,892,0.9974647760391236,958.04925537109375,115.98357391357422,0.07809782773256302,860.74591064453125,88.5116958618164,0.12150420993566513,783.4022216796875,27.324329376220703,0.11372119188308716,859.7575565954218,77.30909320854938,7916.5,1000,1000,TRUE,FALSE,1.3737365800259786,no issue,FALSE
frame893__s321494,C:/R_projects/spat_1f_noise/processed_feed\rep36\processed_rep36__cam5_s321494_rank893.jpg,processed_rep36__cam5_s321494_rank893.jpg,TRUE,rep36,cam5,321494,893,0.9970574378967284,901.56988525390625,141.76651000976563,0.35976454615592957,871.677490234375,94.415924072265625,0.1069478839635849,901.56988525390625,141.76651000976563,1.2154823541641235,849.4965681098205,80.36061246040127,7568.5,1000,1000,TRUE,FALSE,1.0027024155039448,no issue,FALSE
frame894__s321854,C:/R_projects/spat_1f_noise/processed_feed\rep36\processed_rep36__cam5_s321854_rank894.jpg,processed_rep36__cam5_s321854_rank894.jpg,TRUE,rep36,cam5,321854,894,0.9963995218276978,850.07110595703125,98.05006408691406,0.04925606772303581,822.797607421875,68.27816009521484,0.06217046454548836,779.40802001953125,27.341794967651367,0.13820861279964447,824.4610621129668,64.35353724901482,5331.5,1000,1000,TRUE,FALSE,-1.4539272057289359,no issue,FALSE
frame895__s322214,C:/R_projects/spat_1f_noise/processed_feed\rep36\processed_rep36__cam5_s322214_rank895.jpg,processed_rep36__cam5_s322214_rank895.jpg,TRUE,rep36,cam5,322214,895,0.998548686504364,915.4451904296875,121.30428314208984,0.06839442253112793,849.433349609375,83.89790344238281,0.13782525062561035,783.421630859375,26.541452407836914,0.12554214894771576,843.1245255474453,72.29839416058394,6852,1000,1000,TRUE,FALSE,0.24508120267372874,no issue,FALSE
frame896__s322575,C:/R_projects/spat_1f_noise/processed_feed\rep36\processed_rep36__cam5_s322575_rank896.jpg,processed_rep36__cam5_s322575_rank896.jpg,TRUE,rep36,cam5,322575,896,0.9976806640625,923.726806640625,142.12857055664063,0.05776138976216316,857.84661865234375,87.54991149902344,0.14058439433574677,783.26513671875,28.009559631347656,0.07755248993635178,848.18075385494,75.72173043974871,6999.5,1000,1000,TRUE,FALSE,0.4774080582686714,no issue,FALSE
frame897__s322935,C:/R_projects/spat_1f_noise/processed_feed\rep36\processed_rep36__cam5_s322935_rank897.jpg,processed_rep36__cam5_s322935_rank897.jpg,TRUE,rep36,cam5,322935,897,0.9971991777420044,931.9091796875,125.03654479980469,0.06244748830795288,855.89288330078125,86.3712158203125,0.18465742468833923,781.1226806640625,26.50231170654297,0.10227438062429428,851.4166086108402,74.38623380242441,7177,1000,1000,TRUE,FALSE,0.6461635296986612,no issue,FALSE
frame898__s323295,C:/R_projects/spat_1f_noise/processed_feed\rep36\processed_rep36__cam5_s323295_rank898.jpg,processed_rep36__cam5_s323295_rank898.jpg,TRUE,rep36,cam5,323295,898,0.994658887386322,843.4512939453125,109.35072326660156,0.8603499531745911,853.39727783203125,75.9286117553711,0.028246328234672546,818.5863037109375,33.841514587402344,0.08291640877723694,844.9226339509264,73.87881822734101,3997,1000,1000,TRUE,FALSE,-2.4903795187011886,out_of_frame,FALSE
frame899__s323656,C:/R_projects/spat_1f_noise/processed_feed\rep36\processed_rep36__cam5_s323656_rank899.jpg,processed_rep36__cam5_s323656_rank899.jpg,TRUE,rep36,cam5,323656,899,0.9957898259162904,940.0589599609375,173.54678344726563,0.08790624141693115,879.172607421875,122.6302261352539,0.18129976093769073,819.52880859375,36.94135665893555,0.17358185350894928,873.3740488586303,104.44146308904018,7495.5,1000,1000,TRUE,FALSE,0.9659866819916109,no issue,FALSE
frame900__s324016,C:/R_projects/spat_1f_noise/processed_feed\rep36\processed_rep36__cam5_s324016_rank900.jpg,processed_rep36__cam5_s324016_rank900.jpg,TRUE,rep36,cam5,324016,900,0.998784601688385,820.67071533203125,34.458621978759766,0.11680567264556885,874.261474609375,115.44258880615234,0.14440855383872986,896.69488525390625,169.0166015625,2.5937304496765137,863.202766969304,100.1628476725753,6941,1000,1000,TRUE,FALSE,0.3716334302656138,no issue,FALSE
frame901__s324377,C:/R_projects/spat_1f_noise/processed_feed\rep36\processed_rep36__cam5_s324377_rank901.jpg,processed_rep36__cam5_s324377_rank901.jpg,TRUE,rep36,cam5,324377,901,0.9964408278465272,979.248779296875,127.95764923095703,0.035394828766584396,882.0225830078125,99.32792663574219,0.09555189311504364,818.4515380859375,37.089385986328125,0.0831189677119255,885.9392763066685,88.08942187716623,7209.5,1000,1000,TRUE,FALSE,0.6158005292098339,no issue,FALSE
frame902__s324737,C:/R_projects/spat_1f_noise/processed_feed\rep36\processed_rep36__cam5_s324737_rank902.jpg,processed_rep36__cam5_s324737_rank902.jpg,TRUE,rep36,cam5,324737,902,0.996081531047821,865.60693359375,93.60707092285156,0.026513991877436638,916.6734619140625,88.67475891113281,1.6924601793289185,955.28466796875,80.043212890625,0.08402300626039505,904.7637655417407,88.30261989342806,4504,1000,1000,FALSE,FALSE,-1.9576316864471588,no issue,FALSE
frame903__s325097,C:/R_projects/spat_1f_noise/processed_feed\rep36\processed_rep36__cam5_s325097_rank903.jpg,processed_rep36__cam5_s325097_rank903.jpg,TRUE,rep36,cam5,325097,903,0.9993563294410706,803.866943359375,99.56463623046875,0.03652450069785118,878.58575439453125,95.830780029296875,0.05092552304267883,953.3045654296875,80.8953857421875,0.06587156653404236,880.522566520714,89.002694509936,5940.5,1000,1000,FALSE,FALSE,-0.630688341851144,no issue,FALSE
frame904__s325458,C:/R_projects/spat_1f_noise/processed_feed\rep36\processed_rep36__cam5_s325458_rank904.jpg,processed_rep36__cam5_s325458_rank904.jpg,TRUE,rep36,cam5,325458,904,0.9990942478179932,741.929931640625,51.18150329589844,0.06417820602655411,847.7830810546875,93.12676239013672,0.06757574528455734,953.63616943359375,79.55623626708984,0.0634702667593956,853.8271895424837,79.93346405228758,7649,1000,1000,FALSE,FALSE,0.9064667583100094,no issue,FALSE
frame905__s325818,C:/R_projects/spat_1f_noise/processed_feed\rep36\processed_rep36__cam5_s325818_rank905.jpg,processed_rep36__cam5_s325818_rank905.jpg,TRUE,rep36,cam5,325818,905,0.9991486072540284,752.5186767578125,100.74862670898438,0.070372074842453,864.7276611328125,94.62744140625,0.09431511908769608,952.0013427734375,81.16082763671875,0.08991822600364685,860.6803301622832,90.54420817011751,7147,1000,1000,FALSE,FALSE,0.4350727522683508,no issue,FALSE
frame906__s326179,C:/R_projects/spat_1f_noise/processed_feed\rep36\processed_rep36__cam5_s326179_rank906.jpg,processed_rep36__cam5_s326179_rank906.jpg,TRUE,rep36,cam5,326179,906,0.998815655708313,747.552490234375,128.88327026367188,0.06632576137781143,859.61395263671875,99.24330139160156,0.0768011212348938,949.2630615234375,80.71830749511719,0.08475067466497421,858.137195955179,95.73667668761956,7313.5,1000,1000,FALSE,FALSE,NA,unclear,FALSE
frame907__s326539,C:/R_projects/spat_1f_noise/processed_feed\rep36\processed_rep36__cam5_s326539_rank907.jpg,processed_rep36__cam5_s326539_rank907.jpg,TRUE,rep36,cam5,326539,907,0.9988986253738404,773.7928466796875,73.95274353027344,0.062084682285785675,862.09710693359375,97.5897216796875,0.05279061198234558,951.64495849609375,81.41704559326172,0.068680539727211,867.684043517679,85.24554245995769,6615,1000,1000,FALSE,FALSE,NA,unclear,FALSE
frame908__s326899,C:/R_projects/spat_1f_noise/processed_feed\rep36\processed_rep36__cam5_s326899_rank908.jpg,processed_rep36__cam5_s326899_rank908.jpg,TRUE,rep36,cam5,326899,908,0.9983987212181092,770.04400634765625,89.005218505859375,0.05066424235701561,860.8468017578125,93.907135009765625,0.060864102095365524,950.4056396484375,81.65233612060547,0.08888714015483856,867.0983202342426,85.64447526583449,6489,1000,1000,FALSE,FALSE,NA,unclear,FALSE
frame909__s327260,C:/R_projects/spat_1f_noise/processed_feed\rep36\processed_rep36__cam5_s327260_rank909.jpg,processed_rep36__cam5_s327260_rank909.jpg,TRUE,rep36,cam5,327260,909,0.9992768168449402,778.62646484375,53.00101852416992,0.08485304564237595,860.6549072265625,94.1522216796875,0.08329946547746658,947.65472412109375,82.92916107177734,0.09169438481330872,868.4457482254093,81.50731565985804,6904,1000,1000,FALSE,FALSE,NA,unclear,FALSE
frame910__s327620,C:/R_projects/spat_1f_noise/processed_feed\rep36\processed_rep36__cam5_s327620_rank910.jpg,processed_rep36__cam5_s327620_rank910.jpg,TRUE,rep36,cam5,327620,910,0.9991527795791626,925.949951171875,114.56849670410156,0.04430268332362175,864.9210205078125,90.9158706665039,0.06034527346491814,805.1376953125,58.549102783203125,0.12088103592395782,862.2419499910055,84.75265335491994,5552,1000,1000,FALSE,FALSE,NA,unclear,FALSE
frame911__s327981,C:/R_projects/spat_1f_noise/processed_feed\rep36\processed_rep36__cam5_s327981_rank911.jpg,processed_rep36__cam5_s327981_rank911.jpg,TRUE,rep36,cam5,327981,911,0.9936833381652832,812.33795166015625,63.147640228271484,0.051666975021362305,868.587890625,79.24376678466797,0.15273572504520416,898.5877685546875,94.10172271728516,0.0507456511259079,851.9362745098039,75.31862745098039,4285.5,1000,1000,FALSE,FALSE,NA,unclear,FALSE
frame912__s328341,C:/R_projects/spat_1f_noise/processed_feed\rep36\processed_rep36__cam5_s328341_rank912.jpg,processed_rep36__cam5_s328341_rank912.jpg,TRUE,rep36,cam5,328341,912,0.997583508491516,982.25830078125,142.0725860595703,0.042675990611314774,892.8033447265625,107.09654998779297,0.10935947299003601,812.04534912109375,58.379913330078125,0.1182359904050827,887.1016013252347,96.86043622308117,7246.5,1000,1000,TRUE,FALSE,NA,unclear,FALSE
frame913__s328702,C:/R_projects/spat_1f_noise/processed_feed\rep36\processed_rep36__cam5_s328702_rank913.jpg,processed_rep36__cam5_s328702_rank913.jpg,TRUE,rep36,cam5,328702,913,0.9968805313110352,964.2952880859375,182.00035095214844,0.05654793232679367,899.37432861328125,123.45822143554688,0.13909770548343658,814.47760009765625,59.93377685546875,0.18987317383289337,886.739743755662,110.1512876925068,7715,1000,1000,FALSE,FALSE,NA,unclear,FALSE
frame914__s329062,C:/R_projects/spat_1f_noise/processed_feed\rep36\processed_rep36__cam5_s329062_rank914.jpg,processed_rep36__cam5_s329062_rank914.jpg,TRUE,rep36,cam5,329062,914,0.9944663643836976,845.71533203125,192.89181518554688,0.0687682181596756,880.64324951171875,131.7393798828125,0.10424963384866714,845.71533203125,53.114845275878906,0.15819519758224487,865.741645244216,117.10716580976863,6225.5,1000,1000,FALSE,FALSE,NA,unclear,FALSE
frame915__s329422,C:/R_projects/spat_1f_noise/processed_feed\rep36\processed_rep36__cam5_s329422_rank915.jpg,processed_rep36__cam5_s329422_rank915.jpg,TRUE,rep36,cam5,329422,915,0.9956319332122804,933.22259521484375,225.69427490234375,0.08243972063064575,893.23968505859375,152.16336059570313,0.15064047276973724,847.009521484375,51.214134216308594,0.2027682065963745,887.8424265547501,132.28869388274197,7859.5,1000,1000,FALSE,FALSE,NA,unclear,FALSE
frame916__s329783,C:/R_projects/spat_1f_noise/processed_feed\rep36\processed_rep36__cam5_s329783_rank916.jpg,processed_rep36__cam5_s329783_rank916.jpg,TRUE,rep36,cam5,329783,916,0.9966570138931274,888.1046142578125,227.72377014160156,0.23175673186779022,890.585205078125,153.025390625,0.15849734842777252,845.93536376953125,54.67252731323242,0.1503283530473709,879.6260692464358,133.36999321113373,7370,1000,1000,FALSE,FALSE,NA,unclear,FALSE
frame917__s330143,C:/R_projects/spat_1f_noise/processed_feed\rep36\processed_rep36__cam5_s330143_rank917.jpg,processed_rep36__cam5_s330143_rank917.jpg,TRUE,rep36,cam5,330143,917,0.99727064371109,845.17218017578125,51.42976760864258,0.13641048967838287,913.67742919921875,114.38479614257813,0.05041604861617088,983.42828369140625,88.4621353149414,0.08270938694477081,903.3181884374545,93.37964176496287,6876.5,1000,1000,TRUE,FALSE,NA,unclear,FALSE
frame918__s330504,C:/R_projects/spat_1f_noise/processed_feed\rep36\processed_rep36__cam5_s330504_rank918.jpg,processed_rep36__cam5_s330504_rank918.jpg,TRUE,rep36,cam5,330504,918,0.9986875653266908,843.0733642578125,52.62663269042969,0.1668320894241333,900.45501708984375,119.39054870605469,0.060855086892843246,984.03265380859375,119.39054870605469,0.07980256527662277,902.301878736123,101.07116424708227,7030,1000,1000,TRUE,FALSE,NA,unclear,FALSE
frame919__s330864,C:/R_projects/spat_1f_noise/processed_feed\rep36\processed_rep36__cam5_s330864_rank919.jpg,processed_rep36__cam5_s330864_rank919.jpg,TRUE,rep36,cam5,330864,919,0.9977205395698548,763.354248046875,220.3968505859375,0.061989545822143555,850.6121826171875,157.0330047607422,0.18057703971862793,849.3656005859375,55.15390396118164,0.20675352215766907,836.9157208403767,138.22180632697416,8283.5,1000,1000,FALSE,FALSE,NA,unclear,FALSE
