frame_id,file_path,file_base,file_exists,repID,camID,time,rank,score,head_x,head_y,head_score,middle_x,middle_y,middle_score,tail_x,tail_y,tail_score,centroid_x,centroid_y,size_px,x_dim,y_dim,out_of_frame,is_gap,size_z,status,false_cluster
frame1__s0,C:/R_projects/spat_1f_noise/processed_feed\rep65\processed_rep65__cam4_s0_rank1.jpg,processed_rep65__cam4_s0_rank1.jpg,TRUE,rep65,cam4,0,1,0.9886721968650818,985.434326171875,106.48001098632813,0.4245609939098358,985.434326171875,90.41517639160156,0.009999395348131657,965.953125,79.293365478515625,0.020030910149216652,979.7491039426524,86.97491039426524,552,1000,1000,TRUE,FALSE,NA,unclear,FALSE
frame2__s360,C:/R_projects/spat_1f_noise/processed_feed\rep65\processed_rep65__cam4_s360_rank2.jpg,processed_rep65__cam4_s360_rank2.jpg,TRUE,rep65,cam4,360,2,0.9816961288452148,992.4766845703125,103.49699401855469,0.14796540141105652,986.3438720703125,88.76766204833984,0.015369000844657421,965.491943359375,72.8108901977539,0.0204175915569067,979.8050089445438,81.7531305903399,559.5,1000,1000,TRUE,FALSE,NA,unclear,FALSE
frame3__s721,C:/R_projects/spat_1f_noise/processed_feed\rep65\processed_rep65__cam4_s721_rank3.jpg,processed_rep65__cam4_s721_rank3.jpg,TRUE,rep65,cam4,721,3,0.834545373916626,981.641845703125,76.26824188232422,0.013617985881865025,986.587890625,102.29117584228516,0.004465597216039896,981.641845703125,76.26824188232422,0.9375191330909729,981.3729683490162,116.07527801539777,1175.5,1000,1000,TRUE,FALSE,NA,unclear,FALSE
frame4__s1081,C:/R_projects/spat_1f_noise/processed_feed\rep65\processed_rep65__cam4_s1081_rank4.jpg,processed_rep65__cam4_s1081_rank4.jpg,TRUE,rep65,cam4,1081,4,0.946246325969696,841.038818359375,993.1220703125,0.21044445037841797,875.88079833984375,995.567626953125,0.01095228549093008,841.038818359375,987.00830078125,0.012662826105952263,859.3121272365805,990.948310139165,504.5,1000,1000,TRUE,FALSE,NA,unclear,FALSE
frame5__s1442,C:/R_projects/spat_1f_noise/processed_feed\rep65\processed_rep65__cam4_s1442_rank5.jpg,processed_rep65__cam4_s1442_rank5.jpg,TRUE,rep65,cam4,1442,5,0.9646462202072144,830.941650390625,981.9365234375,0.09612549841403961,875.52783203125,995.5438232421875,0.00878545455634594,839.61114501953125,986.8846435546875,0.01512666791677475,859.3826923076923,990.6807692307692,522,1000,1000,TRUE,FALSE,NA,unclear,FALSE
frame6__s1802,C:/R_projects/spat_1f_noise/processed_feed\rep65\processed_rep65__cam4_s1802_rank6.jpg,processed_rep65__cam4_s1802_rank6.jpg,TRUE,rep65,cam4,1802,6,0.9481126666069032,901.86083984375,994.85986328125,0.2324601709842682,876.87408447265625,996.052734375,0.011970018036663532,841.8927001953125,987.70269775390625,0.015658194199204445,861.2820976491863,991.2025316455696,555,1000,1000,TRUE,FALSE,NA,unclear,FALSE
frame7__s2162,C:/R_projects/spat_1f_noise/processed_feed\rep65\processed_rep65__cam4_s2162_rank7.jpg,processed_rep65__cam4_s2162_rank7.jpg,TRUE,rep65,cam4,2162,7,0.9752435088157654,893.22174072265625,134.58238220214844,0.02577197179198265,917.88299560546875,135.79229736328125,0.00841604731976986,940.078125,132.16256713867188,0.175357848405838,917.6543046357616,131.66092715231787,753.5,1000,1000,FALSE,FALSE,NA,unclear,FALSE
frame8__s2523,C:/R_projects/spat_1f_noise/processed_feed\rep65\processed_rep65__cam4_s2523_rank8.jpg,processed_rep65__cam4_s2523_rank8.jpg,TRUE,rep65,cam4,2523,8,0.9561748504638672,895.5810546875,139.2787628173828,0.021875087171792984,916.66143798828125,135.55406188964844,0.010883733630180359,942.7020263671875,133.07093811035156,0.012446451932191849,918.050919377652,132.1103253182461,706.5,1000,1000,FALSE,FALSE,NA,unclear,FALSE
frame9__s2883,C:/R_projects/spat_1f_noise/processed_feed\rep65\processed_rep65__cam4_s2883_rank9.jpg,processed_rep65__cam4_s2883_rank9.jpg,TRUE,rep65,cam4,2883,9,0.9889637231826782,902.76708984375,138.09007263183594,0.039402399212121964,925.16937255859375,136.86019897460938,0.014835209585726261,945.08251953125,133.1705780029297,0.41489747166633606,922.2058346839547,134.3419773095624,617.5,1000,1000,FALSE,FALSE,NA,unclear,FALSE
frame10__s3244,C:/R_projects/spat_1f_noise/processed_feed\rep65\processed_rep65__cam4_s3244_rank10.jpg,processed_rep65__cam4_s3244_rank10.jpg,TRUE,rep65,cam4,3244,10,0.9801596403121948,882.7738037109375,134.92750549316406,0.009654102846980095,914.84075927734375,132.46261596679688,0.008745738305151463,940.74102783203125,132.46261596679688,0.5087099075317383,914.7858156028369,130.2709219858156,703.5,1000,1000,FALSE,FALSE,NA,unclear,FALSE
frame11__s3604,C:/R_projects/spat_1f_noise/processed_feed\rep65\processed_rep65__cam4_s3604_rank11.jpg,processed_rep65__cam4_s3604_rank11.jpg,TRUE,rep65,cam4,3604,11,0.9703173637390136,893.11407470703125,135.08734130859375,0.007810950744897127,925.1748046875,133.87948608398438,0.010200618766248226,902.9788818359375,129.048095703125,0.020172378048300743,921.5970149253732,130.86417910447761,669,1000,1000,FALSE,FALSE,NA,unclear,FALSE
frame12__s3965,C:/R_projects/spat_1f_noise/processed_feed\rep65\processed_rep65__cam4_s3965_rank12.jpg,processed_rep65__cam4_s3965_rank12.jpg,TRUE,rep65,cam4,3965,12,0.9623166918754578,903.1920166015625,993.35662841796875,0.32191529870033264,863.27520751953125,989.7740478515625,0.05863539129495621,840.82208251953125,987.3856201171875,0.014321822673082352,861.1311475409836,990.3327868852459,611,1000,1000,TRUE,FALSE,NA,unclear,FALSE
frame13__s4325,C:/R_projects/spat_1f_noise/processed_feed\rep65\processed_rep65__cam4_s4325_rank13.jpg,processed_rep65__cam4_s4325_rank13.jpg,TRUE,rep65,cam4,4325,13,0.9693558812141418,900.32952880859375,996.91961669921875,2.051109790802002,876.73345947265625,995.71173095703125,0.013031750917434692,840.718505859375,987.25653076171875,0.01791936531662941,861.3316666666667,990.37,603,1000,1000,TRUE,FALSE,NA,unclear,FALSE
frame14__s4685,C:/R_projects/spat_1f_noise/processed_feed\rep65\processed_rep65__cam4_s4685_rank14.jpg,processed_rep65__cam4_s4685_rank14.jpg,TRUE,rep65,cam4,4685,14,0.9712063074111938,900.9617919921875,993.189697265625,0.09202616661787033,880.02557373046875,995.5838623046875,0.012194406241178513,841.84783935546875,987.2041015625,0.013530991040170193,862.2376395534291,990.341307814992,629,1000,1000,TRUE,FALSE,NA,unclear,FALSE
frame15__s5046,C:/R_projects/spat_1f_noise/processed_feed\rep65\processed_rep65__cam4_s5046_rank15.jpg,processed_rep65__cam4_s5046_rank15.jpg,TRUE,rep65,cam4,5046,15,0.9501662254333496,835.79248046875,991.9365234375,0.13153943419456482,862.96514892578125,989.5537109375,0.028250811621546745,841.96807861328125,987.1708984375,0.011979627422988415,861.2390243902439,989.8731707317073,618,1000,1000,TRUE,FALSE,NA,unclear,FALSE
frame16__s5406,C:/R_projects/spat_1f_noise/processed_feed\rep65\processed_rep65__cam4_s5406_rank16.jpg,processed_rep65__cam4_s5406_rank16.jpg,TRUE,rep65,cam4,5406,16,0.9671191573143004,902.3887939453125,996.699462890625,2.2956695556640625,878.89501953125,995.5364990234375,0.007515438832342625,841.79962158203125,987.39599609375,0.0142814414575696,862.566037735849,990.1776729559748,638.5,1000,1000,TRUE,FALSE,-0.31432576553835556,no issue,FALSE
frame17__s5767,C:/R_projects/spat_1f_noise/processed_feed\rep65\processed_rep65__cam4_s5767_rank17.jpg,processed_rep65__cam4_s5767_rank17.jpg,TRUE,rep65,cam4,5767,17,0.955691695213318,840.28375244140625,992.24249267578125,0.17693331837654114,861.5106201171875,989.7843017578125,0.010845608077943325,840.28375244140625,986.0970458984375,0.01178242638707161,860.2711267605633,989.7042253521126,570.5,1000,1000,TRUE,FALSE,-0.8263763534570361,no issue,FALSE
frame18__s6127,C:/R_projects/spat_1f_noise/processed_feed\rep65\processed_rep65__cam4_s6127_rank18.jpg,processed_rep65__cam4_s6127_rank18.jpg,TRUE,rep65,cam4,6127,18,0.9588134288787842,841.2330322265625,992.3787841796875,0.035027582198381424,880.9266357421875,995.89691162109375,0.013519208878278732,842.4735107421875,986.5152587890625,0.017172612249851227,862.1663947797716,990.0995106035889,615.5,1000,1000,TRUE,FALSE,-0.5426797587800175,no issue,FALSE
frame19__s6488,C:/R_projects/spat_1f_noise/processed_feed\rep65\processed_rep65__cam4_s6488_rank19.jpg,processed_rep65__cam4_s6488_rank19.jpg,TRUE,rep65,cam4,6488,19,0.9545264840126038,899.9451904296875,993.15869140625,0.4624806046485901,877.7357177734375,995.5306396484375,0.008076789788901806,839.48614501953125,986.0430908203125,0.012679513543844223,861.5081168831168,990,618,1000,1000,TRUE,FALSE,-0.5514391248854096,no issue,FALSE
frame20__s6848,C:/R_projects/spat_1f_noise/processed_feed\rep65\processed_rep65__cam4_s6848_rank20.jpg,processed_rep65__cam4_s6848_rank20.jpg,TRUE,rep65,cam4,6848,20,0.9695104956626892,840.9051513671875,993.220703125,0.10943261533975601,876.64154052734375,994.39630126953125,0.006054243538528681,840.9051513671875,987.34246826171875,0.013147355988621712,861.115,990.1416666666667,602,1000,1000,TRUE,FALSE,-0.782488152467504,no issue,FALSE
frame21__s7208,C:/R_projects/spat_1f_noise/processed_feed\rep65\processed_rep65__cam4_s7208_rank21.jpg,processed_rep65__cam4_s7208_rank21.jpg,TRUE,rep65,cam4,7208,21,0.993906557559967,944.1416015625,130.05516052246094,0.011174407787621021,905.63287353515625,148.486083984375,0.04155174270272255,884.51513671875,159.5446319580078,1.587745189666748,912.8355263157895,142.23026315789474,1063,1000,1000,FALSE,FALSE,3.4273140166152603,too big,FALSE
frame22__s7569,C:/R_projects/spat_1f_noise/processed_feed\rep65\processed_rep65__cam4_s7569_rank22.jpg,processed_rep65__cam4_s7569_rank22.jpg,TRUE,rep65,cam4,7569,22,0.93799424171447765,837.00018310546875,992.2396240234375,0.05401496961712837,879.46221923828125,995.774658203125,0.012844294309616089,838.2491455078125,986.3477783203125,0.010714182630181313,860.0059084194978,989.8729689807976,680.5,1000,1000,TRUE,FALSE,-0.24841768884625481,no issue,FALSE
frame23__s7929,C:/R_projects/spat_1f_noise/processed_feed\rep65\processed_rep65__cam4_s7929_rank23.jpg,processed_rep65__cam4_s7929_rank23.jpg,TRUE,rep65,cam4,7929,23,0.9688718914985656,902.48834228515625,996.712890625,0.07557977735996246,880.0394287109375,995.535400390625,0.011237472295761108,842.6246337890625,987.2930908203125,0.014210009016096592,861.884375,990.075,642.5,1000,1000,TRUE,FALSE,-0.5537740391395001,no issue,FALSE
frame24__s8290,C:/R_projects/spat_1f_noise/processed_feed\rep65\processed_rep65__cam4_s8290_rank24.jpg,processed_rep65__cam4_s8290_rank24.jpg,TRUE,rep65,cam4,8290,24,0.9713321328163148,896.3360595703125,992.7596435546875,0.05181703716516495,863.9974365234375,987.7901611328125,0.015058985911309719,840.3653564453125,986.54779052734375,0.013478865846991539,861.3785594639866,990.0234505862646,598,1000,1000,TRUE,FALSE,-0.9038080710190778,no issue,FALSE
frame25__s8650,C:/R_projects/spat_1f_noise/processed_feed\rep65\processed_rep65__cam4_s8650_rank25.jpg,processed_rep65__cam4_s8650_rank25.jpg,TRUE,rep65,cam4,8650,25,0.958276093006134,587.9439697265625,849.86334228515625,0.010883187875151634,590.32708740234375,885.997802734375,0.009974002838134766,586.75238037109375,909.672119140625,0.020088350400328636,587.0839243498818,880.4976359338061,849,1000,1000,FALSE,FALSE,1.2138293148861499,no issue,FALSE
frame26__s9011,C:/R_projects/spat_1f_noise/processed_feed\rep65\processed_rep65__cam4_s9011_rank26.jpg,processed_rep65__cam4_s9011_rank26.jpg,TRUE,rep65,cam4,9011,26,0.9671570062637328,589.838134765625,859.10638427734375,0.03027356043457985,588.619873046875,886.46490478515625,0.010132183320820332,584.965087890625,908.84918212890625,0.5528778433799744,586.7668789808918,882.0076433121019,786.5,1000,1000,FALSE,FALSE,0.6676307453779687,no issue,FALSE
frame27__s9371,C:/R_projects/spat_1f_noise/processed_feed\rep65\processed_rep65__cam4_s9371_rank27.jpg,processed_rep65__cam4_s9371_rank27.jpg,TRUE,rep65,cam4,9371,27,0.9744672775268556,832.08544921875,991.9779052734375,0.33687350153923035,879.2972412109375,995.48773193359375,0.008425675332546234,838.2974853515625,987.298095703125,0.012688098475337029,860.9326186830016,990.0091883614089,655,1000,1000,TRUE,FALSE,-0.4987535955918095,no issue,FALSE
frame28__s9731,C:/R_projects/spat_1f_noise/processed_feed\rep65\processed_rep65__cam4_s9731_rank28.jpg,processed_rep65__cam4_s9731_rank28.jpg,TRUE,rep65,cam4,9731,28,0.975996196269989,590.7841796875,853.20745849609375,0.00824050884693861,590.7841796875,886.5006103515625,0.011950873769819736,583.49810791015625,909.9290771484375,0.014068861491978168,586.8818181818182,882.6766233766234,771.5,1000,1000,FALSE,FALSE,0.4978983891313445,no issue,FALSE
frame29__s10092,C:/R_projects/spat_1f_noise/processed_feed\rep65\processed_rep65__cam4_s10092_rank29.jpg,processed_rep65__cam4_s10092_rank29.jpg,TRUE,rep65,cam4,10092,29,0.9716866612434388,594.1392822265625,861.30975341796875,0.02691497467458248,590.4150390625,884.9857177734375,0.012294618412852287,581.7252197265625,912.4000244140625,0.015907475724816322,586.0847255369929,880.7112171837708,839.5,1000,1000,FALSE,FALSE,1.0820146402347173,no issue,FALSE
frame30__s10452,C:/R_projects/spat_1f_noise/processed_feed\rep65\processed_rep65__cam4_s10452_rank30.jpg,processed_rep65__cam4_s10452_rank30.jpg,TRUE,rep65,cam4,10452,30,0.993718147277832,620.1868896484375,866.9293212890625,0.026677696034312248,594.4639892578125,886.522705078125,0.021552952006459236,585.8896484375,903.66693115234375,0.5491604804992676,596.0645161290323,884.9701314217443,841.5,1000,1000,FALSE,FALSE,1.0991810892064742,no issue,FALSE
frame31__s10813,C:/R_projects/spat_1f_noise/processed_feed\rep65\processed_rep65__cam4_s10813_rank31.jpg,processed_rep65__cam4_s10813_rank31.jpg,TRUE,rep65,cam4,10813,31,0.9855199456214904,609.083984375,865.2283935546875,0.016773223876953125,592.1005859375,888.55828857421875,0.02014807052910328,582.39581298828125,904.52081298828125,0.048953741788864136,591.8187134502924,887.5994152046784,685.5,1000,1000,FALSE,FALSE,-0.28361713683628925,no issue,FALSE
frame32__s11173,C:/R_projects/spat_1f_noise/processed_feed\rep65\processed_rep65__cam4_s11173_rank32.jpg,processed_rep65__cam4_s11173_rank32.jpg,TRUE,rep65,cam4,11173,32,0.9881623387336732,602.3829345703125,858.0474853515625,0.01305824238806963,592.47137451171875,885.1917724609375,0.013651857152581215,583.79876708984375,911.102294921875,0.021643025800585747,590.8698539176627,884.0146082337318,753,1000,1000,FALSE,FALSE,0.2748242538705839,no issue,FALSE
frame33__s11534,C:/R_projects/spat_1f_noise/processed_feed\rep65\processed_rep65__cam4_s11534_rank33.jpg,processed_rep65__cam4_s11534_rank33.jpg,TRUE,rep65,cam4,11534,33,0.9591699838638306,901.7757568359375,995.52923583984375,0.33551570773124695,874.55169677734375,994.3270263671875,0.0063148969784379005,838.66552734375,985.9111328125,0.01338458526879549,860.6267716535433,989.7291338582677,638,1000,1000,TRUE,FALSE,-0.804183634499813,no issue,FALSE
frame34__s11894,C:/R_projects/spat_1f_noise/processed_feed\rep65\processed_rep65__cam4_s11894_rank34.jpg,processed_rep65__cam4_s11894_rank34.jpg,TRUE,rep65,cam4,11894,34,0.9940800070762634,606.95361328125,853.5203857421875,0.02123749814927578,595.97216796875,881.87127685546875,0.019401337951421738,588.65118408203125,901.5936279296875,0.7914819121360779,593.7058823529412,879.6445556946182,801,1000,1000,FALSE,FALSE,0.6545145664449407,no issue,FALSE
frame35__s12254,C:/R_projects/spat_1f_noise/processed_feed\rep65\processed_rep65__cam4_s12254_rank35.jpg,processed_rep65__cam4_s12254_rank35.jpg,TRUE,rep65,cam4,12254,35,0.9783023595809937,605.40460205078125,857.44940185546875,0.01133012492209673,593.04681396484375,884.77142333984375,0.01450960524380207,584.39630126953125,908.36767578125,0.01767590269446373,591.9247606019152,882.782489740082,730,1000,1000,FALSE,FALSE,0.01019231578029735,no issue,FALSE
frame36__s12615,C:/R_projects/spat_1f_noise/processed_feed\rep65\processed_rep65__cam4_s12615_rank36.jpg,processed_rep65__cam4_s12615_rank36.jpg,TRUE,rep65,cam4,12615,36,0.9935638308525084,600.65234375,854.521728515625,0.010064460337162018,593.164306640625,886.7498779296875,0.019653167575597763,586.92437744140625,902.864013671875,0.049160704016685486,592.6471408647141,880.6429567642957,719,1000,1000,FALSE,FALSE,-0.09168504001656864,no issue,FALSE
frame37__s12975,C:/R_projects/spat_1f_noise/processed_feed\rep65\processed_rep65__cam4_s12975_rank37.jpg,processed_rep65__cam4_s12975_rank37.jpg,TRUE,rep65,cam4,12975,37,0.9799092411994934,594.04986572265625,845.069091796875,0.007586721796542406,594.04986572265625,884.572998046875,0.019474709406495094,588.00830078125,906.79388427734375,1.1624819040298462,591.3092037228541,876.7549120992761,969.5,1000,1000,FALSE,FALSE,2.7137266312479174,too big,FALSE
frame38__s13336,C:/R_projects/spat_1f_noise/processed_feed\rep65\processed_rep65__cam4_s13336_rank38.jpg,processed_rep65__cam4_s13336_rank38.jpg,TRUE,rep65,cam4,13336,38,0.9613120555877686,594.50494384765625,867.97515869140625,0.10511180013418198,589.70831298828125,887.92474365234375,0.010550038889050484,594.50494384765625,867.97515869140625,0.022943921387195587,589.0135951661631,886.2371601208459,661,1000,1000,FALSE,FALSE,-0.5385087650577688,no issue,FALSE
frame39__s13696,C:/R_projects/spat_1f_noise/processed_feed\rep65\processed_rep65__cam4_s13696_rank39.jpg,processed_rep65__cam4_s13696_rank39.jpg,TRUE,rep65,cam4,13696,39,0.9757561683654784,897.36505126953125,991.90057373046875,0.05212108790874481,880.1146240234375,995.6317138671875,0.009269668720662594,840.68511962890625,986.92559814453125,0.013360628858208656,860.1567656765676,989.986798679868,608.5,1000,1000,TRUE,FALSE,-1.0574243404331383,no issue,FALSE
frame40__s14057,C:/R_projects/spat_1f_noise/processed_feed\rep65\processed_rep65__cam4_s14057_rank40.jpg,processed_rep65__cam4_s14057_rank40.jpg,TRUE,rep65,cam4,14057,40,0.9954871535301208,770.5655517578125,686.26617431640625,0.014157003723084927,726.15179443359375,685.0511474609375,0.02154414914548397,697.77642822265625,676.54571533203125,0.05096795782446861,731.8645569620253,682.7493670886076,788.5,1000,1000,FALSE,FALSE,0.8013378036274609,no issue,FALSE
frame41__s14417,C:/R_projects/spat_1f_noise/processed_feed\rep65\processed_rep65__cam4_s14417_rank41.jpg,processed_rep65__cam4_s14417_rank41.jpg,TRUE,rep65,cam4,14417,41,0.988060712814331,930.56646728515625,568.99853515625,0.009159896522760391,923.166259765625,596.31964111328125,0.010881990194320679,918.2327880859375,622.3988037109375,0.021934866905212402,923.4848484848485,594.1763085399449,727,1000,1000,FALSE,FALSE,0.2329668123522769,no issue,FALSE
frame42__s14777,C:/R_projects/spat_1f_noise/processed_feed\rep65\processed_rep65__cam4_s14777_rank42.jpg,processed_rep65__cam4_s14777_rank42.jpg,TRUE,rep65,cam4,14777,42,0.970428466796875,925.86053466796875,571.75836181640625,0.08581113815307617,923.39630126953125,597.9761962890625,0.012536131776869297,920.93206787109375,620.44866943359375,0.18858693540096283,923.6118090452261,592.7525125628141,795.5,1000,1000,FALSE,FALSE,1.0282788365274316,no issue,FALSE
frame43__s15138,C:/R_projects/spat_1f_noise/processed_feed\rep65\processed_rep65__cam4_s15138_rank43.jpg,processed_rep65__cam4_s15138_rank43.jpg,TRUE,rep65,cam4,15138,43,0.9568054676055908,901.235107421875,993.12713623046875,0.15432992577552795,879.01153564453125,995.5054931640625,0.013268261216580868,840.737548828125,987.1812744140625,0.015699557960033417,860.5225806451613,990.0419354838709,622.5,1000,1000,TRUE,FALSE,-0.8062577113019145,no issue,FALSE
frame44__s15498,C:/R_projects/spat_1f_noise/processed_feed\rep65\processed_rep65__cam4_s15498_rank44.jpg,processed_rep65__cam4_s15498_rank44.jpg,TRUE,rep65,cam4,15498,44,0.9757990837097168,842.81646728515625,993.08843994140625,0.10051362961530685,862.68072509765625,989.4820556640625,0.01987115480005741,841.574951171875,987.077880859375,0.015943290665745735,860.7715736040609,989.668358714044,593.5,1000,1000,TRUE,FALSE,-1.0746467540191516,no issue,FALSE
frame45__s15859,C:/R_projects/spat_1f_noise/processed_feed\rep65\processed_rep65__cam4_s15859_rank45.jpg,processed_rep65__cam4_s15859_rank45.jpg,TRUE,rep65,cam4,15859,45,0.969327986240387,836.5057373046875,993.221435546875,0.0776112824678421,862.501708984375,989.710205078125,0.25860917568206787,840.21942138671875,987.369384765625,0.01246046181768179,860.667731629393,990.1501597444089,628.5,1000,1000,TRUE,FALSE,-0.6685179083176029,no issue,FALSE
frame46__s16219,C:/R_projects/spat_1f_noise/processed_feed\rep65\processed_rep65__cam4_s16219_rank46.jpg,processed_rep65__cam4_s16219_rank46.jpg,TRUE,rep65,cam4,16219,46,0.9890305399894714,932.93878173828125,570.1815185546875,0.009865125641226768,923.2718505859375,599.7493896484375,0.017423145473003387,920.85516357421875,620.693359375,0.05711505562067032,924.6937984496124,592.9832041343669,776.5,1000,1000,FALSE,FALSE,0.8860587695747743,no issue,FALSE
frame47__s16580,C:/R_projects/spat_1f_noise/processed_feed\rep65\processed_rep65__cam4_s16580_rank47.jpg,processed_rep65__cam4_s16580_rank47.jpg,TRUE,rep65,cam4,16580,47,0.9887444972991944,931.38787841796875,572.6383056640625,0.010808752849698067,924.1363525390625,598.63470458984375,0.013908124528825283,916.88482666015625,623.39306640625,0.02134428732097149,923.5702592087313,594.7926330150068,733.5,1000,1000,FALSE,FALSE,0.42005951900495647,no issue,FALSE
frame48__s16940,C:/R_projects/spat_1f_noise/processed_feed\rep65\processed_rep65__cam4_s16940_rank48.jpg,processed_rep65__cam4_s16940_rank48.jpg,TRUE,rep65,cam4,16940,48,0.9861416220664978,927.833251953125,575.7816162109375,0.03816633298993111,925.4312744140625,597.00628662109375,0.01767043024301529,920.62750244140625,618.23089599609375,0.09165668487548828,924.4381578947368,592.9263157894737,769.5,1000,1000,FALSE,FALSE,0.818448193678989,no issue,FALSE
frame49__s17301,C:/R_projects/spat_1f_noise/processed_feed\rep65\processed_rep65__cam4_s17301_rank49.jpg,processed_rep65__cam4_s17301_rank49.jpg,TRUE,rep65,cam4,17301,49,0.9623941779136658,905.30517578125,995.582763671875,0.30887144804000854,864.33563232421875,990.58319091796875,0.0347779244184494,840.74713134765625,986.83349609375,0.017040438950061798,862.3760129659644,990.2317666126418,619.5,1000,1000,TRUE,FALSE,-0.7435606491850428,no issue,FALSE
frame50__s17661,C:/R_projects/spat_1f_noise/processed_feed\rep65\processed_rep65__cam4_s17661_rank50.jpg,processed_rep65__cam4_s17661_rank50.jpg,TRUE,rep65,cam4,17661,50,0.9354263544082642,838.24212646484375,993.72406005859375,0.10472279787063599,864.31060791015625,988.77294921875,0.019510673359036446,839.4835205078125,987.53515625,0.010639401152729988,859.5863141524105,989.6874027993779,646,1000,1000,TRUE,FALSE,-0.43127186057376876,no issue,FALSE
frame51__s18021,C:/R_projects/spat_1f_noise/processed_feed\rep65\processed_rep65__cam4_s18021_rank51.jpg,processed_rep65__cam4_s18021_rank51.jpg,TRUE,rep65,cam4,18021,51,0.9649806618690492,905.119384765625,994.36773681640625,0.49381813406944275,881.6690673828125,995.59442138671875,0.010028784163296223,840.9395751953125,987.007568359375,0.013232599943876266,861.3207236842105,990.5049342105264,610,1000,1000,TRUE,FALSE,-0.765128130152825,no issue,FALSE
frame52__s18382,C:/R_projects/spat_1f_noise/processed_feed\rep65\processed_rep65__cam4_s18382_rank52.jpg,processed_rep65__cam4_s18382_rank52.jpg,TRUE,rep65,cam4,18382,52,0.9705414175987244,898.49273681640625,994.2213134765625,0.23443923890590668,877.2882080078125,995.4212646484375,0.011495869606733322,839.8685302734375,987.021728515625,0.017016706988215446,860.3722504230118,989.9526226734348,593.5,1000,1000,TRUE,FALSE,-0.9414383715175966,no issue,FALSE
frame53__s18742,C:/R_projects/spat_1f_noise/processed_feed\rep65\processed_rep65__cam4_s18742_rank53.jpg,processed_rep65__cam4_s18742_rank53.jpg,TRUE,rep65,cam4,18742,53,0.9581113457679749,833.13104248046875,992.9576416015625,0.39896029233932495,862.7607421875,989.2254638671875,0.015144234523177147,839.30389404296875,987.9814453125,0.012036233209073544,860.5926517571885,990.035143769968,628,1000,1000,TRUE,FALSE,-0.5816058436381373,no issue,FALSE
frame54__s19103,C:/R_projects/spat_1f_noise/processed_feed\rep65\processed_rep65__cam4_s19103_rank54.jpg,processed_rep65__cam4_s19103_rank54.jpg,TRUE,rep65,cam4,19103,54,0.9637681245803832,901.17425537109375,993.89111328125,0.16863343119621277,876.2821044921875,995.13037109375,0.00824587233364582,840.1884765625,986.4554443359375,0.014072551392018795,861.2053872053872,990.1363636363636,596,1000,1000,TRUE,FALSE,-1.0114584129715618,no issue,FALSE
frame55__s19463,C:/R_projects/spat_1f_noise/processed_feed\rep65\processed_rep65__cam4_s19463_rank55.jpg,processed_rep65__cam4_s19463_rank55.jpg,TRUE,rep65,cam4,19463,55,0.9527559876441956,901.60797119140625,994.046142578125,0.3943741023540497,877.99981689453125,995.26519775390625,0.009100998751819134,838.23858642578125,987.9512939453125,0.010453324764966965,858.8714285714286,990.0285714285715,632.5,1000,1000,TRUE,FALSE,-0.5881988361053251,no issue,FALSE
frame56__s19823,C:/R_projects/spat_1f_noise/processed_feed\rep65\processed_rep65__cam4_s19823_rank56.jpg,processed_rep65__cam4_s19823_rank56.jpg,TRUE,rep65,cam4,19823,56,0.9517177939414978,905.6343994140625,995.3697509765625,0.19816967844963074,879.64361572265625,995.3697509765625,0.008860780857503414,840.03875732421875,987.053466796875,0.013650642707943916,861.7003105590062,989.777950310559,647,1000,1000,TRUE,FALSE,-0.4005953392047043,no issue,FALSE
frame57__s20184,C:/R_projects/spat_1f_noise/processed_feed\rep65\processed_rep65__cam4_s20184_rank57.jpg,processed_rep65__cam4_s20184_rank57.jpg,TRUE,rep65,cam4,20184,57,0.9740388989448548,900.9576416015625,993.1353759765625,0.07914078235626221,878.546142578125,995.5831298828125,0.015187551267445087,842.4388427734375,987.0159912109375,0.017407026141881943,861.4082332761578,990.4356775300172,584.5,1000,1000,TRUE,FALSE,-1.1613426668236606,no issue,FALSE
frame58__s20544,C:/R_projects/spat_1f_noise/processed_feed\rep65\processed_rep65__cam4_s20544_rank58.jpg,processed_rep65__cam4_s20544_rank58.jpg,TRUE,rep65,cam4,20544,58,0.9434747099876404,905.82098388671875,995.51947021484375,0.20538486540317535,879.60076904296875,995.51947021484375,0.014368854463100433,840.8946533203125,987.2333984375,0.013672152534127235,861.89375,990.1984375,642,1000,1000,TRUE,FALSE,-0.4808664966871408,no issue,FALSE
frame59__s20905,C:/R_projects/spat_1f_noise/processed_feed\rep65\processed_rep65__cam4_s20905_rank59.jpg,processed_rep65__cam4_s20905_rank59.jpg,TRUE,rep65,cam4,20905,59,0.9648934602737428,903.4505615234375,995.57427978515625,0.08452193439006805,878.6083984375,995.57427978515625,0.010536381974816322,841.34521484375,987.069580078125,0.01708822138607502,861.8732394366198,990.1893583724569,641,1000,1000,TRUE,FALSE,-0.5508837627508488,no issue,FALSE
frame60__s21265,C:/R_projects/spat_1f_noise/processed_feed\rep65\processed_rep65__cam4_s21265_rank60.jpg,processed_rep65__cam4_s21265_rank60.jpg,TRUE,rep65,cam4,21265,60,0.9726160168647766,903.50067138671875,996.546875,5.739989757537842,861.4114990234375,990.3814697265625,0.06160728633403778,839.1290283203125,986.6822509765625,0.011544511653482914,860.8625377643505,989.8126888217523,664.5,1000,1000,TRUE,FALSE,-0.3543980291529393,no issue,FALSE
frame61__s21626,C:/R_projects/spat_1f_noise/processed_feed\rep65\processed_rep65__cam4_s21626_rank61.jpg,processed_rep65__cam4_s21626_rank61.jpg,TRUE,rep65,cam4,21626,61,0.97788667678833,904.46112060546875,565.21502685546875,0.019136406481266022,922.87713623046875,593.85498046875,0.014387890696525574,921.6494140625,618.75927734375,0.2249968945980072,917.9806034482758,592.1314655172414,929,1000,1000,FALSE,FALSE,2.5168131070313082,too big,FALSE
frame62__s21986,C:/R_projects/spat_1f_noise/processed_feed\rep65\processed_rep65__cam4_s21986_rank62.jpg,processed_rep65__cam4_s21986_rank62.jpg,TRUE,rep65,cam4,21986,62,0.9591404795646667,916.9024658203125,573.60955810546875,0.06610387563705444,920.51019287109375,594.7301025390625,0.012337456457316875,919.3076171875,617.09295654296875,0.038366109132766724,918.302578018996,595.9308005427408,735.5,1000,1000,FALSE,FALSE,0.4010270383778679,no issue,FALSE
frame63__s22346,C:/R_projects/spat_1f_noise/processed_feed\rep65\processed_rep65__cam4_s22346_rank63.jpg,processed_rep65__cam4_s22346_rank63.jpg,TRUE,rep65,cam4,22346,63,0.9859175086021424,924.36273193359375,578.988037109375,0.18389761447906494,921.9002685546875,601.0772705078125,0.012223195284605026,920.66900634765625,623.16650390625,0.07813754677772522,921.5317002881844,600.6152737752161,695.5,1000,1000,FALSE,FALSE,-0.0638695839845625,no issue,FALSE
frame64__s22707,C:/R_projects/spat_1f_noise/processed_feed\rep65\processed_rep65__cam4_s22707_rank64.jpg,processed_rep65__cam4_s22707_rank64.jpg,TRUE,rep65,cam4,22707,64,0.9877762794494628,924.0394287109375,582.3670654296875,0.0691692903637886,921.6141357421875,603.23681640625,0.00909405667334795,919.18890380859375,625.3341064453125,0.8393138647079468,922.3753993610223,599.6805111821086,627,1000,1000,FALSE,FALSE,-0.7946263023868356,no issue,FALSE
frame65__s23067,C:/R_projects/spat_1f_noise/processed_feed\rep65\processed_rep65__cam4_s23067_rank65.jpg,processed_rep65__cam4_s23067_rank65.jpg,TRUE,rep65,cam4,23067,65,0.9903898239135742,924.94818115234375,579.9805908203125,0.09208893775939941,922.4796142578125,599.90118408203125,0.012847734615206718,918.77685546875,618.5767822265625,0.3048116862773895,923.124054462935,596.5128593040847,665.5,1000,1000,FALSE,FALSE,-0.3489110076632317,no issue,FALSE
frame66__s23428,C:/R_projects/spat_1f_noise/processed_feed\rep65\processed_rep65__cam4_s23428_rank66.jpg,processed_rep65__cam4_s23428_rank66.jpg,TRUE,rep65,cam4,23428,66,0.9871143102645874,918.43505859375,581.67633056640625,0.09969525784254074,922.0999755859375,600.2481689453125,0.00907073076814413,918.43505859375,618.82000732421875,0.12195619940757751,922.2740863787376,598.9601328903655,603.5,1000,1000,FALSE,FALSE,-1.0718353897959478,no issue,FALSE
frame67__s23788,C:/R_projects/spat_1f_noise/processed_feed\rep65\processed_rep65__cam4_s23788_rank67.jpg,processed_rep65__cam4_s23788_rank67.jpg,TRUE,rep65,cam4,23788,67,0.9907772541046144,918.439697265625,582.47552490234375,0.02075965516269207,923.26104736328125,599.96343994140625,0.012055741623044014,919.64508056640625,623.69696044921875,0.020569385960698128,923.0772413793103,596.6924137931035,728.5,1000,1000,FALSE,FALSE,0.23670327806321964,no issue,FALSE
frame68__s24149,C:/R_projects/spat_1f_noise/processed_feed\rep65\processed_rep65__cam4_s24149_rank68.jpg,processed_rep65__cam4_s24149_rank68.jpg,TRUE,rep65,cam4,24149,68,0.9884215593338012,925.7655029296875,577.926513671875,0.06372970342636108,923.32122802734375,597.62506103515625,0.014148225076496601,918.4326171875,624.71075439453125,0.01853952929377556,923.0905109489051,598.436496350365,688,1000,1000,FALSE,FALSE,-0.2906467366645748,no issue,FALSE
frame69__s24509,C:/R_projects/spat_1f_noise/processed_feed\rep65\processed_rep65__cam4_s24509_rank69.jpg,processed_rep65__cam4_s24509_rank69.jpg,TRUE,rep65,cam4,24509,69,0.967955470085144,930.71173095703125,577.27349853515625,0.009853703901171684,924.5052490234375,601.0040283203125,0.01407990138977766,918.29864501953125,623.48553466796875,0.01962599717080593,923.4353562005277,597.8377308707124,761.5,1000,1000,FALSE,FALSE,0.48762506389419275,no issue,FALSE
frame70__s24869,C:/R_projects/spat_1f_noise/processed_feed\rep65\processed_rep65__cam4_s24869_rank70.jpg,processed_rep65__cam4_s24869_rank70.jpg,TRUE,rep65,cam4,24869,70,0.9778052568435668,903.26416015625,993.08056640625,0.4249347448348999,879.75836181640625,995.5736083984375,0.0066183446906507015,840.169677734375,986.847900390625,0.013803229667246342,861.0208955223881,989.8194029850746,673,1000,1000,TRUE,FALSE,-0.5653523680993149,no issue,FALSE
frame71__s25230,C:/R_projects/spat_1f_noise/processed_feed\rep65\processed_rep65__cam4_s25230_rank71.jpg,processed_rep65__cam4_s25230_rank71.jpg,TRUE,rep65,cam4,25230,71,0.9705157279968262,939.21826171875,574.29498291015625,0.008734318427741528,929.4906005859375,595.35540771484375,0.014501361176371574,920.9788818359375,621.37127685546875,0.01887020654976368,927.8357235984355,594.5528031290743,768.5,1000,1000,FALSE,FALSE,0.5183823606101143,no issue,FALSE
frame72__s25590,C:/R_projects/spat_1f_noise/processed_feed\rep65\processed_rep65__cam4_s25590_rank72.jpg,processed_rep65__cam4_s25590_rank72.jpg,TRUE,rep65,cam4,25590,72,0.9802303910255432,931.5657958984375,566.3046875,0.016271406784653664,929.16375732421875,592.4287109375,0.01417956966906786,920.7564697265625,622.2847900390625,0.020436173304915428,928.4895833333334,588.5995370370371,864.5,1000,1000,FALSE,FALSE,1.3944886744364897,no issue,FALSE
frame73__s25951,C:/R_projects/spat_1f_noise/processed_feed\rep65\processed_rep65__cam4_s25951_rank73.jpg,processed_rep65__cam4_s25951_rank73.jpg,TRUE,rep65,cam4,25951,73,0.9749100804328918,932.6358642578125,573.4356689453125,0.03656913712620735,927.7220458984375,594.6627197265625,0.015162118710577488,921.5797119140625,620.8843994140625,0.01968684233725071,927.3639798488665,593.6813602015113,791.5,1000,1000,FALSE,FALSE,0.5831090721052037,no issue,FALSE
frame74__s26311,C:/R_projects/spat_1f_noise/processed_feed\rep65\processed_rep65__cam4_s26311_rank74.jpg,processed_rep65__cam4_s26311_rank74.jpg,TRUE,rep65,cam4,26311,74,0.9802143573760986,937.05316162109375,572.2122802734375,0.04057087004184723,930.85565185546875,593.264404296875,0.020978732034564018,924.65814208984375,616.79327392578125,0.04439772292971611,930.5232558139535,588.6976744186046,860,1000,1000,FALSE,FALSE,1.3541875262623893,no issue,FALSE
frame75__s26672,C:/R_projects/spat_1f_noise/processed_feed\rep65\processed_rep65__cam4_s26672_rank75.jpg,processed_rep65__cam4_s26672_rank75.jpg,TRUE,rep65,cam4,26672,75,0.9767059683799744,929.922607421875,574.9769287109375,0.022707607597112656,928.69744873046875,595.92181396484375,0.017355576157569885,923.79644775390625,619.330810546875,0.22393889725208282,927.4036458333334,593.8684895833334,769,1000,1000,FALSE,FALSE,0.31774087765428605,no issue,FALSE
frame76__s27032,C:/R_projects/spat_1f_noise/processed_feed\rep65\processed_rep65__cam4_s27032_rank76.jpg,processed_rep65__cam4_s27032_rank76.jpg,TRUE,rep65,cam4,27032,76,0.9933717250823976,947.144287109375,571.41131591796875,0.018329797312617302,928.54193115234375,599.88848876953125,0.03205309808254242,921.10101318359375,623.4130859375,0.026821933686733246,930.8736196319019,594.8184049079755,815.5,1000,1000,FALSE,FALSE,0.8403975127648874,no issue,FALSE
frame77__s27392,C:/R_projects/spat_1f_noise/processed_feed\rep65\processed_rep65__cam4_s27392_rank77.jpg,processed_rep65__cam4_s27392_rank77.jpg,TRUE,rep65,cam4,27392,77,0.9937638640403748,941.3543701171875,576.9957275390625,0.0190742090344429,929.08575439453125,600.39447021484375,0.018821842968463898,922.9515380859375,617.63568115234375,0.03142077475786209,929.1073446327683,598.0014124293785,708.5,1000,1000,FALSE,FALSE,-0.34064172525898007,no issue,FALSE
frame78__s27753,C:/R_projects/spat_1f_noise/processed_feed\rep65\processed_rep65__cam4_s27753_rank78.jpg,processed_rep65__cam4_s27753_rank78.jpg,TRUE,rep65,cam4,27753,78,0.9858978986740112,938.711181640625,576.0450439453125,0.01122057531028986,929.04241943359375,599.5906982421875,0.020779360085725784,925.4166259765625,620.6578369140625,0.18902483582496643,928.7352185089974,596.9640102827764,780.5,1000,1000,FALSE,FALSE,0.578203675666875,no issue,FALSE
frame79__s28113,C:/R_projects/spat_1f_noise/processed_feed\rep65\processed_rep65__cam4_s28113_rank79.jpg,processed_rep65__cam4_s28113_rank79.jpg,TRUE,rep65,cam4,28113,79,0.992950677871704,940.03692626953125,581.824951171875,0.019404232501983643,926.61505126953125,604.03424072265625,0.024370312690734863,920.51422119140625,621.30810546875,0.5797752141952515,928.2795216741405,598.8415545590434,670,1000,1000,FALSE,FALSE,-0.7088857607437751,no issue,FALSE
frame80__s28474,C:/R_projects/spat_1f_noise/processed_feed\rep65\processed_rep65__cam4_s28474_rank80.jpg,processed_rep65__cam4_s28474_rank80.jpg,TRUE,rep65,cam4,28474,80,0.991773784160614,931.67144775390625,587.1549072265625,0.047840747982263565,924.46044921875,599.5762939453125,0.013967253267765045,922.05682373046875,618.20843505859375,0.03164232522249222,925.190800681431,600.3884156729131,589,1000,1000,FALSE,FALSE,-1.7197789607377136,no issue,FALSE
frame81__s28834,C:/R_projects/spat_1f_noise/processed_feed\rep65\processed_rep65__cam4_s28834_rank81.jpg,processed_rep65__cam4_s28834_rank81.jpg,TRUE,rep65,cam4,28834,81,0.9745279550552368,935.255126953125,568.36279296875,0.007287719752639532,927.88970947265625,596.97662353515625,0.017185315489768982,921.75177001953125,621.8582763671875,0.021055398508906364,927.9033047735618,594.0820073439412,817,1000,1000,FALSE,FALSE,1.0198229734171567,no issue,FALSE
frame82__s29195,C:/R_projects/spat_1f_noise/processed_feed\rep65\processed_rep65__cam4_s29195_rank82.jpg,processed_rep65__cam4_s29195_rank82.jpg,TRUE,rep65,cam4,29195,82,0.987788736820221,933.6004638671875,578.95166015625,0.1321776807308197,927.36968994140625,600.17755126953125,0.023695098236203194,924.87738037109375,621.4034423828125,0.060933325439691544,929.2774798927614,595.014745308311,745,1000,1000,FALSE,FALSE,0.10062518270941442,no issue,FALSE
frame83__s29555,C:/R_projects/spat_1f_noise/processed_feed\rep65\processed_rep65__cam4_s29555_rank83.jpg,processed_rep65__cam4_s29555_rank83.jpg,TRUE,rep65,cam4,29555,83,0.9847834706306458,936.02911376953125,580.9515380859375,0.015330599620938301,931.08892822265625,598.2572021484375,0.013914281502366066,921.20849609375,620.50726318359375,0.017642296850681305,928.270731707317,594.0317073170731,827,1000,1000,FALSE,FALSE,1.1346308121345168,no issue,FALSE
frame84__s29915,C:/R_projects/spat_1f_noise/processed_feed\rep65\processed_rep65__cam4_s29915_rank84.jpg,processed_rep65__cam4_s29915_rank84.jpg,TRUE,rep65,cam4,29915,84,0.9829262495040894,934.959228515625,575.15692138671875,0.009505759924650192,927.488037109375,601.1324462890625,0.01387027557939291,923.75244140625,622.16033935546875,0.06322696805000305,927.8215767634855,596.420470262794,730.5,1000,1000,FALSE,FALSE,-0.025743711030719416,no issue,FALSE
frame85__s30276,C:/R_projects/spat_1f_noise/processed_feed\rep65\processed_rep65__cam4_s30276_rank85.jpg,processed_rep65__cam4_s30276_rank85.jpg,TRUE,rep65,cam4,30276,85,0.990201771259308,937.5411376953125,579.02410888671875,0.01812548004090786,930.1048583984375,595.060546875,0.019276002421975136,925.1473388671875,614.7978515625,0.045945364981889725,928.6095890410959,595.7890410958904,729,1000,1000,FALSE,FALSE,-0.010979558411859087,no issue,FALSE
frame86__s30636,C:/R_projects/spat_1f_noise/processed_feed\rep65\processed_rep65__cam4_s30636_rank86.jpg,processed_rep65__cam4_s30636_rank86.jpg,TRUE,rep65,cam4,30636,86,0.9856919646263124,937.27935791015625,577.21240234375,0.249825119972229,931.14166259765625,595.93133544921875,0.02053271047770977,923.77630615234375,620.88983154296875,0.017981847748160362,931.5534950071327,593.1155492154065,701.5,1000,1000,FALSE,FALSE,-0.4031179753203168,no issue,FALSE
frame87__s30997,C:/R_projects/spat_1f_noise/processed_feed\rep65\processed_rep65__cam4_s30997_rank87.jpg,processed_rep65__cam4_s30997_rank87.jpg,TRUE,rep65,cam4,30997,87,0.9959877133369446,955.9110107421875,565.26580810546875,0.015261917375028133,929.8709716796875,593.78289794921875,0.028169715777039528,923.67095947265625,614.8607177734375,0.03369631618261337,933.4401260504202,588.6102941176471,954,1000,1000,FALSE,FALSE,2.074253266581245,too big,FALSE
frame88__s31357,C:/R_projects/spat_1f_noise/processed_feed\rep65\processed_rep65__cam4_s31357_rank88.jpg,processed_rep65__cam4_s31357_rank88.jpg,TRUE,rep65,cam4,31357,88,0.9909654855728148,940.991943359375,574.24383544921875,0.017389146611094475,926.11944580078125,602.501220703125,0.02232627011835575,921.1619873046875,623.3870849609375,0.17703565955162048,928.1711229946524,597.4986631016043,748,1000,1000,FALSE,FALSE,0.09051779274655655,no issue,FALSE
frame89__s31717,C:/R_projects/spat_1f_noise/processed_feed\rep65\processed_rep65__cam4_s31717_rank89.jpg,processed_rep65__cam4_s31717_rank89.jpg,TRUE,rep65,cam4,31717,89,0.971463978290558,838.62420654296875,993.16461181640625,0.1080036610364914,882.06353759765625,995.6065673828125,0.009724962525069714,839.8653564453125,987.059814453125,0.013481728732585907,861.2747415066469,989.8050221565732,678.5,1000,1000,TRUE,FALSE,-0.5876131375342257,no issue,FALSE
frame90__s32078,C:/R_projects/spat_1f_noise/processed_feed\rep65\processed_rep65__cam4_s32078_rank90.jpg,processed_rep65__cam4_s32078_rank90.jpg,TRUE,rep65,cam4,32078,90,0.9716575145721436,835.5087890625,992.508056640625,0.09790822118520737,862.637939453125,990.023193359375,0.1098562702536583,841.67449951171875,986.2958984375,0.015129446983337402,862.1419847328244,989.4717557251909,657.5,1000,1000,TRUE,FALSE,-0.7366272170878184,no issue,FALSE
frame91__s32438,C:/R_projects/spat_1f_noise/processed_feed\rep65\processed_rep65__cam4_s32438_rank91.jpg,processed_rep65__cam4_s32438_rank91.jpg,TRUE,rep65,cam4,32438,91,0.9895378351211548,928.15948486328125,581.037841796875,0.12091677635908127,925.6895751953125,599.55462646484375,0.010669883340597153,921.98455810546875,623.00927734375,0.018272824585437775,926.2330508474577,599.632768361582,713,1000,1000,FALSE,FALSE,-0.13100624560442897,no issue,FALSE
frame92__s32799,C:/R_projects/spat_1f_noise/processed_feed\rep65\processed_rep65__cam4_s32799_rank92.jpg,processed_rep65__cam4_s32799_rank92.jpg,TRUE,rep65,cam4,32799,92,0.9949270486831664,941.90667724609375,578.14117431640625,0.01869422011077404,926.10870361328125,601.6778564453125,0.024961555376648903,920.0325927734375,625.21453857421875,0.02282574027776718,927.6973125884017,598.9306930693069,707.5,1000,1000,FALSE,FALSE,-0.14135674617448732,no issue,FALSE
frame93__s33159,C:/R_projects/spat_1f_noise/processed_feed\rep65\processed_rep65__cam4_s33159_rank93.jpg,processed_rep65__cam4_s33159_rank93.jpg,TRUE,rep65,cam4,33159,93,0.9934548735618592,930.66033935546875,582.187255859375,0.09071867167949677,925.767822265625,599.58935546875,0.014999951235949993,920.87530517578125,618.2344970703125,0.1290183663368225,926.1630591630592,597.5209235209235,696,1000,1000,FALSE,FALSE,-0.28451023162186895,no issue,FALSE
frame94__s33520,C:/R_projects/spat_1f_noise/processed_feed\rep65\processed_rep65__cam4_s33520_rank94.jpg,processed_rep65__cam4_s33520_rank94.jpg,TRUE,rep65,cam4,33520,94,0.981316328048706,927.74993896484375,581.97625732421875,0.07548405230045319,925.31524658203125,600.4947509765625,0.02038397639989853,922.8804931640625,620.247802734375,0.08010412752628326,925.6028119507909,599.5817223198594,569,1000,1000,FALSE,FALSE,-1.534263156539494,no issue,FALSE
frame95__s33880,C:/R_projects/spat_1f_noise/processed_feed\rep65\processed_rep65__cam4_s33880_rank95.jpg,processed_rep65__cam4_s33880_rank95.jpg,TRUE,rep65,cam4,33880,95,0.9565533995628356,833.00299072265625,992.4921875,0.2863079309463501,881.190673828125,996.0972900390625,0.00941831897944212,840.41650390625,986.483642578125,0.014491086825728416,862.8961988304094,990.2690058479532,686,1000,1000,TRUE,FALSE,-0.3281628751812129,no issue,FALSE
frame96__s34240,C:/R_projects/spat_1f_noise/processed_feed\rep65\processed_rep65__cam4_s34240_rank96.jpg,processed_rep65__cam4_s34240_rank96.jpg,TRUE,rep65,cam4,34240,96,0.979145646095276,901.3853759765625,996.3800048828125,0.13309188187122345,879.2017822265625,995.1832275390625,0.006788510829210281,840.996826171875,986.8060302734375,0.015055500902235508,861.5932721712538,989.2446483180428,656.5,1000,1000,TRUE,FALSE,-0.7129436871459368,no issue,FALSE
frame97__s34601,C:/R_projects/spat_1f_noise/processed_feed\rep65\processed_rep65__cam4_s34601_rank97.jpg,processed_rep65__cam4_s34601_rank97.jpg,TRUE,rep65,cam4,34601,97,0.9868062734603882,928.8870849609375,650.4085693359375,3.6939265727996826,930.11175537109375,625.806884765625,0.007929286919534206,928.8870849609375,650.4085693359375,0.8109610080718994,926.9578392621871,624.3162055335969,761,1000,1000,FALSE,FALSE,0.39121829613452114,no issue,FALSE
frame98__s34961,C:/R_projects/spat_1f_noise/processed_feed\rep65\processed_rep65__cam4_s34961_rank98.jpg,processed_rep65__cam4_s34961_rank98.jpg,TRUE,rep65,cam4,34961,98,0.9662765264511108,838.10699462890625,992.96942138671875,0.07311051338911057,884.099609375,995.38970947265625,0.0050765532068908215,840.5931396484375,986.91864013671875,0.012279867194592953,861.9694656488549,989.7053435114503,658,1000,1000,TRUE,FALSE,-0.7011169904013184,no issue,FALSE
frame99__s35321,C:/R_projects/spat_1f_noise/processed_feed\rep65\processed_rep65__cam4_s35321_rank99.jpg,processed_rep65__cam4_s35321_rank99.jpg,TRUE,rep65,cam4,35321,99,0.9734926819801332,902.836669921875,993.988037109375,0.3053469955921173,862.852294921875,989.006591796875,0.060191161930561066,840.3612060546875,986.515869140625,0.017517616972327232,862.4991974317817,989.76886035313,625.5,1000,1000,TRUE,FALSE,-0.9928175792544819,no issue,FALSE
frame100__s35682,C:/R_projects/spat_1f_noise/processed_feed\rep65\processed_rep65__cam4_s35682_rank100.jpg,processed_rep65__cam4_s35682_rank100.jpg,TRUE,rep65,cam4,35682,100,0.9539722204208374,904.4107666015625,996.578857421875,4.279698371887207,879.456787109375,995.3297119140625,0.010499770753085613,904.4107666015625,996.578857421875,0.06463054567575455,862.5676077265973,989.8484398216939,677,1000,1000,TRUE,FALSE,-0.5419116514891549,no issue,FALSE
frame101__s36042,C:/R_projects/spat_1f_noise/processed_feed\rep65\processed_rep65__cam4_s36042_rank101.jpg,processed_rep65__cam4_s36042_rank101.jpg,TRUE,rep65,cam4,36042,101,0.9400480389595032,924.84381103515625,649.44708251953125,0.10173709690570831,926.0498046875,623.46533203125,0.009694480337202549,926.0498046875,649.44708251953125,0.023760659620165825,923.3320537428023,625.6381957773513,1042.5,1000,1000,FALSE,FALSE,2.647511104790354,too big,FALSE
frame102__s36403,C:/R_projects/spat_1f_noise/processed_feed\rep65\processed_rep65__cam4_s36403_rank102.jpg,processed_rep65__cam4_s36403_rank102.jpg,TRUE,rep65,cam4,36403,102,0.991018772125244,910.30706787109375,650.438720703125,0.013495970517396927,927.52264404296875,630.52783203125,0.012791313230991364,925.0633544921875,598.1727294921875,0.022386137396097183,923.0552884615385,625.3822115384615,832.5,1000,1000,FALSE,FALSE,0.7230589491868162,no issue,FALSE
frame103__s36763,C:/R_projects/spat_1f_noise/processed_feed\rep65\processed_rep65__cam4_s36763_rank103.jpg,processed_rep65__cam4_s36763_rank103.jpg,TRUE,rep65,cam4,36763,103,0.9705844521522522,929.816650390625,599.57342529296875,0.10626404732465744,927.43212890625,618.07611083984375,0.006212818901985884,925.047607421875,598.3399658203125,0.26435694098472595,924.53081232493,621.5784313725491,714,1000,1000,FALSE,FALSE,-0.22811272064466936,no issue,FALSE
frame104__s37124,C:/R_projects/spat_1f_noise/processed_feed\rep65\processed_rep65__cam4_s37124_rank104.jpg,processed_rep65__cam4_s37124_rank104.jpg,TRUE,rep65,cam4,37124,104,0.9569516777992249,896.4149169921875,990.113037109375,0.06080980226397514,880.23779296875,994.924560546875,0.005116945132613182,839.1727294921875,986.50445556640625,0.008932030759751797,860.3654390934844,989.1359773371105,709.5,1000,1000,TRUE,FALSE,-0.2566295379429456,no issue,FALSE
frame105__s37484,C:/R_projects/spat_1f_noise/processed_feed\rep65\processed_rep65__cam4_s37484_rank105.jpg,processed_rep65__cam4_s37484_rank105.jpg,TRUE,rep65,cam4,37484,105,0.976088047027588,897.06390380859375,996.6241455078125,0.03694876283407211,861.2894287109375,988.1221923828125,0.0823824480175972,839.08453369140625,986.90765380859375,0.01357966661453247,860.7625786163522,989.6540880503145,637,1000,1000,TRUE,FALSE,-0.8915097153060305,no issue,FALSE
frame106__s37844,C:/R_projects/spat_1f_noise/processed_feed\rep65\processed_rep65__cam4_s37844_rank106.jpg,processed_rep65__cam4_s37844_rank106.jpg,TRUE,rep65,cam4,37844,106,0.9697211980819702,898.602783203125,996.4144287109375,0.021403178572654724,852.6734619140625,989.35479736328125,0.02502998150885105,839.018798828125,984.64837646484375,0.010876891203224659,861.1722054380665,989.3670694864048,663.5,1000,1000,TRUE,FALSE,-0.6575213195287155,no issue,FALSE
frame107__s38205,C:/R_projects/spat_1f_noise/processed_feed\rep65\processed_rep65__cam4_s38205_rank107.jpg,processed_rep65__cam4_s38205_rank107.jpg,TRUE,rep65,cam4,38205,107,0.9733558893203736,900.80621337890625,991.89727783203125,0.09800340235233307,879.6453857421875,995.4635009765625,0.00669348519295454,841.05810546875,984.76470947265625,0.012727559544146061,862.1641791044776,989.6014925373134,672,1000,1000,TRUE,FALSE,-0.5554341105861572,no issue,FALSE
frame108__s38565,C:/R_projects/spat_1f_noise/processed_feed\rep65\processed_rep65__cam4_s38565_rank108.jpg,processed_rep65__cam4_s38565_rank108.jpg,TRUE,rep65,cam4,38565,108,0.971129298210144,920.8240966796875,581.9345703125,0.04863128066062927,924.5,602.86181640625,0.013871194794774055,920.8240966796875,623.78900146484375,0.045590706169605255,920.6951530612245,600.4285714285714,787.5,1000,1000,FALSE,FALSE,0.47148908322489275,no issue,FALSE
frame109__s38926,C:/R_projects/spat_1f_noise/processed_feed\rep65\processed_rep65__cam4_s38926_rank109.jpg,processed_rep65__cam4_s38926_rank109.jpg,TRUE,rep65,cam4,38926,109,0.9755345582962036,903.0321044921875,996.3040771484375,0.14721916615962982,880.853515625,995.1241455078125,0.013395640067756176,842.656982421875,985.6846923828125,0.015800470486283302,863.078125,989.3375,642,1000,1000,TRUE,FALSE,-0.8464365220435925,no issue,FALSE
frame110__s39286,C:/R_projects/spat_1f_noise/processed_feed\rep65\processed_rep65__cam4_s39286_rank110.jpg,processed_rep65__cam4_s39286_rank110.jpg,TRUE,rep65,cam4,39286,110,0.962832510471344,833.35498046875,991.765380859375,0.054569315165281296,878.21173095703125,995.47479248046875,0.00919752661138773,840.8310546875,986.8194580078125,0.011860613711178303,860.423197492163,989.8181818181819,641.5,1000,1000,TRUE,FALSE,-0.953489294565733,no issue,FALSE
frame111__s39646,C:/R_projects/spat_1f_noise/processed_feed\rep65\processed_rep65__cam4_s39646_rank111.jpg,processed_rep65__cam4_s39646_rank111.jpg,TRUE,rep65,cam4,39646,111,0.9693579077720642,928.25811767578125,574.578125,0.7518735527992249,925.78497314453125,598.2357177734375,0.017970936372876167,919.602294921875,623.13836669921875,0.35777318477630615,924.7637028014616,598.6309378806334,818,1000,1000,FALSE,FALSE,0.6297647214530339,no issue,FALSE
frame112__s40007,C:/R_projects/spat_1f_noise/processed_feed\rep65\processed_rep65__cam4_s40007_rank112.jpg,processed_rep65__cam4_s40007_rank112.jpg,TRUE,rep65,cam4,40007,112,0.9774258732795716,930.64508056640625,581.26300048828125,0.13000905513763428,925.707275390625,603.4141845703125,0.013006390072405338,920.76934814453125,623.1041259765625,1.7681210041046143,925.6635514018692,600.4192256341789,749.5,1000,1000,FALSE,FALSE,-0.012431321381056704,no issue,FALSE
frame113__s40367,C:/R_projects/spat_1f_noise/processed_feed\rep65\processed_rep65__cam4_s40367_rank113.jpg,processed_rep65__cam4_s40367_rank113.jpg,TRUE,rep65,cam4,40367,113,0.977831244468689,933.97576904296875,571.630615234375,0.010266534052789211,925.26739501953125,602.83111572265625,0.018969940021634102,921.5352783203125,627.79156494140625,0.03676579147577286,925.7409144196952,596.8347010550997,854,1000,1000,FALSE,FALSE,0.8893776042033619,no issue,FALSE
frame114__s40728,C:/R_projects/spat_1f_noise/processed_feed\rep65\processed_rep65__cam4_s40728_rank114.jpg,processed_rep65__cam4_s40728_rank114.jpg,TRUE,rep65,cam4,40728,114,0.9826031923294068,935.392578125,582.54473876953125,0.018043605610728264,927.98211669921875,603.53521728515625,0.020803524181246758,920.5716552734375,629.46466064453125,0.02610015496611595,928.8244897959183,597.5663265306123,983,1000,1000,FALSE,FALSE,1.9698918221358899,no issue,FALSE
frame115__s41088,C:/R_projects/spat_1f_noise/processed_feed\rep65\processed_rep65__cam4_s41088_rank115.jpg,processed_rep65__cam4_s41088_rank115.jpg,TRUE,rep65,cam4,41088,115,0.9777881503105164,897.99853515625,583.63067626953125,0.01784992590546608,924.89306640625,602.2947998046875,0.012829707935452461,921.22564697265625,622.2032470703125,0.43051424622535706,916.5039637599094,598.9014722536806,882,1000,1000,FALSE,FALSE,1.1161913466623918,no issue,FALSE
frame116__s41448,C:/R_projects/spat_1f_noise/processed_feed\rep65\processed_rep65__cam4_s41448_rank116.jpg,processed_rep65__cam4_s41448_rank116.jpg,TRUE,rep65,cam4,41448,116,0.9909355044364928,898.96063232421875,580.4503173828125,0.026030169799923897,925.1832275390625,598.99700927734375,0.014820542186498642,921.4371337890625,627.43524169921875,0.0389934666454792,918.155505107832,598.072644721907,879,1000,1000,FALSE,FALSE,1.0912359203484037,no issue,FALSE
frame117__s41809,C:/R_projects/spat_1f_noise/processed_feed\rep65\processed_rep65__cam4_s41809_rank117.jpg,processed_rep65__cam4_s41809_rank117.jpg,TRUE,rep65,cam4,41809,117,0.981419563293457,896.65838623046875,579.8853759765625,0.02635294757783413,921.5106201171875,599.7225341796875,0.011772419326007366,920.26800537109375,628.23846435546875,0.024871807545423508,915.9343715239155,596.6807563959956,897.5,1000,1000,FALSE,FALSE,1.5100661006227585,no issue,FALSE
frame118__s42169,C:/R_projects/spat_1f_noise/processed_feed\rep65\processed_rep65__cam4_s42169_rank118.jpg,processed_rep65__cam4_s42169_rank118.jpg,TRUE,rep65,cam4,42169,118,0.9661739468574524,835.52880859375,992.0655517578125,0.01088527962565422,876.577880859375,995.61395263671875,0.006303632166236639,839.26055908203125,984.968994140625,0.011236372403800488,860.0872781065088,989.6878698224853,679,1000,1000,TRUE,FALSE,-0.5255457735389946,no issue,FALSE
frame119__s42530,C:/R_projects/spat_1f_noise/processed_feed\rep65\processed_rep65__cam4_s42530_rank119.jpg,processed_rep65__cam4_s42530_rank119.jpg,TRUE,rep65,cam4,42530,119,0.972518265247345,928.2911376953125,581.9150390625,0.06577981263399124,929.506591796875,602.825439453125,0.010088769719004631,922.21380615234375,628.6558837890625,0.01866045407950878,923.8087818696883,602.256373937677,707.5,1000,1000,FALSE,FALSE,-0.24756505201578427,no issue,FALSE
frame120__s42890,C:/R_projects/spat_1f_noise/processed_feed\rep65\processed_rep65__cam4_s42890_rank120.jpg,processed_rep65__cam4_s42890_rank120.jpg,TRUE,rep65,cam4,42890,120,0.9742392301559448,899.22967529296875,991.4228515625,0.04777767136693001,864.42144775390625,987.79876708984375,0.007652925793081522,840.801513671875,986.5906982421875,0.012316152453422546,861.3375196232339,989.530612244898,639.5,1000,1000,TRUE,FALSE,-0.8300750735793829,no issue,FALSE
frame121__s43250,C:/R_projects/spat_1f_noise/processed_feed\rep65\processed_rep65__cam4_s43250_rank121.jpg,processed_rep65__cam4_s43250_rank121.jpg,TRUE,rep65,cam4,43250,121,0.9621383547782898,900.76776123046875,996.62725830078125,2.9134931564331055,874.823974609375,995.4228515625,0.0052526164799928665,900.76776123046875,996.62725830078125,0.04688410833477974,861.6616314199396,989.6858006042296,664.5,1000,1000,TRUE,FALSE,-0.5975032807339941,no issue,FALSE
frame122__s43611,C:/R_projects/spat_1f_noise/processed_feed\rep65\processed_rep65__cam4_s43611_rank122.jpg,processed_rep65__cam4_s43611_rank122.jpg,TRUE,rep65,cam4,43611,122,0.9620532393455504,899.96160888671875,996.68829345703125,0.77361661195755,877.68792724609375,995.46923828125,0.008865010924637318,840.5650634765625,986.93572998046875,0.014097568579018116,861.2090483619345,989.6474258970359,643.5,1000,1000,TRUE,FALSE,-0.795718261469084,no issue,FALSE
frame123__s43971,C:/R_projects/spat_1f_noise/processed_feed\rep65\processed_rep65__cam4_s43971_rank123.jpg,processed_rep65__cam4_s43971_rank123.jpg,TRUE,rep65,cam4,43971,123,0.966292142868042,901.2403564453125,990.8841552734375,0.018151020631194115,878.8941650390625,994.529052734375,0.008451427333056927,840.4090576171875,984.809326171875,0.013874845579266548,862.2188405797101,989.7463768115942,692.5,1000,1000,TRUE,FALSE,-0.2827910132043591,no issue,FALSE
frame124__s44332,C:/R_projects/spat_1f_noise/processed_feed\rep65\processed_rep65__cam4_s44332_rank124.jpg,processed_rep65__cam4_s44332_rank124.jpg,TRUE,rep65,cam4,44332,124,0.982956886291504,938.042724609375,585.01458740234375,0.13783639669418335,929.564453125,602.350341796875,0.014039909467101097,925.93084716796875,622.16253662109375,0.10393940657377243,929.7237635705669,599.3317249698432,832.5,1000,1000,FALSE,FALSE,0.989434546694091,no issue,FALSE
frame125__s44692,C:/R_projects/spat_1f_noise/processed_feed\rep65\processed_rep65__cam4_s44692_rank125.jpg,processed_rep65__cam4_s44692_rank125.jpg,TRUE,rep65,cam4,44692,125,0.9860055446624756,928.998779296875,564.1732177734375,0.07125165313482285,927.7744140625,592.57696533203125,0.02195383980870247,921.6522216796875,625.92041015625,0.030574265867471695,926.9201824401368,591.3580387685291,876,1000,1000,FALSE,FALSE,1.3635263051355946,no issue,FALSE
frame126__s45053,C:/R_projects/spat_1f_noise/processed_feed\rep65\processed_rep65__cam4_s45053_rank126.jpg,processed_rep65__cam4_s45053_rank126.jpg,TRUE,rep65,cam4,45053,126,0.9723787903785706,786.543701171875,131.6305694580078,0.11255932599306107,786.543701171875,111.85420989990234,0.013882901519536972,796.3563232421875,92.07783508300781,0.014125069603323936,790.1790235081374,109.83001808318264,551.5,1000,1000,FALSE,FALSE,-1.3335614209659883,no issue,FALSE
frame127__s45413,C:/R_projects/spat_1f_noise/processed_feed\rep65\processed_rep65__cam4_s45413_rank127.jpg,processed_rep65__cam4_s45413_rank127.jpg,TRUE,rep65,cam4,45413,127,0.9920479655265808,188.9269256591797,970.5655517578125,0.018523186445236206,153.021728515625,971.75787353515625,0.020954612642526627,119.59275817871094,963.41162109375,0.04192167520523071,154.70438799076211,968.0288683602771,867,1000,1000,FALSE,FALSE,1.3257367421664206,no issue,FALSE
frame128__s45773,C:/R_projects/spat_1f_noise/processed_feed\rep65\processed_rep65__cam4_s45773_rank128.jpg,processed_rep65__cam4_s45773_rank128.jpg,TRUE,rep65,cam4,45773,128,0.988515555858612,232.16900634765625,907.3426513671875,0.03032296895980835,202.1794891357422,928.533447265625,0.045604635030031204,179.68734741210938,940.9986572265625,0.02930654212832451,203.83333333333334,923.9795321637426,683,1000,1000,FALSE,FALSE,-0.16672345388513124,no issue,FALSE
frame129__s46134,C:/R_projects/spat_1f_noise/processed_feed\rep65\processed_rep65__cam4_s46134_rank129.jpg,processed_rep65__cam4_s46134_rank129.jpg,TRUE,rep65,cam4,46134,129,0.9896755814552308,238.54397583007813,921.29144287109375,0.030035508796572685,205.11666870117188,932.252685546875,0.018459558486938477,187.78399658203125,940.778076171875,0.11462422460317612,205.9570747217806,930.1112877583466,628,1000,1000,FALSE,FALSE,-0.500400376141648,no issue,FALSE
frame130__s46494,C:/R_projects/spat_1f_noise/processed_feed\rep65\processed_rep65__cam4_s46494_rank130.jpg,processed_rep65__cam4_s46494_rank130.jpg,TRUE,rep65,cam4,46494,130,0.9939019680023192,241.64901733398438,920.6636962890625,0.034389834851026535,205.57374572753906,931.7891845703125,0.025735564529895782,183.1822052001953,939.2060546875,0.12268222123384476,207.30601092896174,929.4275956284152,731.5,1000,1000,FALSE,FALSE,0.47701486811776916,no issue,FALSE
frame131__s46855,C:/R_projects/spat_1f_noise/processed_feed\rep65\processed_rep65__cam4_s46855_rank131.jpg,processed_rep65__cam4_s46855_rank131.jpg,TRUE,rep65,cam4,46855,131,0.9845753908157348,236.72293090820313,920.3748779296875,0.02253814972937107,205.8916015625,931.552978515625,0.02783406339585781,184.92630004882813,939.0050048828125,0.028672462329268456,204.5067264573991,929.7698056801196,668.5,1000,1000,FALSE,FALSE,0.015429983488471412,no issue,FALSE
frame132__s47215,C:/R_projects/spat_1f_noise/processed_feed\rep65\processed_rep65__cam4_s47215_rank132.jpg,processed_rep65__cam4_s47215_rank132.jpg,TRUE,rep65,cam4,47215,132,0.9931538105010986,239.50714111328125,921.27655029296875,0.03191319480538368,206.08367919921875,932.1611328125,0.03004249557852745,175.1360321044922,943.04559326171875,0.030319374054670334,207.83771929824562,929.546783625731,683,1000,1000,FALSE,FALSE,0.2638650271353972,no issue,FALSE
frame133__s47576,C:/R_projects/spat_1f_noise/processed_feed\rep65\processed_rep65__cam4_s47576_rank133.jpg,processed_rep65__cam4_s47576_rank133.jpg,TRUE,rep65,cam4,47576,133,0.992281138896942,242.32666015625,919.8021240234375,0.03218846768140793,207.7013397216797,931.8660888671875,0.02847256511449814,187.91542053222656,939.1044921875,0.2048760950565338,207.16143497757847,929.5919282511211,669,1000,1000,FALSE,FALSE,0.2460768123498716,no issue,FALSE
frame134__s47936,C:/R_projects/spat_1f_noise/processed_feed\rep65\processed_rep65__cam4_s47936_rank134.jpg,processed_rep65__cam4_s47936_rank134.jpg,TRUE,rep65,cam4,47936,134,0.9952322840690612,179.35421752929688,939.4779052734375,0.05814983695745468,202.83978271484375,933.24945068359375,0.03465384989976883,179.35421752929688,939.4779052734375,1.3745955228805542,208.35285714285715,929.0185714285715,700.5,1000,1000,FALSE,FALSE,0.6006904558778998,no issue,FALSE
frame135__s48296,C:/R_projects/spat_1f_noise/processed_feed\rep65\processed_rep65__cam4_s48296_rank135.jpg,processed_rep65__cam4_s48296_rank135.jpg,TRUE,rep65,cam4,48296,135,0.9933163523674012,232.5092315673828,925.5791015625,0.022607628256082535,203.00823974609375,934.02716064453125,0.023250967264175415,174.7364501953125,943.6822509765625,0.024665769189596176,203.67474048442907,931.9602076124568,578,1000,1000,FALSE,FALSE,-0.6356921003567861,no issue,FALSE
frame136__s48657,C:/R_projects/spat_1f_noise/processed_feed\rep65\processed_rep65__cam4_s48657_rank136.jpg,processed_rep65__cam4_s48657_rank136.jpg,TRUE,rep65,cam4,48657,136,0.9951424598693848,231.1671142578125,928.4718017578125,0.023244109004735947,197.6216278076172,934.682373046875,0.019502220675349236,174.01556396484375,944.6192626953125,0.02615528367459774,202.7839116719243,932.2034700315457,635,1000,1000,FALSE,FALSE,-0.02598233903309494,no issue,FALSE
frame137__s49017,C:/R_projects/spat_1f_noise/processed_feed\rep65\processed_rep65__cam4_s49017_rank137.jpg,processed_rep65__cam4_s49017_rank137.jpg,TRUE,rep65,cam4,49017,137,0.9947221279144288,234.81597900390625,926.775634765625,0.02134866453707218,205.16229248046875,932.85205078125,0.028074078261852264,176.74420166015625,942.5740966796875,0.02578091435134411,205.34970238095238,931.5238095238095,672,1000,1000,FALSE,FALSE,0.33558333691892805,no issue,FALSE
frame138__s49378,C:/R_projects/spat_1f_noise/processed_feed\rep65\processed_rep65__cam4_s49378_rank138.jpg,processed_rep65__cam4_s49378_rank138.jpg,TRUE,rep65,cam4,49378,138,0.995657444000244,226.61932373046875,926.1719970703125,0.019887184724211693,200.7052001953125,935.9781494140625,0.030842581763863564,174.79110717773438,944.5584716796875,0.031248562037944794,201.34980988593156,933.0817490494296,526,1000,1000,FALSE,FALSE,-1.0532760049944347,no issue,FALSE
frame139__s49738,C:/R_projects/spat_1f_noise/processed_feed\rep65\processed_rep65__cam4_s49738_rank139.jpg,processed_rep65__cam4_s49738_rank139.jpg,TRUE,rep65,cam4,49738,139,0.9951600432395936,236.54217529296875,924.137939453125,0.02676556259393692,210.42254638671875,933.814208984375,0.03240767493844032,176.84019470214844,942.281005859375,0.0327959880232811,204.23893805309734,932.3893805309734,565.5,1000,1000,FALSE,FALSE,-0.6417151236479761,no issue,FALSE
frame140__s50098,C:/R_projects/spat_1f_noise/processed_feed\rep65\processed_rep65__cam4_s50098_rank140.jpg,processed_rep65__cam4_s50098_rank140.jpg,TRUE,rep65,cam4,50098,140,0.994387686252594,238.8514862060547,924.31201171875,0.02848675474524498,209.306640625,934.295654296875,0.03085182048380375,176.06871032714844,943.0313720703125,0.030306799337267876,205.63307086614174,932.4393700787401,634.5,1000,1000,FALSE,FALSE,0.10052961815052967,no issue,FALSE
frame141__s50459,C:/R_projects/spat_1f_noise/processed_feed\rep65\processed_rep65__cam4_s50459_rank141.jpg,processed_rep65__cam4_s50459_rank141.jpg,TRUE,rep65,cam4,50459,141,0.9942413568496704,222.48959350585938,924.8841552734375,0.021866917610168457,196.58433532714844,934.51513671875,0.023755939677357674,173.146240234375,944.14617919921875,0.03371620923280716,198.22050290135397,932.6170212765958,517,1000,1000,FALSE,FALSE,-1.2028813658611615,no issue,FALSE
frame142__s50819,C:/R_projects/spat_1f_noise/processed_feed\rep65\processed_rep65__cam4_s50819_rank142.jpg,processed_rep65__cam4_s50819_rank142.jpg,TRUE,rep65,cam4,50819,142,0.9883868098258972,230.7221221923828,923.8514404296875,0.017844978719949722,202.37890625,932.289306640625,0.03745079040527344,172.8033447265625,944.34326171875,0.030482707545161247,202.3611584327087,930.6166950596252,587.5,1000,1000,FALSE,FALSE,-0.37238699820015675,no issue,FALSE
frame143__s51180,C:/R_projects/spat_1f_noise/processed_feed\rep65\processed_rep65__cam4_s51180_rank143.jpg,processed_rep65__cam4_s51180_rank143.jpg,TRUE,rep65,cam4,51180,143,0.9937561750411988,235.7269287109375,925.076904296875,0.018800385296344757,202.280517578125,932.3961181640625,0.0314849317073822,171.3116455078125,944.5947265625,0.029021533206105232,203.43536404160474,931.0505200594354,673,1000,1000,FALSE,FALSE,0.9375877036660709,no issue,FALSE
frame144__s51540,C:/R_projects/spat_1f_noise/processed_feed\rep65\processed_rep65__cam4_s51540_rank144.jpg,processed_rep65__cam4_s51540_rank144.jpg,TRUE,rep65,cam4,51540,144,0.991401731967926,210.7738037109375,922.283203125,0.013370690867304802,189.74942016601563,939.569580078125,0.014677745290100574,172.4352264404297,943.2738037109375,0.45281901955604553,190.1931330472103,935.5321888412017,466,1000,1000,FALSE,FALSE,-2.116454147359326,too small,FALSE
frame145__s51900,C:/R_projects/spat_1f_noise/processed_feed\rep65\processed_rep65__cam4_s51900_rank145.jpg,processed_rep65__cam4_s51900_rank145.jpg,TRUE,rep65,cam4,51900,145,0.984428882598877,211.43569946289063,922.1448974609375,0.007537799887359142,189.30999755859375,940.8009033203125,0.021063633263111115,172.10113525390625,943.2884521484375,2.5088369846343994,192.51816443594646,935.4130019120458,523,1000,1000,FALSE,FALSE,-1.2658497121242798,no issue,FALSE
frame146__s52261,C:/R_projects/spat_1f_noise/processed_feed\rep65\processed_rep65__cam4_s52261_rank146.jpg,processed_rep65__cam4_s52261_rank146.jpg,TRUE,rep65,cam4,52261,146,0.976967453956604,234.17538452148438,937.7784423828125,0.014335071668028831,197.0889434814453,940.1246337890625,0.009633603505790234,174.83709716796875,943.6439208984375,0.7465721368789673,202.59599332220367,938.9983305509182,599.5,1000,1000,FALSE,FALSE,-0.03956635173370402,no issue,FALSE
frame147__s52621,C:/R_projects/spat_1f_noise/processed_feed\rep65\processed_rep65__cam4_s52621_rank147.jpg,processed_rep65__cam4_s52621_rank147.jpg,TRUE,rep65,cam4,52621,147,0.9749641418457032,225.75689697265625,938.8447265625,0.012981782667338848,198.44577026367188,942.5538330078125,0.018620159476995468,172.37608337402344,943.79022216796875,0.015362495556473732,198.22619047619048,940.8333333333334,504,1000,1000,FALSE,FALSE,-1.3841453924535683,no issue,FALSE
frame148__s52982,C:/R_projects/spat_1f_noise/processed_feed\rep65\processed_rep65__cam4_s52982_rank148.jpg,processed_rep65__cam4_s52982_rank148.jpg,TRUE,rep65,cam4,52982,148,0.9714345932006836,230.7393798828125,938.29925537109375,0.015823176130652428,199.7950439453125,941.957275390625,0.016239941120147705,175.03958129882813,943.17657470703125,0.10976177453994751,199.83193277310923,939.7747899159664,595,1000,1000,FALSE,FALSE,-0.1280855216660564,no issue,FALSE
frame149__s53342,C:/R_projects/spat_1f_noise/processed_feed\rep65\processed_rep65__cam4_s53342_rank149.jpg,processed_rep65__cam4_s53342_rank149.jpg,TRUE,rep65,cam4,53342,149,0.9722260236740112,233.68011474609375,937.4263916015625,0.015875279903411865,201.68460083007813,942.085205078125,0.015418754890561104,177.0726776123047,944.41455078125,1.1057435274124146,200.90442477876107,940.1964601769912,565.5,1000,1000,FALSE,FALSE,-0.5395098833650405,no issue,FALSE
frame150__s53703,C:/R_projects/spat_1f_noise/processed_feed\rep65\processed_rep65__cam4_s53703_rank150.jpg,processed_rep65__cam4_s53703_rank150.jpg,TRUE,rep65,cam4,53703,150,0.9832081198692322,169.75222778320313,943.8607177734375,0.03517952933907509,194.68695068359375,940.2161865234375,0.01580405794084072,169.75222778320313,943.8607177734375,2.8944358825683594,202.3746312684366,939.5648967551623,679,1000,1000,FALSE,FALSE,1.0113970984720388,no issue,FALSE
frame151__s54063,C:/R_projects/spat_1f_noise/processed_feed\rep65\processed_rep65__cam4_s54063_rank151.jpg,processed_rep65__cam4_s54063_rank151.jpg,TRUE,rep65,cam4,54063,151,0.9963087439537048,218.10523986816406,957.61114501953125,0.026629431173205376,190.87913513183594,941.92498779296875,0.01231433916836977,171.07833862304688,945.544921875,0.039537809789180756,193.6841155234657,944.9873646209386,553.5,1000,1000,FALSE,FALSE,-0.7049592791581601,no issue,FALSE
frame152__s54423,C:/R_projects/spat_1f_noise/processed_feed\rep65\processed_rep65__cam4_s54423_rank152.jpg,processed_rep65__cam4_s54423_rank152.jpg,TRUE,rep65,cam4,54423,152,0.99582701921463,216.2802276611328,960.76177978515625,0.20850706100463867,203.99290466308594,951.087890625,0.033651240170001984,170.81710815429688,945.0416259765625,0.03208202123641968,198.0546762589928,947.9338129496402,694,1000,1000,FALSE,FALSE,1.1187835801544495,no issue,FALSE
frame153__s54784,C:/R_projects/spat_1f_noise/processed_feed\rep65\processed_rep65__cam4_s54784_rank153.jpg,processed_rep65__cam4_s54784_rank153.jpg,TRUE,rep65,cam4,54784,153,0.983475923538208,693.723388671875,774.7330322265625,0.28115400671958923,699.86639404296875,760.00115966796875,0.018367543816566467,693.723388671875,774.7330322265625,0.14101293683052063,701.1603960396039,754.0851485148515,504.5,1000,1000,FALSE,FALSE,-1.2139755585463274,no issue,FALSE
frame154__s55144,C:/R_projects/spat_1f_noise/processed_feed\rep65\processed_rep65__cam4_s55144_rank154.jpg,processed_rep65__cam4_s55144_rank154.jpg,TRUE,rep65,cam4,55144,154,0.9965997338294984,600.5118408203125,871.704833984375,0.015648014843463898,626.74432373046875,879.17138671875,0.019223762676119804,652.97674560546875,865.4827880859375,0.019934335723519325,627.7093023255813,873.3255813953489,600,1000,1000,FALSE,FALSE,-0.021442231540138284,no issue,FALSE
frame155__s55505,C:/R_projects/spat_1f_noise/processed_feed\rep65\processed_rep65__cam4_s55505_rank155.jpg,processed_rep65__cam4_s55505_rank155.jpg,TRUE,rep65,cam4,55505,155,0.9929072856903076,607.539794921875,855.387939453125,0.018156204372644424,627.47540283203125,874.0587158203125,0.022498266771435738,653.640869140625,865.345703125,0.03028760477900505,628.0809968847352,867.0607476635514,642.5,1000,1000,FALSE,FALSE,0.4952748901360015,no issue,FALSE
frame156__s55865,C:/R_projects/spat_1f_noise/processed_feed\rep65\processed_rep65__cam4_s55865_rank156.jpg,processed_rep65__cam4_s55865_rank156.jpg,TRUE,rep65,cam4,55865,156,0.9928416013717652,607.61749267578125,854.4097900390625,0.0210714191198349,627.41644287109375,873.9027099609375,0.011535032652318478,653.402587890625,867.81121826171875,0.021918874233961105,628.1428571428571,867.1845906902087,623.5,1000,1000,FALSE,FALSE,0.31001111296499195,no issue,FALSE
frame157__s56225,C:/R_projects/spat_1f_noise/processed_feed\rep65\processed_rep65__cam4_s56225_rank157.jpg,processed_rep65__cam4_s56225_rank157.jpg,TRUE,rep65,cam4,56225,157,0.9895893931388856,608.7783203125,865.85137939453125,0.015380609780550003,632.168212890625,877.05145263671875,0.022620216012001038,653.0960693359375,867.0958251953125,0.016508018597960472,629.035472972973,871.1908783783783,592.5,1000,1000,FALSE,FALSE,-0.034862319571293564,no issue,FALSE
frame158__s56586,C:/R_projects/spat_1f_noise/processed_feed\rep65\processed_rep65__cam4_s56586_rank158.jpg,processed_rep65__cam4_s56586_rank158.jpg,TRUE,rep65,cam4,56586,158,0.9508022665977478,608.2969970703125,864.42816162109375,0.011072348803281784,631.8651123046875,876.91314697265625,0.014269068837165833,652.952392578125,868.1737060546875,0.017979850992560387,630.339558573854,871.2716468590831,589,1000,1000,FALSE,FALSE,-0.05522572640453508,no issue,FALSE
frame159__s56946,C:/R_projects/spat_1f_noise/processed_feed\rep65\processed_rep65__cam4_s56946_rank159.jpg,processed_rep65__cam4_s56946_rank159.jpg,TRUE,rep65,cam4,56946,159,0.9890264868736268,612.5699462890625,847.42584228515625,0.013854878954589367,626.283447265625,870.87982177734375,0.014296287670731544,652.463623046875,867.17657470703125,0.029882827773690224,630.4270015698587,864.5431711145997,638.5,1000,1000,FALSE,FALSE,0.5822280319977378,no issue,FALSE
frame160__s57307,C:/R_projects/spat_1f_noise/processed_feed\rep65\processed_rep65__cam4_s57307_rank160.jpg,processed_rep65__cam4_s57307_rank160.jpg,TRUE,rep65,cam4,57307,160,0.9914546012878418,593.10064697265625,841.5712890625,0.04271328076720238,621.7977294921875,862.5977783203125,0.039717961102724075,635.52239990234375,876.2032470703125,0.2817571461200714,617.4643423137876,857.1188589540412,630.5,1000,1000,FALSE,FALSE,0.4938983680481767,no issue,FALSE
frame161__s57667,C:/R_projects/spat_1f_noise/processed_feed\rep65\processed_rep65__cam4_s57667_rank161.jpg,processed_rep65__cam4_s57667_rank161.jpg,TRUE,rep65,cam4,57667,161,0.978751301765442,601.6624755859375,844.64208984375,0.03358013927936554,612.910888671875,855.68310546875,0.02339634858071804,625.40911865234375,866.7242431640625,0.6084915399551392,615.0472727272727,854.7290909090909,552.5,1000,1000,FALSE,FALSE,-0.37234813354153745,no issue,FALSE
frame162__s58028,C:/R_projects/spat_1f_noise/processed_feed\rep65\processed_rep65__cam4_s58028_rank162.jpg,processed_rep65__cam4_s58028_rank162.jpg,TRUE,rep65,cam4,58028,162,0.9677804708480836,955.70379638671875,343.72515869140625,0.04623423144221306,954.483154296875,370.93463134765625,0.014363239519298077,950.82147216796875,393.19696044921875,0.7565035820007324,953.4987834549878,364.43917274939173,826.5,1000,1000,FALSE,FALSE,2.610715132490922,too big,FALSE
frame163__s58388,C:/R_projects/spat_1f_noise/processed_feed\rep65\processed_rep65__cam4_s58388_rank163.jpg,processed_rep65__cam4_s58388_rank163.jpg,TRUE,rep65,cam4,58388,163,0.9919134378433228,102.20152282714844,938.61175537109375,0.07986973971128464,123.3859634399414,941.08740234375,0.02024288848042488,149.55499267578125,931.1846923828125,0.022453688085079193,124.99499165275459,934.7078464106845,598,1000,1000,FALSE,FALSE,0.11578182669724553,no issue,FALSE
frame164__s58748,C:/R_projects/spat_1f_noise/processed_feed\rep65\processed_rep65__cam4_s58748_rank164.jpg,processed_rep65__cam4_s58748_rank164.jpg,TRUE,rep65,cam4,58748,164,0.9916491508483888,12.926433563232422,837.64532470703125,0.01006980799138546,49.77651596069336,844.90234375,0.01435837708413601,70.658233642578125,861.83526611328125,0.012032751925289631,42.17112299465241,843.2727272727273,745.5,1000,1000,TRUE,FALSE,1.7249096573559644,no issue,FALSE
frame165__s59109,C:/R_projects/spat_1f_noise/processed_feed\rep65\processed_rep65__cam4_s59109_rank165.jpg,processed_rep65__cam4_s59109_rank165.jpg,TRUE,rep65,cam4,59109,165,0.9924880266189576,13.249058723449707,836.126708984375,0.01168945711106062,49.0104866027832,844.63507080078125,0.013845950365066528,65.041473388671875,851.927978515625,0.04603665694594383,42.14833333333333,842.6383333333333,597.5,1000,1000,TRUE,FALSE,0.09090144052689751,no issue,FALSE
frame166__s59469,C:/R_projects/spat_1f_noise/processed_feed\rep65\processed_rep65__cam4_s59469_rank166.jpg,processed_rep65__cam4_s59469_rank166.jpg,TRUE,rep65,cam4,59469,166,0.9936909675598145,63.15279006958008,855.5196533203125,0.0554155558347702,51.99695587158203,845.61395263671875,0.01839987374842167,63.15279006958008,855.5196533203125,0.1870427131652832,42.81304347826087,843.7550724637681,688,1000,1000,TRUE,FALSE,1.099976051820464,no issue,FALSE
frame167__s59830,C:/R_projects/spat_1f_noise/processed_feed\rep65\processed_rep65__cam4_s59830_rank167.jpg,processed_rep65__cam4_s59830_rank167.jpg,TRUE,rep65,cam4,59830,167,0.9957231283187866,12.320215225219727,837.293212890625,0.01693400740623474,50.60270309448242,845.9498291015625,0.01865570992231369,61.71696472167969,855.84320068359375,0.052686892449855804,43.833333333333336,844.3154761904761,670.5,1000,1000,TRUE,FALSE,0.8732562391995747,no issue,FALSE
frame168__s60190,C:/R_projects/spat_1f_noise/processed_feed\rep65\processed_rep65__cam4_s60190_rank168.jpg,processed_rep65__cam4_s60190_rank168.jpg,TRUE,rep65,cam4,60190,168,0.9913525581359864,43.342559814453125,823.29278564453125,0.006855108309537172,57.0561637878418,846.5018310546875,0.008486496284604073,53.31609344482422,818.40667724609375,0.10198181122541428,53.581545064377686,841.0386266094421,464.5,1000,1000,FALSE,FALSE,-1.3123768967301068,no issue,FALSE
frame169__s60550,C:/R_projects/spat_1f_noise/processed_feed\rep65\processed_rep65__cam4_s60550_rank169.jpg,processed_rep65__cam4_s60550_rank169.jpg,TRUE,rep65,cam4,60550,169,0.9696509838104248,46.18434143066406,862.82928466796875,0.005628038663417101,63.675594329833984,849.4835205078125,0.016107972711324692,59.92746353149414,860.40283203125,0.030342355370521545,57.013182674199626,848.8474576271186,532,1000,1000,FALSE,FALSE,-0.587150328224878,no issue,FALSE
frame170__s60911,C:/R_projects/spat_1f_noise/processed_feed\rep65\processed_rep65__cam4_s60911_rank170.jpg,processed_rep65__cam4_s60911_rank170.jpg,TRUE,rep65,cam4,60911,170,0.9789207577705384,27.417192459106445,849.59417724609375,0.009302876889705658,62.215538024902344,849.59417724609375,0.007807758636772633,70.915130615234375,858.20001220703125,0.03387554734945297,50.21475409836066,850.1803278688525,610,1000,1000,FALSE,FALSE,0.20940375135667957,no issue,FALSE
frame171__s61271,C:/R_projects/spat_1f_noise/processed_feed\rep65\processed_rep65__cam4_s61271_rank171.jpg,processed_rep65__cam4_s61271_rank171.jpg,TRUE,rep65,cam4,61271,171,0.9915737509727478,34.912837982177734,841.42816162109375,0.007722584530711174,61.81922912597656,848.7266845703125,0.01876669190824032,70.38035583496094,858.4580078125,0.04530409350991249,55.39578947368421,845.8,471,1000,1000,FALSE,FALSE,-1.1377928157225643,no issue,FALSE
frame172__s61632,C:/R_projects/spat_1f_noise/processed_feed\rep65\processed_rep65__cam4_s61632_rank172.jpg,processed_rep65__cam4_s61632_rank172.jpg,TRUE,rep65,cam4,61632,172,0.9954244494438172,38.090553283691406,835.92742919921875,0.031222423538565636,63.85894012451172,849.352294921875,0.021764716133475304,71.22132873535156,859.11572265625,0.14535632729530334,56.40044742729307,844.3982102908277,443.5,1000,1000,FALSE,FALSE,-1.3822859736420408,no issue,FALSE
frame173__s61992,C:/R_projects/spat_1f_noise/processed_feed\rep65\processed_rep65__cam4_s61992_rank173.jpg,processed_rep65__cam4_s61992_rank173.jpg,TRUE,rep65,cam4,61992,173,0.9842708706855774,71.50017547607422,860.734375,0.06169060990214348,65.33186340332031,849.8095703125,0.018674522638320923,71.50017547607422,860.734375,0.24800744652748108,59.291044776119406,847.1679104477612,534.5,1000,1000,FALSE,FALSE,-0.5107001555082821,no issue,FALSE
frame174__s62353,C:/R_projects/spat_1f_noise/processed_feed\rep65\processed_rep65__cam4_s62353_rank174.jpg,processed_rep65__cam4_s62353_rank174.jpg,TRUE,rep65,cam4,62353,174,0.9738392233848572,68.52622985839844,859.2515869140625,0.08295769989490509,64.826416015625,849.6165771484375,0.016415871679782867,52.493682861328125,844.799072265625,0.0486113540828228,58.2962962962963,846.175925925926,429.5,1000,1000,FALSE,FALSE,-1.5360388591476941,no issue,FALSE
frame175__s62713,C:/R_projects/spat_1f_noise/processed_feed\rep65\processed_rep65__cam4_s62713_rank175.jpg,processed_rep65__cam4_s62713_rank175.jpg,TRUE,rep65,cam4,62713,175,0.9641854166984558,70.84577941894531,859.32672119140625,0.008184468373656273,64.63822937011719,849.63348388671875,0.01145386416465044,52.22313690185547,843.5751953125,0.020835474133491516,56.236559139784944,845.9032258064516,463.5,1000,1000,FALSE,FALSE,-1.2031713091300889,no issue,FALSE
frame176__s63073,C:/R_projects/spat_1f_noise/processed_feed\rep65\processed_rep65__cam4_s63073_rank176.jpg,processed_rep65__cam4_s63073_rank176.jpg,TRUE,rep65,cam4,63073,176,0.989224374294281,68.7493896484375,864.6517333984375,0.00829371064901352,65.03520965576172,849.77105712890625,0.01870633475482464,43.9881591796875,842.3306884765625,0.015343675389885902,60.402255639097746,847.7218045112782,530.5,1000,1000,FALSE,FALSE,-0.5570797855363023,no issue,FALSE
frame177__s63434,C:/R_projects/spat_1f_noise/processed_feed\rep65\processed_rep65__cam4_s63434_rank177.jpg,processed_rep65__cam4_s63434_rank177.jpg,TRUE,rep65,cam4,63434,177,0.930062472820282,60.78453826904297,838.30633544921875,0.007626463193446398,65.60944366455078,848.0526123046875,0.00851527415215969,64.4032211303711,862.67205810546875,0.006608623545616865,59.83584337349398,850,664,1000,1000,FALSE,FALSE,0.6822594914658789,no issue,FALSE
frame178__s63794,C:/R_projects/spat_1f_noise/processed_feed\rep65\processed_rep65__cam4_s63794_rank178.jpg,processed_rep65__cam4_s63794_rank178.jpg,TRUE,rep65,cam4,63794,178,0.9220213294029236,63.24123764038086,859.2659912109375,0.010173512622714043,65.69083404541016,848.040771484375,0.01343503873795271,73.03962707519531,858.01873779296875,0.0427253432571888,60.9648033126294,847.35610766045545,477.5,1000,1000,FALSE,FALSE,-1.1206427833208805,no issue,FALSE
frame179__s64155,C:/R_projects/spat_1f_noise/processed_feed\rep65\processed_rep65__cam4_s64155_rank179.jpg,processed_rep65__cam4_s64155_rank179.jpg,TRUE,rep65,cam4,64155,179,0.9553178548812866,57.08380889892578,862.09649658203125,0.14497846364974976,68.263763427734375,853.53466796875,0.00733980955556035,65.779327392578125,865.765869140625,0.14069871604442596,62.46808510638298,852.8386524822695,562,1000,1000,FALSE,FALSE,-0.3033333612808946,no issue,FALSE
frame180__s64515,C:/R_projects/spat_1f_noise/processed_feed\rep65\processed_rep65__cam4_s64515_rank180.jpg,processed_rep65__cam4_s64515_rank180.jpg,TRUE,rep65,cam4,64515,180,0.9900920987129213,60.28211975097656,874.998291015625,1.0575025081634521,65.1597671508789,857.8529052734375,0.017757082358002663,68.8179931640625,841.9322509765625,0.09411770105361938,61.981735159817354,857.9695585996956,652,1000,1000,FALSE,FALSE,0.6413628244579002,no issue,FALSE
frame181__s64876,C:/R_projects/spat_1f_noise/processed_feed\rep65\processed_rep65__cam4_s64876_rank181.jpg,processed_rep65__cam4_s64876_rank181.jpg,TRUE,rep65,cam4,64876,181,0.988661527633667,55.76961135864258,876.8336181640625,0.2552517354488373,61.85409927368164,863.1224365234375,0.013240564614534378,66.72169494628906,844.4251708984375,0.040244799107313156,61.60128617363344,858.3344051446945,620.5,1000,1000,FALSE,FALSE,0.26306096298146625,no issue,FALSE
frame182__s65236,C:/R_projects/spat_1f_noise/processed_feed\rep65\processed_rep65__cam4_s65236_rank182.jpg,processed_rep65__cam4_s65236_rank182.jpg,TRUE,rep65,cam4,65236,182,0.9895222783088684,57.78472900390625,881.20166015625,0.34496361017227173,61.501953125,861.4755859375,0.006598397623747587,70.17546844482422,835.5850830078125,0.023362133651971817,61.261205564142195,856.8825347758888,645.5,1000,1000,FALSE,FALSE,0.48865193720033295,no issue,FALSE
frame183__s65597,C:/R_projects/spat_1f_noise/processed_feed\rep65\processed_rep65__cam4_s65597_rank183.jpg,processed_rep65__cam4_s65597_rank183.jpg,TRUE,rep65,cam4,65597,183,0.9878852963447572,63.98105239868164,883.19830322265625,1.6870254278182983,55.390655517578125,870.77935791015625,0.007009654305875301,70.11705017089844,836.00634765625,0.021358182653784752,61.19117647058823,862.0073529411765,811,1000,1000,FALSE,FALSE,1.8429899412225046,no issue,FALSE
frame184__s65957,C:/R_projects/spat_1f_noise/processed_feed\rep65\processed_rep65__cam4_s65957_rank184.jpg,processed_rep65__cam4_s65957_rank184.jpg,TRUE,rep65,cam4,65957,184,0.967062771320343,70.98181915283203,855.23565673828125,0.014707928523421288,72.18245697021484,845.3896484375,0.004949095193296671,70.98181915283203,855.23565673828125,0.2190714180469513,75.33715596330275,840.1376146788991,433.5,1000,1000,FALSE,FALSE,-1.5652825378664093,no issue,FALSE
frame185__s66317,C:/R_projects/spat_1f_noise/processed_feed\rep65\processed_rep65__cam4_s66317_rank185.jpg,processed_rep65__cam4_s66317_rank185.jpg,TRUE,rep65,cam4,66317,185,0.9792596101760864,73.02063751220703,859.0133056640625,0.4068739116191864,65.65214538574219,847.87420654296875,0.008024207316339016,52.14323425292969,828.071533203125,0.010595240630209446,61.22355289421158,841.3792415169661,503,1000,1000,FALSE,FALSE,-0.9827147634184831,no issue,FALSE
frame186__s66678,C:/R_projects/spat_1f_noise/processed_feed\rep65\processed_rep65__cam4_s66678_rank186.jpg,processed_rep65__cam4_s66678_rank186.jpg,TRUE,rep65,cam4,66678,186,0.9660016894340516,62.84321594238281,827.47998046875,0.020193247124552727,65.24029541015625,842.338623046875,0.006982418242841959,68.83589935302734,857.19720458984375,0.15134213864803314,69.7872340425532,837.4975450081834,610.5,1000,1000,FALSE,FALSE,-0.03353899401179948,no issue,FALSE
frame187__s67038,C:/R_projects/spat_1f_noise/processed_feed\rep65\processed_rep65__cam4_s67038_rank187.jpg,processed_rep65__cam4_s67038_rank187.jpg,TRUE,rep65,cam4,67038,187,0.9922603964805604,26.603944778442383,837.47198486328125,0.011143379844725132,61.54594421386719,847.2398681640625,0.02096450701355934,70.28144836425781,864.3336181640625,0.014325754716992378,51.10727272727273,844.0472727272727,547.5,1000,1000,TRUE,FALSE,-0.68071827466783,no issue,FALSE
frame188__s67399,C:/R_projects/spat_1f_noise/processed_feed\rep65\processed_rep65__cam4_s67399_rank188.jpg,processed_rep65__cam4_s67399_rank188.jpg,TRUE,rep65,cam4,67399,188,0.9825260639190674,63.62480163574219,854.259765625,0.012641815468668938,49.8907470703125,846.85308837890625,0.013008125126361847,28.6653995513916,841.915283203125,0.021905086934566498,43.72289156626506,844.3975903614457,662.5,1000,1000,TRUE,FALSE,0.30820413985423745,no issue,FALSE
frame189__s67759,C:/R_projects/spat_1f_noise/processed_feed\rep65\processed_rep65__cam4_s67759_rank189.jpg,processed_rep65__cam4_s67759_rank189.jpg,TRUE,rep65,cam4,67759,189,0.9956403970718384,21.812698364257813,837.9359130859375,0.012697176076471806,51.689903259277344,846.367431640625,0.014743206091225147,67.8733901977539,852.38983154296875,0.017498351633548737,48.06279434850863,844.9026687598116,633.5,1000,1000,TRUE,FALSE,-0.009618327061766891,no issue,FALSE
frame190__s68120,C:/R_projects/spat_1f_noise/processed_feed\rep65\processed_rep65__cam4_s68120_rank190.jpg,processed_rep65__cam4_s68120_rank190.jpg,TRUE,rep65,cam4,68120,190,0.9945671558380128,405.32244873046875,362.2850036621094,5.07776403427124,407.7783203125,342.6458740234375,0.024546673521399498,418.8298034667969,315.6420593261719,0.03184887766838074,410.283606557377,336.94590163934424,611,1000,1000,FALSE,FALSE,-0.28113103071916845,no issue,FALSE
frame191__s68480,C:/R_projects/spat_1f_noise/processed_feed\rep65\processed_rep65__cam4_s68480_rank191.jpg,processed_rep65__cam4_s68480_rank191.jpg,TRUE,rep65,cam4,68480,191,0.9943086504936218,243.75265502929688,922.80609130859375,0.24979281425476074,215.2549591064453,921.5770263671875,0.02176729217171669,180.56210327148438,906.8280029296875,0.03803747892379761,211.90171606864274,916.804992199688,641,1000,1000,FALSE,FALSE,0.010458473666050272,no issue,FALSE
frame192__s68840,C:/R_projects/spat_1f_noise/processed_feed\rep65\processed_rep65__cam4_s68840_rank192.jpg,processed_rep65__cam4_s68840_rank192.jpg,TRUE,rep65,cam4,68840,192,0.9977144002914428,591.75897216796875,864.67340087890625,0.01331071276217699,588.0196533203125,891.86737060546875,0.02450156956911087,573.0623779296875,912.88092041015625,0.017267100512981415,585.029197080292,887.6102189781022,688,1000,1000,FALSE,FALSE,0.5056041584539015,no issue,FALSE
frame193__s69201,C:/R_projects/spat_1f_noise/processed_feed\rep65\processed_rep65__cam4_s69201_rank193.jpg,processed_rep65__cam4_s69201_rank193.jpg,TRUE,rep65,cam4,69201,193,0.9961687922477722,600.24542236328125,858.8372802734375,0.027918711304664612,590.4794921875,888.37939453125,0.03062756173312664,572.16845703125,912.99774169921875,0.01662876084446907,587.0559167750325,885.4252275682704,770.5,1000,1000,FALSE,FALSE,1.370358841821973,no issue,FALSE
frame194__s69561,C:/R_projects/spat_1f_noise/processed_feed\rep65\processed_rep65__cam4_s69561_rank194.jpg,processed_rep65__cam4_s69561_rank194.jpg,TRUE,rep65,cam4,69561,194,0.994872748851776,598.87359619140625,864.6025390625,0.014518139883875847,589.103759765625,891.6365966796875,0.026823576539754868,582.99755859375,910.0689697265625,0.029333865270018578,586.4819277108434,887.0888554216867,666.5,1000,1000,FALSE,FALSE,0.26213361149652586,no issue,FALSE
frame195__s69922,C:/R_projects/spat_1f_noise/processed_feed\rep65\processed_rep65__cam4_s69922_rank195.jpg,processed_rep65__cam4_s69922_rank195.jpg,TRUE,rep65,cam4,69922,195,0.9943944215774536,591.951171875,859.87646484375,0.012234928086400032,591.951171875,889.6781005859375,0.021010050550103188,585.79931640625,908.30413818359375,0.018210409209132195,587.2684887459807,886.676848874598,625.5,1000,1000,FALSE,FALSE,-0.23806775091057697,no issue,FALSE
frame196__s70282,C:/R_projects/spat_1f_noise/processed_feed\rep65\processed_rep65__cam4_s70282_rank196.jpg,processed_rep65__cam4_s70282_rank196.jpg,TRUE,rep65,cam4,70282,196,0.995373785495758,599.3699951171875,865.0023193359375,0.01196061260998249,590.66510009765625,891.02569580078125,0.02762935683131218,581.960205078125,908.3746337890625,0.1551319807767868,586.553450608931,888.8119079837618,741.5,1000,1000,FALSE,FALSE,0.9440866110652189,no issue,FALSE
frame197__s70643,C:/R_projects/spat_1f_noise/processed_feed\rep65\processed_rep65__cam4_s70643_rank197.jpg,processed_rep65__cam4_s70643_rank197.jpg,TRUE,rep65,cam4,70643,197,0.989258587360382,583.73138427734375,853.0443115234375,0.01152790617197752,584.970458984375,886.541748046875,0.016135504469275475,575.05792236328125,912.59527587890625,0.014382013119757175,582,882.0565517241379,728,1000,1000,FALSE,FALSE,0.798043004629493,no issue,FALSE
frame198__s71003,C:/R_projects/spat_1f_noise/processed_feed\rep65\processed_rep65__cam4_s71003_rank198.jpg,processed_rep65__cam4_s71003_rank198.jpg,TRUE,rep65,cam4,71003,198,0.9909919500350952,588.263427734375,861.601318359375,0.07140287011861801,585.810302734375,886.3118896484375,0.019230548292398453,580.9041748046875,908.55133056640625,0.024931352585554123,582.2676709154114,879.5805330243337,868,1000,1000,FALSE,FALSE,2.1490729524003696,too big,FALSE
frame199__s71363,C:/R_projects/spat_1f_noise/processed_feed\rep65\processed_rep65__cam4_s71363_rank199.jpg,processed_rep65__cam4_s71363_rank199.jpg,TRUE,rep65,cam4,71363,199,0.9001442193984985,835.78125,992.6964111328125,0.0883534699678421,878.91485595703125,995.15289306640625,0.009928353130817413,841.9432373046875,986.55517578125,0.010601440444588661,863.7432835820896,989.8925373134329,673.5,1000,1000,TRUE,FALSE,0.25413605251620497,no issue,FALSE
frame200__s71724,C:/R_projects/spat_1f_noise/processed_feed\rep65\processed_rep65__cam4_s71724_rank200.jpg,processed_rep65__cam4_s71724_rank200.jpg,TRUE,rep65,cam4,71724,200,0.9596654176712036,843.03277587890625,992.59765625,0.08327891677618027,880.0770263671875,995.0860595703125,0.007830900140106678,841.7979736328125,986.37664794921875,0.013977316208183765,863.7138461538461,989.5046153846154,652.5,1000,1000,TRUE,FALSE,-0.04122050266957867,no issue,FALSE
frame201__s72084,C:/R_projects/spat_1f_noise/processed_feed\rep65\processed_rep65__cam4_s72084_rank201.jpg,processed_rep65__cam4_s72084_rank201.jpg,TRUE,rep65,cam4,72084,201,0.9947013854980468,550.6590576171875,858.46124267578125,0.028065379709005356,575.3468017578125,874.34930419921875,0.0225522518157959,580.284423828125,900.01458740234375,0.025233419612050056,571.7239353891337,875.6064610866373,680,1000,1000,FALSE,FALSE,0.15546717510741206,no issue,FALSE
frame202__s72445,C:/R_projects/spat_1f_noise/processed_feed\rep65\processed_rep65__cam4_s72445_rank202.jpg,processed_rep65__cam4_s72445_rank202.jpg,TRUE,rep65,cam4,72445,202,0.9954417943954468,549.35919189453125,858.58917236328125,0.025951089337468147,572.9044189453125,875.8812255859375,0.032889917492866516,577.861328125,894.4083251953125,0.03652023896574974,570.4516574585635,876.7886740331492,721,1000,1000,FALSE,FALSE,0.5576257434796158,no issue,FALSE
frame203__s72805,C:/R_projects/spat_1f_noise/processed_feed\rep65\processed_rep65__cam4_s72805_rank203.jpg,processed_rep65__cam4_s72805_rank203.jpg,TRUE,rep65,cam4,72805,203,0.9964536428451538,551.9698486328125,858.41949462890625,0.028362907469272614,572.8358154296875,875.5509033203125,0.03305717557668686,580.2003173828125,900.02435302734375,0.029052918776869774,570.3377001455605,876.2911208151382,684,1000,1000,FALSE,FALSE,0.11313318869983988,no issue,FALSE
frame204__s73166,C:/R_projects/spat_1f_noise/processed_feed\rep65\processed_rep65__cam4_s73166_rank204.jpg,processed_rep65__cam4_s73166_rank204.jpg,TRUE,rep65,cam4,73166,204,0.9189488291740416,902.82373046875,996.41943359375,0.022519724443554878,864.37994384765625,987.84912109375,0.010650825686752796,842.05780029296875,985.40045166015625,0.011744914576411247,863.0538116591928,989.3378176382661,672,1000,1000,TRUE,FALSE,-0.030762306267412446,no issue,FALSE
frame205__s73526,C:/R_projects/spat_1f_noise/processed_feed\rep65\processed_rep65__cam4_s73526_rank205.jpg,processed_rep65__cam4_s73526_rank205.jpg,TRUE,rep65,cam4,73526,205,0.995611011981964,601.3936767578125,866.48992919921875,0.022471576929092407,585.1619873046875,886.33819580078125,0.01772909238934517,580.16766357421875,902.46490478515625,0.051264021545648575,587.5260323159785,885.0502692998205,555,1000,1000,FALSE,FALSE,-1.4149480520503497,no issue,FALSE
frame206__s73886,C:/R_projects/spat_1f_noise/processed_feed\rep65\processed_rep65__cam4_s73886_rank206.jpg,processed_rep65__cam4_s73886_rank206.jpg,TRUE,rep65,cam4,73886,206,0.9951777458190918,604.13970947265625,874.541748046875,0.019743183627724648,584.35321044921875,885.5989990234375,0.011018120683729649,580.64324951171875,904.027587890625,0.015695102512836456,586.6778656126482,886.6897233201581,508.5,1000,1000,FALSE,FALSE,-1.9902542992515615,no issue,FALSE
frame207__s74247,C:/R_projects/spat_1f_noise/processed_feed\rep65\processed_rep65__cam4_s74247_rank207.jpg,processed_rep65__cam4_s74247_rank207.jpg,TRUE,rep65,cam4,74247,207,0.9953283071517944,601.32391357421875,873.600341796875,0.017525339499115944,581.96942138671875,888.52911376953125,0.008219187147915363,580.759765625,903.45794677734375,0.15901896357536316,586.6484848484848,885.5979797979797,497,1000,1000,FALSE,FALSE,-2.13305160867021,too small,FALSE
frame208__s74607,C:/R_projects/spat_1f_noise/processed_feed\rep65\processed_rep65__cam4_s74607_rank208.jpg,processed_rep65__cam4_s74607_rank208.jpg,TRUE,rep65,cam4,74607,208,0.9965978264808656,604.14154052734375,876.1812744140625,0.01671724207699299,582.295166015625,887.252685546875,0.01016522478312254,579.8677978515625,902.0145263671875,0.06904395669698715,586.5433070866142,886.5137795275591,510.5,1000,1000,FALSE,FALSE,-1.9909380378559343,no issue,FALSE
frame209__s74968,C:/R_projects/spat_1f_noise/processed_feed\rep65\processed_rep65__cam4_s74968_rank209.jpg,processed_rep65__cam4_s74968_rank209.jpg,TRUE,rep65,cam4,74968,209,0.997166097164154,629.3848876953125,863.175048828125,0.03446849808096886,593.43780517578125,879.181640625,0.041723571717739105,581.042236328125,892.725830078125,0.1137530580163002,599.105413105413,877.105413105413,705.5,1000,1000,FALSE,FALSE,0.19566379256626112,no issue,FALSE
frame210__s75328,C:/R_projects/spat_1f_noise/processed_feed\rep65\processed_rep65__cam4_s75328_rank210.jpg,processed_rep65__cam4_s75328_rank210.jpg,TRUE,rep65,cam4,75328,210,0.9973762035369872,628.92095947265625,854.78277587890625,0.038049984723329544,594.0399169921875,879.666259765625,0.04731547087430954,580.336669921875,897.0848388671875,0.24940139055252075,600.5374064837905,875.3403990024938,803,1000,1000,FALSE,FALSE,1.185584988285631,no issue,FALSE
frame211__s75689,C:/R_projects/spat_1f_noise/processed_feed\rep65\processed_rep65__cam4_s75689_rank211.jpg,processed_rep65__cam4_s75689_rank211.jpg,TRUE,rep65,cam4,75689,211,0.9362241625785828,553.34600830078125,882.22930908203125,0.016206953674554825,580.20758056640625,885.87615966796875,0.009815717115998268,571.66070556640625,874.935546875,0.0173882357776165,573.1231527093596,886.4893267651888,607.5,1000,1000,FALSE,FALSE,-0.9667341141878159,no issue,FALSE
frame212__s76049,C:/R_projects/spat_1f_noise/processed_feed\rep65\processed_rep65__cam4_s76049_rank212.jpg,processed_rep65__cam4_s76049_rank212.jpg,TRUE,rep65,cam4,76049,212,0.9520801901817322,902.87939453125,992.3060302734375,0.14184698462486267,879.38055419921875,994.77777099609375,0.008193369023501873,841.04034423828125,986.126708984375,0.012481468729674816,861.7730061349694,989.1104294478528,655,1000,1000,TRUE,FALSE,-0.43777611440060304,no issue,FALSE
frame213__s76409,C:/R_projects/spat_1f_noise/processed_feed\rep65\processed_rep65__cam4_s76409_rank213.jpg,processed_rep65__cam4_s76409_rank213.jpg,TRUE,rep65,cam4,76409,213,0.9504488110542296,587.96026611328125,840.90789794921875,0.03306548669934273,587.96026611328125,868.322998046875,0.011375159956514835,584.277587890625,890.7535400390625,0.025186968967318535,586.5489130434783,864.2635869565217,739.5,1000,1000,FALSE,FALSE,0.4663028195695838,no issue,FALSE
frame214__s76770,C:/R_projects/spat_1f_noise/processed_feed\rep65\processed_rep65__cam4_s76770_rank214.jpg,processed_rep65__cam4_s76770_rank214.jpg,TRUE,rep65,cam4,76770,214,0.9781002402305604,586.43988037109375,846.12554931640625,0.2572462856769562,591.1868896484375,867.29620361328125,0.011181693524122238,582.87957763671875,897.18414306640625,0.017956113442778587,586.9467787114846,868.1778711484594,719,1000,1000,FALSE,FALSE,0.2783305660111475,no issue,FALSE
frame215__s77130,C:/R_projects/spat_1f_noise/processed_feed\rep65\processed_rep65__cam4_s77130_rank215.jpg,processed_rep65__cam4_s77130_rank215.jpg,TRUE,rep65,cam4,77130,215,0.9867000579833984,590.7186279296875,844.90045166015625,0.02619844861328602,591.9642333984375,868.3262939453125,0.012739680707454681,583.2447509765625,895.45098876953125,0.0218950342386961,588.1887366818873,866.8295281582953,660,1000,1000,FALSE,FALSE,-0.4208555164437091,no issue,FALSE
frame216__s77491,C:/R_projects/spat_1f_noise/processed_feed\rep65\processed_rep65__cam4_s77491_rank216.jpg,processed_rep65__cam4_s77491_rank216.jpg,TRUE,rep65,cam4,77491,216,0.9932896494865416,588.2279052734375,844.0738525390625,0.011765076778829098,590.6571044921875,873.8653564453125,0.019806917756795883,582.15478515625,897.4503173828125,0.028917087242007256,589.2781211372064,867.8553770086527,817,1000,1000,FALSE,FALSE,1.307614112123134,no issue,FALSE
frame217__s77851,C:/R_projects/spat_1f_noise/processed_feed\rep65\processed_rep65__cam4_s77851_rank217.jpg,processed_rep65__cam4_s77851_rank217.jpg,TRUE,rep65,cam4,77851,217,0.9871562719345092,591.7515869140625,843.71002197265625,0.10355835407972336,592.9736328125,867.3448486328125,0.012831532396376133,581.97515869140625,894.71136474609375,0.01732330210506916,587.9867724867725,864.4484126984127,763,1000,1000,FALSE,FALSE,0.6237140049466249,no issue,FALSE
frame218__s78212,C:/R_projects/spat_1f_noise/processed_feed\rep65\processed_rep65__cam4_s78212_rank218.jpg,processed_rep65__cam4_s78212_rank218.jpg,TRUE,rep65,cam4,78212,218,0.9871298670768738,573.4566650390625,461.64813232421875,0.040373146533966064,575.88104248046875,439.262939453125,0.008195537142455578,584.36627197265625,408.17236328125,0.01331343874335289,577.7663551401869,433.9485981308411,641,1000,1000,FALSE,FALSE,-0.6995558135533544,no issue,FALSE
frame219__s78572,C:/R_projects/spat_1f_noise/processed_feed\rep65\processed_rep65__cam4_s78572_rank219.jpg,processed_rep65__cam4_s78572_rank219.jpg,TRUE,rep65,cam4,78572,219,0.9939419627189636,164.36224365234375,944.617919921875,0.02485506236553192,191.85044860839844,928.76617431640625,0.03428889438509941,223.08706665039063,916.572509765625,0.060578301548957825,194.25958702064898,926.4513274336283,676.5,1000,1000,FALSE,FALSE,-0.3494792552718895,no issue,FALSE
frame220__s78932,C:/R_projects/spat_1f_noise/processed_feed\rep65\processed_rep65__cam4_s78932_rank220.jpg,processed_rep65__cam4_s78932_rank220.jpg,TRUE,rep65,cam4,78932,220,0.996310532093048,161.50802612304688,944.15228271484375,0.024953505024313927,193.7144775390625,928.06610107421875,0.058903805911540985,224.68223571777344,915.692138671875,0.06340018659830093,193.36423841059602,927.0079470198675,756,1000,1000,FALSE,FALSE,0.45814833961850643,no issue,FALSE
frame221__s79293,C:/R_projects/spat_1f_noise/processed_feed\rep65\processed_rep65__cam4_s79293_rank221.jpg,processed_rep65__cam4_s79293_rank221.jpg,TRUE,rep65,cam4,79293,221,0.9902724623680116,169.39202880859375,957.67425537109375,0.08875995129346848,180.43161010742188,940.2794189453125,0.028363419696688652,207.41726684570313,921.64208984375,0.0626416727900505,182.23932729624838,939.0271668822768,777,1000,1000,FALSE,FALSE,0.6453790420172025,no issue,FALSE
frame222__s79653,C:/R_projects/spat_1f_noise/processed_feed\rep65\processed_rep65__cam4_s79653_rank222.jpg,processed_rep65__cam4_s79653_rank222.jpg,TRUE,rep65,cam4,79653,222,0.99544358253479,164.36492919921875,955.6824951171875,0.12137379497289658,180.29922485351563,940.85150146484375,0.0374954454600811,208.49066162109375,921.076904296875,0.06658560037612915,181.52091254752852,939.6007604562737,795,1000,1000,FALSE,FALSE,0.8401587386437598,no issue,FALSE
frame223__s80014,C:/R_projects/spat_1f_noise/processed_feed\rep65\processed_rep65__cam4_s80014_rank223.jpg,processed_rep65__cam4_s80014_rank223.jpg,TRUE,rep65,cam4,80014,223,0.9948081374168396,163.32278442382813,956.1739501953125,0.07415319234132767,178.07928466796875,942.6339111328125,0.023962633684277534,208.8219451904297,921.70843505859375,0.056987132877111435,182.87482614742697,938.144645340751,722.5,1000,1000,FALSE,FALSE,-0.1737133263326616,no issue,FALSE
frame224__s80374,C:/R_projects/spat_1f_noise/processed_feed\rep65\processed_rep65__cam4_s80374_rank224.jpg,processed_rep65__cam4_s80374_rank224.jpg,TRUE,rep65,cam4,80374,224,0.9970648884773254,157.9807586669922,955.79888916015625,0.03735794126987457,181.5216827392578,940.96771240234375,0.05248616635799408,208.77957153320313,921.19287109375,0.08075033128261566,183.83966244725738,936.5161744022504,709.5,1000,1000,FALSE,FALSE,-0.5315974022902037,no issue,FALSE
frame225__s80734,C:/R_projects/spat_1f_noise/processed_feed\rep65\processed_rep65__cam4_s80734_rank225.jpg,processed_rep65__cam4_s80734_rank225.jpg,TRUE,rep65,cam4,80734,225,0.9924402236938475,168.9720458984375,965.391845703125,3.197537899017334,192.4597930908203,929.83697509765625,0.012806884944438934,208.5303497314453,921.25482177734375,0.06349511444568634,185.19588875453445,941.2865779927448,830,1000,1000,FALSE,FALSE,0.877589076427642,no issue,FALSE
frame226__s81095,C:/R_projects/spat_1f_noise/processed_feed\rep65\processed_rep65__cam4_s81095_rank226.jpg,processed_rep65__cam4_s81095_rank226.jpg,TRUE,rep65,cam4,81095,226,0.9939961433410645,173.5891876220703,963.546142578125,0.2612376809120178,181.08033752441406,943.8746337890625,0.02510526403784752,207.29933166503906,921.7442626953125,0.0686524361371994,186.24045261669025,940.1683168316831,711,1000,1000,FALSE,FALSE,-0.5708884693769694,no issue,FALSE
frame227__s81455,C:/R_projects/spat_1f_noise/processed_feed\rep65\processed_rep65__cam4_s81455_rank227.jpg,processed_rep65__cam4_s81455_rank227.jpg,TRUE,rep65,cam4,81455,227,0.9943607449531556,167.3441925048828,955.3365478515625,0.03095400333404541,180.82199096679688,941.8267822265625,0.03115120530128479,209.00286865234375,920.9481201171875,0.06456399708986282,185.39432624113476,938.6624113475177,706,1000,1000,FALSE,FALSE,-0.7437147846006071,no issue,FALSE
frame228__s81816,C:/R_projects/spat_1f_noise/processed_feed\rep65\processed_rep65__cam4_s81816_rank228.jpg,processed_rep65__cam4_s81816_rank228.jpg,TRUE,rep65,cam4,81816,228,0.9943640232086182,173.67173767089844,961.5001220703125,0.050481535494327545,178.66619873046875,943.08599853515625,0.01583394594490528,207.3842010498047,922.21673583984375,0.056569017469882965,183.48708010335918,940.2932816537468,775,1000,1000,FALSE,FALSE,0.08739604205523017,no issue,FALSE
frame229__s82176,C:/R_projects/spat_1f_noise/processed_feed\rep65\processed_rep65__cam4_s82176_rank229.jpg,processed_rep65__cam4_s82176_rank229.jpg,TRUE,rep65,cam4,82176,229,0.9939642548561096,168.236083984375,970.1005859375,0.24732105433940887,176.86036682128906,950.21881103515625,0.018629079684615135,207.66143798828125,920.396240234375,0.0653086006641388,185.15480649188515,942.5068664169788,800,1000,1000,FALSE,FALSE,0.3609227481938481,no issue,FALSE
frame230__s82536,C:/R_projects/spat_1f_noise/processed_feed\rep65\processed_rep65__cam4_s82536_rank230.jpg,processed_rep65__cam4_s82536_rank230.jpg,TRUE,rep65,cam4,82536,230,0.9915140271186828,191.80471801757813,963.38934326171875,0.05718381702899933,179.41897583007813,948.548095703125,0.017460854724049568,209.1447296142578,918.865478515625,0.07316681742668152,187.82569974554707,939.2849872773537,788,1000,1000,FALSE,FALSE,0.1803967879691616,no issue,FALSE
frame231__s82897,C:/R_projects/spat_1f_noise/processed_feed\rep65\processed_rep65__cam4_s82897_rank231.jpg,processed_rep65__cam4_s82897_rank231.jpg,TRUE,rep65,cam4,82897,231,0.989840030670166,191.1618194580078,967.01629638671875,0.548256516456604,181.4193572998047,950.81671142578125,0.016624806448817253,208.21112060546875,918.41748046875,0.05840609222650528,189.80945558739256,937.8796561604585,699.5,1000,1000,FALSE,FALSE,-0.976939914681806,no issue,FALSE
frame232__s83257,C:/R_projects/spat_1f_noise/processed_feed\rep65\processed_rep65__cam4_s83257_rank232.jpg,processed_rep65__cam4_s83257_rank232.jpg,TRUE,rep65,cam4,83257,232,0.9932548999786376,192.1369171142578,961.079833984375,0.04003007709980011,177.51121520996094,952.44415283203125,0.02291678451001644,207.98143005371094,919.13519287109375,0.07416163384914398,187.21183431952662,940.2863905325444,843,1000,1000,FALSE,FALSE,0.5359276931500707,no issue,FALSE
frame233__s83618,C:/R_projects/spat_1f_noise/processed_feed\rep65\processed_rep65__cam4_s83618_rank233.jpg,processed_rep65__cam4_s83618_rank233.jpg,TRUE,rep65,cam4,83618,233,0.9909031987190248,173.74838256835938,970.50323486328125,0.061782337725162506,178.6232147216797,948.142578125,0.02400852181017399,207.87234497070313,919.57061767578125,0.061422258615493774,186.2059186189889,940.7053020961775,810,1000,1000,FALSE,FALSE,0.1650074383270183,no issue,FALSE
frame234__s83978,C:/R_projects/spat_1f_noise/processed_feed\rep65\processed_rep65__cam4_s83978_rank234.jpg,processed_rep65__cam4_s83978_rank234.jpg,TRUE,rep65,cam4,83978,234,0.9741427302360536,171.7872772216797,965.99822998046875,8.089842796325684,177.94033813476563,947.3173828125,0.02122645266354084,207.47500610351563,919.918701171875,0.06197672337293625,186.27453580901857,939.7519893899204,753.5,1000,1000,FALSE,FALSE,-0.5316407004577346,no issue,FALSE
frame235__s84339,C:/R_projects/spat_1f_noise/processed_feed\rep65\processed_rep65__cam4_s84339_rank235.jpg,processed_rep65__cam4_s84339_rank235.jpg,TRUE,rep65,cam4,84339,235,0.9624792337417604,173.88272094726563,961.793212890625,0.16583570837974548,178.8189697265625,941.91900634765625,0.015265148133039474,204.73434448242188,920.80267333984375,0.06766187399625778,181.6265060240964,941.0776439089692,746.5,1000,1000,FALSE,FALSE,-0.6483974817201323,no issue,FALSE
frame236__s84699,C:/R_projects/spat_1f_noise/processed_feed\rep65\processed_rep65__cam4_s84699_rank236.jpg,processed_rep65__cam4_s84699_rank236.jpg,TRUE,rep65,cam4,84699,236,0.9940045475959778,169.69100952148438,966.4071044921875,3.618853807449341,175.8462677001953,946.63671875,0.016588984057307243,206.62255859375,918.216796875,0.09395267069339752,185.3853459972863,937.1845318860244,741.5,1000,1000,FALSE,FALSE,-0.7459357722991615,no issue,FALSE
frame237__s85059,C:/R_projects/spat_1f_noise/processed_feed\rep65\processed_rep65__cam4_s85059_rank237.jpg,processed_rep65__cam4_s85059_rank237.jpg,TRUE,rep65,cam4,85059,237,0.972224771976471,174.46102905273438,957.4364013671875,0.0890573039650917,181.95742797851563,938.87078857421875,0.025150030851364136,205.69613647460938,917.829833984375,0.07046985626220703,184.23387096774192,936.7688172043011,743.5,1000,1000,FALSE,FALSE,-0.7276767740982287,no issue,FALSE
frame238__s85420,C:/R_projects/spat_1f_noise/processed_feed\rep65\processed_rep65__cam4_s85420_rank238.jpg,processed_rep65__cam4_s85420_rank238.jpg,TRUE,rep65,cam4,85420,238,0.99387359619140625,172.45704650878906,972.082763671875,0.025396713986992836,177.42312622070313,949.7481689453125,0.019145455211400986,207.2197265625,917.48712158203125,0.058317631483078,186.87726098191214,938.0723514211886,774,1000,1000,FALSE,FALSE,-0.44289877881854633,no issue,FALSE
frame239__s85780,C:/R_projects/spat_1f_noise/processed_feed\rep65\processed_rep65__cam4_s85780_rank239.jpg,processed_rep65__cam4_s85780_rank239.jpg,TRUE,rep65,cam4,85780,239,0.9828715324401855,167.6517333984375,954.90447998046875,0.09735072404146194,192.14952087402344,932.61175537109375,0.033746104687452316,206.84817504882813,918.9884033203125,0.0713411420583725,181.21092278719397,941.7250470809793,1061,1000,1000,FALSE,FALSE,2.489298358938653,too big,FALSE
frame240__s86141,C:/R_projects/spat_1f_noise/processed_feed\rep65\processed_rep65__cam4_s86141_rank240.jpg,processed_rep65__cam4_s86141_rank240.jpg,TRUE,rep65,cam4,86141,240,0.995961368083954,172.30255126953125,962.19635009765625,1.1115942001342773,181.04901123046875,943.680908203125,0.03651835769414902,207.288330078125,916.52496337890625,0.08233818411827087,185.9359720605355,939.0442374854482,857.5,1000,1000,FALSE,FALSE,0.28520881818728006,no issue,FALSE
frame241__s86501,C:/R_projects/spat_1f_noise/processed_feed\rep65\processed_rep65__cam4_s86501_rank241.jpg,processed_rep65__cam4_s86501_rank241.jpg,TRUE,rep65,cam4,86501,241,0.992774486541748,169.024169921875,967.6854248046875,0.26783809065818787,176.3825225830078,946.5809326171875,0.027194935828447342,205.81597900390625,918.0279541015625,0.07832137495279312,184.18127962085308,939.946682464455,844.5,1000,1000,FALSE,FALSE,0.1628564907865447,no issue,FALSE
frame242__s86861,C:/R_projects/spat_1f_noise/processed_feed\rep65\processed_rep65__cam4_s86861_rank242.jpg,processed_rep65__cam4_s86861_rank242.jpg,TRUE,rep65,cam4,86861,242,0.9891429543495178,170.816162109375,963.375,4.195780277252197,191.69393920898438,928.7030029296875,0.020631494000554085,206.4311981201172,916.32012939453125,0.06252001225948334,184.69152970922883,937.4513274336283,793.5,1000,1000,FALSE,FALSE,-0.4412447440310424,no issue,FALSE
frame243__s87222,C:/R_projects/spat_1f_noise/processed_feed\rep65\processed_rep65__cam4_s87222_rank243.jpg,processed_rep65__cam4_s87222_rank243.jpg,TRUE,rep65,cam4,87222,243,0.9943980574607848,168.88973999023438,964.11773681640625,2.551547050476074,177.6009521484375,945.5953369140625,0.02451309747993946,206.22360229492188,917.1942138671875,0.07114619016647339,185.9317585301837,936.5879265091863,764,1000,1000,FALSE,FALSE,-0.8345916852152183,no issue,FALSE
frame244__s87582,C:/R_projects/spat_1f_noise/processed_feed\rep65\processed_rep65__cam4_s87582_rank244.jpg,processed_rep65__cam4_s87582_rank244.jpg,TRUE,rep65,cam4,87582,244,0.989006280899048,172.4940185546875,971.55615234375,0.043485529720783234,177.37144470214844,949.2547607421875,0.02390049770474434,205.41677856445313,917.04168701171875,0.0584174282848835,184.98710433763188,940.7327080890973,852.5,1000,1000,FALSE,FALSE,0.06774033164215894,no issue,FALSE
frame245__s87943,C:/R_projects/spat_1f_noise/processed_feed\rep65\processed_rep65__cam4_s87943_rank245.jpg,processed_rep65__cam4_s87943_rank245.jpg,TRUE,rep65,cam4,87943,245,0.9909494519233704,175.63668823242188,971.58258056640625,2.1397759914398193,179.28916931152344,948.2109375,0.023978708311915398,199.986572265625,916.22869873046875,0.04835931956768036,184.95541401273886,942.1668789808917,785,1000,1000,FALSE,FALSE,-0.6436651350603543,no issue,FALSE
frame246__s88303,C:/R_projects/spat_1f_noise/processed_feed\rep65\processed_rep65__cam4_s88303_rank246.jpg,processed_rep65__cam4_s88303_rank246.jpg,TRUE,rep65,cam4,88303,246,0.9831174612045288,182.0350341796875,978.50830078125,0.4735220670700073,180.8114471435547,951.03460693359375,0.018658503890037537,199.1650390625,916.068115234375,0.07469309121370316,183.10188679245283,948.8783018867924,1057,1000,1000,TRUE,FALSE,1.652172077530002,no issue,FALSE
frame247__s88663,C:/R_projects/spat_1f_noise/processed_feed\rep65\processed_rep65__cam4_s88663_rank247.jpg,processed_rep65__cam4_s88663_rank247.jpg,TRUE,rep65,cam4,88663,247,0.987036943435669,188.28909301757813,972.86077880859375,1.6645866632461548,181.019775390625,951.62347412109375,0.024512819945812225,200.40460205078125,914.14581298828125,0.048945266753435135,185.57348406988694,945.5046248715313,972,1000,1000,FALSE,FALSE,0.9053580150205509,no issue,FALSE
frame248__s89024,C:/R_projects/spat_1f_noise/processed_feed\rep65\processed_rep65__cam4_s89024_rank248.jpg,processed_rep65__cam4_s89024_rank248.jpg,TRUE,rep65,cam4,89024,248,0.9897611737251282,175.41070556640625,973.983642578125,0.130630761384964,179.08448791503906,951.7333984375,0.013682804070413113,198.6781005859375,915.8857421875,0.05383828654885292,184.32300357568533,942.1597139451728,835.5,1000,1000,FALSE,FALSE,-0.28638691518458387,no issue,FALSE
frame249__s89384,C:/R_projects/spat_1f_noise/processed_feed\rep65\processed_rep65__cam4_s89384_rank249.jpg,processed_rep65__cam4_s89384_rank249.jpg,TRUE,rep65,cam4,89384,249,0.9866530299186708,186.33287048339844,972.7313232421875,1.9874454736709595,181.35125732421875,949.19873046875,0.01379037369042635,197.54150390625,914.5191650390625,0.04063912108540535,185.53813104189044,946.3888292158969,928,1000,1000,FALSE,FALSE,0.5193950195511624,no issue,FALSE
frame250__s89745,C:/R_projects/spat_1f_noise/processed_feed\rep65\processed_rep65__cam4_s89745_rank250.jpg,processed_rep65__cam4_s89745_rank250.jpg,TRUE,rep65,cam4,89745,250,0.990853786468506,173.6497344970703,973.3182373046875,0.07853168994188309,180.86366271972656,952.3304443359375,0.01044118870049715,197.69615173339844,916.5277099609375,0.03285670652985573,185.9468085106383,941.3882978723404,751,1000,1000,FALSE,FALSE,-1.034272472194112,no issue,FALSE
frame251__s90105,C:/R_projects/spat_1f_noise/processed_feed\rep65\processed_rep65__cam4_s90105_rank251.jpg,processed_rep65__cam4_s90105_rank251.jpg,TRUE,rep65,cam4,90105,251,0.9795366525650024,176.67788696289063,979.720703125,0.162305548787117,179.11080932617188,951.36474609375,0.017571790143847466,197.357666015625,915.611572265625,0.06685081124305725,181.24324324324326,947.6424116424116,959,1000,1000,TRUE,FALSE,0.7212369911855538,no issue,FALSE
frame252__s90466,C:/R_projects/spat_1f_noise/processed_feed\rep65\processed_rep65__cam4_s90466_rank252.jpg,processed_rep65__cam4_s90466_rank252.jpg,TRUE,rep65,cam4,90466,252,0.9930816292762756,178.08489990234375,971.9947509765625,0.516119122505188,180.55722045898438,949.57025146484375,0.016393538564443588,197.86331176757813,914.6876220703125,0.050013914704322815,185.2908163265306,941.1428571428571,783.5,1000,1000,FALSE,FALSE,-0.8995409609025368,no issue,FALSE
frame253__s90826,C:/R_projects/spat_1f_noise/processed_feed\rep65\processed_rep65__cam4_s90826_rank253.jpg,processed_rep65__cam4_s90826_rank253.jpg,TRUE,rep65,cam4,90826,253,0.9913995265960692,174.52760314941406,975.1220703125,3.113294839859009,180.68971252441406,950.1240234375,0.02217216230928898,197.943603515625,915.12689208984375,0.056998755782842636,183.69222577209797,944.3514376996806,934.5,1000,1000,FALSE,FALSE,0.3194676330489956,no issue,FALSE
frame254__s91187,C:/R_projects/spat_1f_noise/processed_feed\rep65\processed_rep65__cam4_s91187_rank254.jpg,processed_rep65__cam4_s91187_rank254.jpg,TRUE,rep65,cam4,91187,254,0.9890815019607544,172.43002319335938,971.42034912109375,5.406936168670654,178.63385009765625,949.238037109375,0.021277165040373802,198.486083984375,914.73236083984375,0.05176614224910736,183.8275462962963,941.0219907407408,862,1000,1000,FALSE,FALSE,-0.3669098762559643,no issue,FALSE
frame255__s91547,C:/R_projects/spat_1f_noise/processed_feed\rep65\processed_rep65__cam4_s91547_rank255.jpg,processed_rep65__cam4_s91547_rank255.jpg,TRUE,rep65,cam4,91547,255,0.9891350269317628,175.90211486816406,978.68536376953125,0.4621013104915619,177.114990234375,952.70556640625,0.025350285694003105,198.94667053222656,914.35430908203125,0.0595245435833931,182.58091286307055,945.8464730290457,962.5,1000,1000,TRUE,FALSE,0.5600470023311976,no issue,FALSE
frame256__s91907,C:/R_projects/spat_1f_noise/processed_feed\rep65\processed_rep65__cam4_s91907_rank256.jpg,processed_rep65__cam4_s91907_rank256.jpg,TRUE,rep65,cam4,91907,256,0.9923311471939088,185.6295928955078,973.241943359375,1.3791425228118896,179.58021545410156,953.54302978515625,0.017306026071310043,197.72833251953125,915.376220703125,0.04749518260359764,186.01007556675063,941.8047858942066,794,1000,1000,FALSE,FALSE,-0.8631376030373703,no issue,FALSE
frame257__s92268,C:/R_projects/spat_1f_noise/processed_feed\rep65\processed_rep65__cam4_s92268_rank257.jpg,processed_rep65__cam4_s92268_rank257.jpg,TRUE,rep65,cam4,92268,257,0.9915492534637452,175.22146606445313,978.466552734375,3.583173990249634,181.40968322753906,954.8909912109375,0.03307677060365677,202.4496307373047,916.425537109375,0.07832939177751541,185.97360084477296,947.0485744456178,948,1000,1000,TRUE,FALSE,0.4706739822380731,no issue,FALSE
frame258__s92628,C:/R_projects/spat_1f_noise/processed_feed\rep65\processed_rep65__cam4_s92628_rank258.jpg,processed_rep65__cam4_s92628_rank258.jpg,TRUE,rep65,cam4,92628,258,0.9910667538642884,176.15609741210938,979.007568359375,6.056650638580322,179.83151245117188,954.05670166015625,0.02748565562069416,203.1090545654297,917.8779296875,0.06142354756593704,185.8716577540107,946.7080213903744,932,1000,1000,TRUE,FALSE,0.26171886554773394,no issue,FALSE
frame259__s92989,C:/R_projects/spat_1f_noise/processed_feed\rep65\processed_rep65__cam4_s92989_rank259.jpg,processed_rep65__cam4_s92989_rank259.jpg,TRUE,rep65,cam4,92989,259,0.9923065304756165,176.47006225585938,975.146240234375,1.0846606492996216,180.1612091064453,954.065185546875,0.019945088773965836,202.3080291748047,916.8631591796875,0.06294497847557068,186.77426900584794,944.8959064327486,852.5,1000,1000,TRUE,FALSE,-0.44919919782015394,no issue,FALSE
frame260__s93349,C:/R_projects/spat_1f_noise/processed_feed\rep65\processed_rep65__cam4_s93349_rank260.jpg,processed_rep65__cam4_s93349_rank260.jpg,TRUE,rep65,cam4,93349,260,0.99583637714386,185.628173828125,982.540283203125,6.374423980712891,178.27255249023438,959.0313720703125,0.02700197696685791,204.0172119140625,918.20013427734375,0.07078633457422256,183.48455284552847,952.1048780487805,1229,1000,1000,TRUE,FALSE,2.6079856891975024,too big,FALSE
frame261__s93709,C:/R_projects/spat_1f_noise/processed_feed\rep65\processed_rep65__cam4_s93709_rank261.jpg,processed_rep65__cam4_s93709_rank261.jpg,TRUE,rep65,cam4,93709,261,0.9902567863464355,175.9798583984375,982.1048583984375,0.40034621953964233,179.639892578125,957.38043212890625,0.0269119031727314,202.82005310058594,917.8212890625,0.06053823605179787,186.56944444444446,946.2040598290598,935.5,1000,1000,TRUE,FALSE,0.2785222828989252,no issue,FALSE
frame262__s94070,C:/R_projects/spat_1f_noise/processed_feed\rep65\processed_rep65__cam4_s94070_rank262.jpg,processed_rep65__cam4_s94070_rank262.jpg,TRUE,rep65,cam4,94070,262,0.9810491800308228,187.98744201660156,980.6414794921875,1.0786821842193604,179.54354858398438,962.096923828125,0.018326805904507637,198.8438720703125,920.0625,0.051475510001182556,187.4800456100342,947.9053591790193,874.5,1000,1000,TRUE,FALSE,-0.09435404292821963,no issue,FALSE
frame263__s94430,C:/R_projects/spat_1f_noise/processed_feed\rep65\processed_rep65__cam4_s94430_rank263.jpg,processed_rep65__cam4_s94430_rank263.jpg,TRUE,rep65,cam4,94430,263,0.9808794856071472,179.8031768798828,977.608642578125,0.02259628288447857,182.2714080810547,955.23492431640625,0.01236992608755827,198.31480407714844,920.431396484375,0.027531959116458893,188.54922279792746,945.9028497409327,771.5,1000,1000,FALSE,FALSE,-0.7833480332733496,no issue,FALSE
frame264__s94791,C:/R_projects/spat_1f_noise/processed_feed\rep65\processed_rep65__cam4_s94791_rank264.jpg,processed_rep65__cam4_s94791_rank264.jpg,TRUE,rep65,cam4,94791,264,0.986711084842682,188.71878051757813,979.25244140625,0.2576812207698822,181.4702606201172,963.12774658203125,0.012901193462312222,198.38345336914063,920.9554443359375,0.03105541504919529,188.24940898345153,947.4326241134752,847,1000,1000,TRUE,FALSE,-0.20694767072214812,no issue,FALSE
frame265__s95151,C:/R_projects/spat_1f_noise/processed_feed\rep65\processed_rep65__cam4_s95151_rank265.jpg,processed_rep65__cam4_s95151_rank265.jpg,TRUE,rep65,cam4,95151,265,0.9716121554374696,907.10357666015625,996.0963134765625,1.3320457935333252,862.2109375,988.890380859375,0.018300022929906845,842.25860595703125,986.48834228515625,0.013370678760111332,863.7858117326057,988.9877216916781,736.5,1000,1000,TRUE,FALSE,-0.9553623655980479,no issue,FALSE
frame266__s95512,C:/R_projects/spat_1f_noise/processed_feed\rep65\processed_rep65__cam4_s95512_rank266.jpg,processed_rep65__cam4_s95512_rank266.jpg,TRUE,rep65,cam4,95512,266,0.979223906993866,189.12603759765625,980.26739501953125,3.658726692199707,181.87091064453125,961.5933837890625,0.009816400706768036,178.24334716796875,980.26739501953125,0.14115434885025024,185.7067067067067,953.94994994995,1001,1000,1000,TRUE,FALSE,0.8434366360454109,no issue,FALSE
frame267__s95872,C:/R_projects/spat_1f_noise/processed_feed\rep65\processed_rep65__cam4_s95872_rank267.jpg,processed_rep65__cam4_s95872_rank267.jpg,TRUE,rep65,cam4,95872,267,0.9742441177368164,189.79296875,984.547119140625,0.19710001349449158,181.17921447753906,964.61029052734375,0.013226141221821308,191.02352905273438,920.99859619140625,0.020253457129001617,186.83568548387098,954.4889112903226,993.5,1000,1000,TRUE,FALSE,0.8260511196449303,no issue,FALSE
frame268__s96232,C:/R_projects/spat_1f_noise/processed_feed\rep65\processed_rep65__cam4_s96232_rank268.jpg,processed_rep65__cam4_s96232_rank268.jpg,TRUE,rep65,cam4,96232,268,0.972303867340088,188.92764282226563,986.82073974609375,0.5833293795585632,184.08734130859375,961.90521240234375,0.011393284425139427,188.92764282226563,986.82073974609375,0.062366027384996414,187.02329749103941,957.1415770609319,1117.5,1000,1000,TRUE,FALSE,1.6755300592263154,no issue,FALSE
frame269__s96593,C:/R_projects/spat_1f_noise/processed_feed\rep65\processed_rep65__cam4_s96593_rank269.jpg,processed_rep65__cam4_s96593_rank269.jpg,TRUE,rep65,cam4,96593,269,0.9669014811515808,192.29942321777344,978.403076171875,0.3582584857940674,183.894775390625,964.78564453125,0.009900431148707867,186.2960968017578,920.2191162109375,0.018417945131659508,188.28783382789317,954.4896142433234,1013,1000,1000,TRUE,FALSE,0.9944412055282645,no issue,FALSE
frame270__s96953,C:/R_projects/spat_1f_noise/processed_feed\rep65\processed_rep65__cam4_s96953_rank270.jpg,processed_rep65__cam4_s96953_rank270.jpg,TRUE,rep65,cam4,96953,270,0.9638425707817078,186.05014038085938,979.05609130859375,1.4221593141555786,188.495361328125,954.0582275390625,0.006205300334841013,186.05014038085938,979.05609130859375,0.02379615604877472,186.61702127659575,950.2474804031355,888.5,1000,1000,TRUE,FALSE,0.1965794163516812,no issue,FALSE
frame271__s97314,C:/R_projects/spat_1f_noise/processed_feed\rep65\processed_rep65__cam4_s97314_rank271.jpg,processed_rep65__cam4_s97314_rank271.jpg,TRUE,rep65,cam4,97314,271,0.9695774912834167,904.8067626953125,995.8658447265625,2.40386962890625,877.4002685546875,990.95819091796875,0.005698962137103081,904.8067626953125,995.8658447265625,0.043229296803474426,862.9737206085754,988.7081604426003,726,1000,1000,TRUE,FALSE,-0.8666450593716355,no issue,FALSE
frame272__s97674,C:/R_projects/spat_1f_noise/processed_feed\rep65\processed_rep65__cam4_s97674_rank272.jpg,processed_rep65__cam4_s97674_rank272.jpg,TRUE,rep65,cam4,97674,272,0.9640462398529052,886.60125732421875,992.9810791015625,0.3086715340614319,862.96966552734375,990.5626220703125,0.003993225283920765,886.60125732421875,992.9810791015625,0.22628355026245117,860.7712328767124,989.1287671232876,733.5,1000,1000,TRUE,FALSE,-0.7994457957835414,no issue,FALSE
frame273__s98035,C:/R_projects/spat_1f_noise/processed_feed\rep65\processed_rep65__cam4_s98035_rank273.jpg,processed_rep65__cam4_s98035_rank273.jpg,TRUE,rep65,cam4,98035,273,0.95912903547287,196.42196655273438,977.89581298828125,0.2558521032333374,185.4147491455078,962.99383544921875,0.01033774670213461,186.63775634765625,920.7716064453125,0.023909417912364006,189.34088762983947,955.9905571293673,1058.5,1000,1000,TRUE,FALSE,1.2166201853670093,no issue,FALSE
frame274__s98395,C:/R_projects/spat_1f_noise/processed_feed\rep65\processed_rep65__cam4_s98395_rank274.jpg,processed_rep65__cam4_s98395_rank274.jpg,TRUE,rep65,cam4,98395,274,0.9718530774116516,188.3641815185547,987.28509521484375,0.18720264732837677,184.63613891601563,963.7083740234375,0.007696835789829493,188.3641815185547,987.28509521484375,0.014153971336781979,188.45971074380165,954.646694214876,969.5,1000,1000,TRUE,FALSE,0.7001474863965833,no issue,FALSE
frame275__s98755,C:/R_projects/spat_1f_noise/processed_feed\rep65\processed_rep65__cam4_s98755_rank275.jpg,processed_rep65__cam4_s98755_rank275.jpg,TRUE,rep65,cam4,98755,275,0.953681707382202,902.2105712890625,996.1451416015625,0.03217471018433571,878.74853515625,993.73284912109375,0.004688406828790903,839.23370361328125,984.08331298828125,0.012829878367483616,861.3657142857143,989.0428571428571,704,1000,1000,TRUE,FALSE,-0.9174576083547007,no issue,FALSE
frame276__s99116,C:/R_projects/spat_1f_noise/processed_feed\rep65\processed_rep65__cam4_s99116_rank276.jpg,processed_rep65__cam4_s99116_rank276.jpg,TRUE,rep65,cam4,99116,276,0.9589699506759644,839.978271484375,990.0869140625,0.13084664940834045,875.95269775390625,992.43475341796875,0.00685880146920681,841.21875,984.2171630859375,0.012580814771354198,862.4074585635359,988.6754143646409,728,1000,1000,TRUE,FALSE,-0.7752139673430203,no issue,FALSE
frame277__s99476,C:/R_projects/spat_1f_noise/processed_feed\rep65\processed_rep65__cam4_s99476_rank277.jpg,processed_rep65__cam4_s99476_rank277.jpg,TRUE,rep65,cam4,99476,277,0.9623584151268004,904.07806396484375,995.852783203125,0.0440225824713707,879.47015380859375,994.609619140625,0.008374662138521671,841.3280029296875,983.4210205078125,0.014661915600299835,861.9015384615385,988.7892307692308,653,1000,1000,TRUE,FALSE,-1.2203813597178095,no issue,FALSE
frame278__s99837,C:/R_projects/spat_1f_noise/processed_feed\rep65\processed_rep65__cam4_s99837_rank278.jpg,processed_rep65__cam4_s99837_rank278.jpg,TRUE,rep65,cam4,99837,278,0.9645496010780334,901.77484130859375,990.9814453125,0.031149473041296005,881.99041748046875,994.69366455078125,0.0045267799869179726,841.18505859375,983.5570068359375,0.01640455797314644,861.6681350954478,988.6255506607929,684.5,1000,1000,TRUE,FALSE,-0.9260493293075358,no issue,FALSE
frame279__s100197,C:/R_projects/spat_1f_noise/processed_feed\rep65\processed_rep65__cam4_s100197_rank279.jpg,processed_rep65__cam4_s100197_rank279.jpg,TRUE,rep65,cam4,100197,279,0.9576922059059144,832.2447509765625,990.27099609375,0.509406328201294,875.36810302734375,991.45172119140625,0.00514116371050477,898.7779541015625,994.993896484375,0.013137181289494038,862.3162055335969,989.0223978919631,763.5,1000,1000,TRUE,FALSE,-0.5129656683253935,no issue,FALSE
frame280__s100557,C:/R_projects/spat_1f_noise/processed_feed\rep65\processed_rep65__cam4_s100557_rank280.jpg,processed_rep65__cam4_s100557_rank280.jpg,TRUE,rep65,cam4,100557,280,0.9468036890029908,839.35107421875,991.75628662109375,0.040292657911777496,879.18890380859375,994.12786865234375,0.00699521554633975,840.595947265625,984.6414794921875,0.011487581767141819,861.8864569083447,989.0588235294117,734.5,1000,1000,TRUE,FALSE,-0.6840090879369237,no issue,FALSE
frame281__s100918,C:/R_projects/spat_1f_noise/processed_feed\rep65\processed_rep65__cam4_s100918_rank281.jpg,processed_rep65__cam4_s100918_rank281.jpg,TRUE,rep65,cam4,100918,281,0.958359956741333,196.92584228515625,987.96258544921875,0.38705873489379883,190.7109832763672,964.3299560546875,0.014910313300788403,196.92584228515625,987.96258544921875,0.029100283980369568,194.5159817351598,960.3552511415525,1101,1000,1000,TRUE,FALSE,1.0280510656456765,no issue,FALSE
frame282__s101278,C:/R_projects/spat_1f_noise/processed_feed\rep65\processed_rep65__cam4_s101278_rank282.jpg,processed_rep65__cam4_s101278_rank282.jpg,TRUE,rep65,cam4,101278,282,0.9519891738891602,898.24713134765625,996.84051513671875,0.10009895265102386,880.83502197265625,991.9598388671875,0.006579897366464138,839.792236328125,984.6387939453125,0.008393057622015476,860.591811414392,989.3833746898263,809,1000,1000,TRUE,FALSE,-0.39123611693577537,no issue,FALSE
frame283__s101639,C:/R_projects/spat_1f_noise/processed_feed\rep65\processed_rep65__cam4_s101639_rank283.jpg,processed_rep65__cam4_s101639_rank283.jpg,TRUE,rep65,cam4,101639,283,0.9654492735862732,832.8367919921875,995.89996337890625,0.01501607708632946,880.2327880859375,994.654296875,0.007458774372935295,841.567626953125,983.44329833984375,0.018124891445040703,862.1107784431138,988.6646706586827,672,1000,1000,TRUE,FALSE,-1.000018851185495,no issue,FALSE
frame284__s101999,C:/R_projects/spat_1f_noise/processed_feed\rep65\processed_rep65__cam4_s101999_rank284.jpg,processed_rep65__cam4_s101999_rank284.jpg,TRUE,rep65,cam4,101999,284,0.955522119998932,840.17486572265625,990.69085693359375,0.2013673335313797,878.4993896484375,993.18023681640625,0.004457548260688782,841.41119384765625,984.46722412109375,0.01270931214094162,861.7080838323353,988.7350299401197,671,1000,1000,TRUE,FALSE,-0.9997431449798959,no issue,FALSE
frame285__s102359,C:/R_projects/spat_1f_noise/processed_feed\rep65\processed_rep65__cam4_s102359_rank285.jpg,processed_rep65__cam4_s102359_rank285.jpg,TRUE,rep65,cam4,102359,285,0.9648458361625672,902.495849609375,996.08343505859375,2.043714761734009,877.82965087890625,993.6561279296875,0.007520653773099184,902.495849609375,996.08343505859375,0.02527892403304577,862.7880512091039,988.9573257467995,706.5,1000,1000,TRUE,FALSE,-0.8565214860173898,no issue,FALSE
frame286__s102720,C:/R_projects/spat_1f_noise/processed_feed\rep65\processed_rep65__cam4_s102720_rank286.jpg,processed_rep65__cam4_s102720_rank286.jpg,TRUE,rep65,cam4,102720,286,0.96430903673172,197.04150390625,983.91259765625,0.03747569024562836,187.20016479492188,967.861083984375,0.01140490174293518,187.20016479492188,927.1151123046875,0.02275093086063862,192.6749311294766,959.2929292929293,1088.5,1000,1000,TRUE,FALSE,0.5888578064296395,no issue,FALSE
frame287__s103080,C:/R_projects/spat_1f_noise/processed_feed\rep65\processed_rep65__cam4_s103080_rank287.jpg,processed_rep65__cam4_s103080_rank287.jpg,TRUE,rep65,cam4,103080,287,0.9634443521499634,906.8306884765625,996.62908935546875,2.3973357677459717,882.2252197265625,995.426025390625,0.011168194003403187,841.62603759765625,987.004638671875,0.013675782829523087,864.0164835164835,989.5398351648352,731,1000,1000,TRUE,FALSE,-0.8299238669533182,no issue,FALSE
frame288__s103441,C:/R_projects/spat_1f_noise/processed_feed\rep65\processed_rep65__cam4_s103441_rank288.jpg,processed_rep65__cam4_s103441_rank288.jpg,TRUE,rep65,cam4,103441,288,0.9794384241104126,201.43173217773438,983.1727294921875,0.2601376175880432,190.32162475585938,967.123291015625,0.01744907908141613,197.72836303710938,988.11102294921875,0.03759586811065674,194.59295499021528,962.2485322896282,1024,1000,1000,TRUE,FALSE,0.19159654250719982,no issue,FALSE
frame289__s103801,C:/R_projects/spat_1f_noise/processed_feed\rep65\processed_rep65__cam4_s103801_rank289.jpg,processed_rep65__cam4_s103801_rank289.jpg,TRUE,rep65,cam4,103801,289,0.9536466598510742,896.05682373046875,995.1412353515625,0.17284902930259705,875.075927734375,991.4615478515625,0.005542876198887825,892.354248046875,996.3677978515625,0.06854668259620667,862.5475177304965,989.222695035461,707,1000,1000,TRUE,FALSE,-0.9768076991790732,no issue,FALSE
frame290__s104162,C:/R_projects/spat_1f_noise/processed_feed\rep65\processed_rep65__cam4_s104162_rank290.jpg,processed_rep65__cam4_s104162_rank290.jpg,TRUE,rep65,cam4,104162,290,0.9256286025047302,906.394775390625,996.0806884765625,0.8904435634613037,880.26922607421875,993.71429443359375,0.006183275021612644,906.394775390625,996.0806884765625,0.034185975790023804,860.1643312101911,988.9210191082802,789,1000,1000,TRUE,FALSE,-0.7083061786442526,no issue,FALSE
frame291__s104522,C:/R_projects/spat_1f_noise/processed_feed\rep65\processed_rep65__cam4_s104522_rank291.jpg,processed_rep65__cam4_s104522_rank291.jpg,TRUE,rep65,cam4,104522,291,0.9782034158706664,200.23236083984375,985.5330810546875,1.5529576539993286,190.39553833007813,963.0599365234375,0.012061628513038158,200.23236083984375,985.5330810546875,0.2420913279056549,193.2537688442211,960.927135678392,1197,1000,1000,TRUE,FALSE,0.6203976446228717,no issue,FALSE
frame292__s104882,C:/R_projects/spat_1f_noise/processed_feed\rep65\processed_rep65__cam4_s104882_rank292.jpg,processed_rep65__cam4_s104882_rank292.jpg,TRUE,rep65,cam4,104882,292,0.9165403246879578,902.64678955078125,994.941162109375,0.1261044591665268,879.18914794921875,991.21246337890625,0.0073769004084169865,843.38531494140625,986.24090576171875,0.01102368999272585,866.2278953922789,989.082191780822,807,1000,1000,TRUE,FALSE,-0.780381066154837,no issue,FALSE
frame293__s105243,C:/R_projects/spat_1f_noise/processed_feed\rep65\processed_rep65__cam4_s105243_rank293.jpg,processed_rep65__cam4_s105243_rank293.jpg,TRUE,rep65,cam4,105243,293,0.9797672033309937,230.525390625,972.3165283203125,0.016437793150544167,189.34278869628906,967.373779296875,0.016475455835461617,181.8550262451172,932.77471923828125,0.04115191474556923,202.23260437375745,966.946984758118,1506,1000,1000,TRUE,FALSE,1.6043275548620652,no issue,FALSE
frame294__s105603,C:/R_projects/spat_1f_noise/processed_feed\rep65\processed_rep65__cam4_s105603_rank294.jpg,processed_rep65__cam4_s105603_rank294.jpg,TRUE,rep65,cam4,105603,294,0.9658923745155334,835.87841796875,991.0760498046875,0.15178364515304565,879.05810546875,992.320068359375,0.005198153667151928,842.0469970703125,986.10015869140625,0.013338347896933556,862.6671469740634,988.8789625360231,698,1000,1000,TRUE,FALSE,-1.323794096313717,no issue,FALSE
frame295__s105964,C:/R_projects/spat_1f_noise/processed_feed\rep65\processed_rep65__cam4_s105964_rank295.jpg,processed_rep65__cam4_s105964_rank295.jpg,TRUE,rep65,cam4,105964,295,0.9915404915809632,210.8175048828125,979.7142333984375,0.15053769946098328,195.88284301757813,967.21734619140625,0.03188414126634598,184.6818389892578,930.97625732421875,0.048488885164260864,199.67183673469387,964.0595918367347,1229.5,1000,1000,TRUE,FALSE,0.5393886755783777,no issue,FALSE
frame296__s106324,C:/R_projects/spat_1f_noise/processed_feed\rep65\processed_rep65__cam4_s106324_rank296.jpg,processed_rep65__cam4_s106324_rank296.jpg,TRUE,rep65,cam4,106324,296,0.9908108711242676,206.96347045898438,984.67529296875,0.3183874785900116,197.2553253173828,968.452392578125,0.019155384972691536,183.90664672851563,932.2628173828125,0.04397914186120033,195.93637327677624,961.2513255567338,947.5,1000,1000,TRUE,FALSE,-0.5306069806192122,no issue,FALSE
frame297__s106685,C:/R_projects/spat_1f_noise/processed_feed\rep65\processed_rep65__cam4_s106685_rank297.jpg,processed_rep65__cam4_s106685_rank297.jpg,TRUE,rep65,cam4,106685,297,0.9948223829269408,205.22320556640625,983.20281982421875,0.7493804097175598,196.5183868408203,961.04095458984375,0.028834253549575806,205.22320556640625,983.20281982421875,0.12061757594347,201.64537444933922,963.6064610866373,1372.5,1000,1000,TRUE,FALSE,1.0353512265112566,no issue,FALSE
frame298__s107045,C:/R_projects/spat_1f_noise/processed_feed\rep65\processed_rep65__cam4_s107045_rank298.jpg,processed_rep65__cam4_s107045_rank298.jpg,TRUE,rep65,cam4,107045,298,0.9920663833618164,209.17782592773438,983.679443359375,0.8765013813972473,194.21575927734375,967.64453125,0.030519036576151848,184.2410430908203,930.640625,0.06078074127435684,199.1349538977368,964.4325230511316,1199.5,1000,1000,TRUE,FALSE,0.3962844300808395,no issue,FALSE
frame299__s107406,C:/R_projects/spat_1f_noise/processed_feed\rep65\processed_rep65__cam4_s107406_rank299.jpg,processed_rep65__cam4_s107406_rank299.jpg,TRUE,rep65,cam4,107406,299,0.9954937696456908,216.68441772460938,978.5443115234375,0.0662182867527008,198.02706909179688,966.16973876953125,0.035876672714948654,181.8573760986328,936.4708251953125,0.0812847688794136,203.15323224261772,967.2849162011173,1257.5,1000,1000,TRUE,FALSE,0.609529301964265,no issue,FALSE
frame300__s107766,C:/R_projects/spat_1f_noise/processed_feed\rep65\processed_rep65__cam4_s107766_rank300.jpg,processed_rep65__cam4_s107766_rank300.jpg,TRUE,rep65,cam4,107766,300,0.9949813485145568,178.42405700683594,933.03125,0.022857561707496643,199.3995361328125,963.7257080078125,0.05388987436890602,205.56878662109375,985.8258056640625,0.2493487000465393,203.68635275339187,965.5155626496409,1258.5,1000,1000,TRUE,FALSE,0.5664339213677648,no issue,FALSE
frame301__s108126,C:/R_projects/spat_1f_noise/processed_feed\rep65\processed_rep65__cam4_s108126_rank301.jpg,processed_rep65__cam4_s108126_rank301.jpg,TRUE,rep65,cam4,108126,301,0.99129456281662,208.1170654296875,985.8433837890625,0.0657031312584877,194.46490478515625,964.65118408203125,0.02341466210782528,208.1170654296875,985.8433837890625,7.984622955322266,200.8186274509804,964.6001400560224,1432,1000,1000,TRUE,FALSE,1.2268962447419354,no issue,FALSE
frame302__s108487,C:/R_projects/spat_1f_noise/processed_feed\rep65\processed_rep65__cam4_s108487_rank302.jpg,processed_rep65__cam4_s108487_rank302.jpg,TRUE,rep65,cam4,108487,302,0.9930838346481324,221.35650634765625,983.52166748046875,0.021877290681004524,194.3201446533203,965.013671875,0.030740950256586075,200.46478271484375,988.45709228515625,0.07390432059764862,200.17252657399837,965.3401471790679,1228,1000,1000,TRUE,FALSE,0.3990793072700915,no issue,FALSE
frame303__s108847,C:/R_projects/spat_1f_noise/processed_feed\rep65\processed_rep65__cam4_s108847_rank303.jpg,processed_rep65__cam4_s108847_rank303.jpg,TRUE,rep65,cam4,108847,303,0.99466210603714,175.7269287109375,927.1058349609375,0.014026498422026634,194.47059631347656,961.99212646484375,0.03836885467171669,178.22608947753906,929.5977783203125,0.04157252237200737,201.72727272727272,962.5082319255548,1396,1000,1000,TRUE,FALSE,1.0692683496432083,no issue,FALSE
frame304__s109208,C:/R_projects/spat_1f_noise/processed_feed\rep65\processed_rep65__cam4_s109208_rank304.jpg,processed_rep65__cam4_s109208_rank304.jpg,TRUE,rep65,cam4,109208,304,0.985996663570404,231.57029724121094,968.78546142578125,0.017005978152155876,194.64248657226563,968.78546142578125,0.019307347014546394,214.33731079101563,984.9005126953125,0.08721286058425903,202.80902255639097,965.6022556390977,1330,1000,1000,TRUE,FALSE,0.6860667387471524,no issue,FALSE
frame305__s109568,C:/R_projects/spat_1f_noise/processed_feed\rep65\processed_rep65__cam4_s109568_rank305.jpg,processed_rep65__cam4_s109568_rank305.jpg,TRUE,rep65,cam4,109568,305,0.9804039597511292,204.94393920898438,985.2415771484375,0.02023947238922119,193.86529541015625,961.7008056640625,0.028306884691119194,185.24856567382813,935.68212890625,0.03946163132786751,199.87818696883852,965.6664305949008,1416.5,1000,1000,TRUE,FALSE,1.0156976847933528,no issue,FALSE
frame306__s109928,C:/R_projects/spat_1f_noise/processed_feed\rep65\processed_rep65__cam4_s109928_rank306.jpg,processed_rep65__cam4_s109928_rank306.jpg,TRUE,rep65,cam4,109928,306,0.9912473559379578,207.9261474609375,986.69952392578125,0.14378589391708374,194.38783264160156,963.152587890625,0.04413185641169548,207.9261474609375,986.69952392578125,0.1519249528646469,201.3204172876304,964.8092399403874,1348.5,1000,1000,TRUE,FALSE,0.7271478251188986,no issue,FALSE
frame307__s110289,C:/R_projects/spat_1f_noise/processed_feed\rep65\processed_rep65__cam4_s110289_rank307.jpg,processed_rep65__cam4_s110289_rank307.jpg,TRUE,rep65,cam4,110289,307,0.9922552108764648,207.16983032226563,986.01593017578125,0.016827881336212158,193.6493682861328,965.10467529296875,0.03735882416367531,180.12892150878906,931.892578125,0.048942990601062775,201.50737463126845,967.3495575221239,1359,1000,1000,TRUE,FALSE,0.7940045773333458,no issue,FALSE
frame308__s110649,C:/R_projects/spat_1f_noise/processed_feed\rep65\processed_rep65__cam4_s110649_rank308.jpg,processed_rep65__cam4_s110649_rank308.jpg,TRUE,rep65,cam4,110649,308,0.9930602312088012,211.58587646484375,982.5228271484375,0.05072547867894173,200.3382568359375,963.849365234375,0.05870185047388077,211.58587646484375,982.5228271484375,0.12628760933876038,200.60056925996204,959.3861480075901,1058.5,1000,1000,TRUE,FALSE,-0.5072926281250283,no issue,FALSE
frame309__s111010,C:/R_projects/spat_1f_noise/processed_feed\rep65\processed_rep65__cam4_s111010_rank309.jpg,processed_rep65__cam4_s111010_rank309.jpg,TRUE,rep65,cam4,111010,309,0.9946363568305968,221.59100341796875,977.52142333984375,0.10458292067050934,203.16110229492188,965.16778564453125,0.05054942145943642,215.44769287109375,984.93359375,0.1958950012922287,202.38552188552188,958.6616161616162,1192,1000,1000,TRUE,FALSE,0.11011654824123793,no issue,FALSE
frame310__s111370,C:/R_projects/spat_1f_noise/processed_feed\rep65\processed_rep65__cam4_s111370_rank310.jpg,processed_rep65__cam4_s111370_rank310.jpg,TRUE,rep65,cam4,111370,310,0.9916381239891052,213.3224639892578,982.190185546875,0.4988466203212738,202.19961547851563,961.15716552734375,0.04725611209869385,208.3789825439453,987.13916015625,0.32807379961013794,204.51112877583466,960.5580286168522,1265.5,1000,1000,TRUE,FALSE,0.40666136244212414,no issue,FALSE
frame311__s111731,C:/R_projects/spat_1f_noise/processed_feed\rep65\processed_rep65__cam4_s111731_rank311.jpg,processed_rep65__cam4_s111731_rank311.jpg,TRUE,rep65,cam4,111731,311,0.9908214211463928,208.22557067871094,983.6044921875,1.6547051668167114,200.7756805419922,959.96307373046875,0.0352606326341629,209.46722412109375,982.3602294921875,3.7562594413757324,200.08677685950414,958.2644628099174,970.5,1000,1000,TRUE,FALSE,-0.97760641339578,no issue,FALSE
frame312__s112091,C:/R_projects/spat_1f_noise/processed_feed\rep65\processed_rep65__cam4_s112091_rank312.jpg,processed_rep65__cam4_s112091_rank312.jpg,TRUE,rep65,cam4,112091,312,0.9935221076011658,214.33590698242188,977.25244140625,0.02235633321106434,198.23953247070313,962.44085693359375,0.03934498876333237,184.61952209472656,929.11474609375,0.047429896891117096,204.71096877502,962.2345876701361,1251.5,1000,1000,TRUE,FALSE,0.341556657775934,no issue,FALSE
frame313__s112451,C:/R_projects/spat_1f_noise/processed_feed\rep65\processed_rep65__cam4_s112451_rank313.jpg,processed_rep65__cam4_s112451_rank313.jpg,TRUE,rep65,cam4,112451,313,0.9546374082565308,904.2998046875,996.1915283203125,1.327364206314087,882.00860595703125,995.02313232421875,0.00882619246840477,841.1414794921875,986.8438720703125,0.01213919185101986,863.5435967302452,988.9822888283379,737,1000,1000,TRUE,FALSE,-2.177627394837944,out_of_frame,FALSE
frame314__s112812,C:/R_projects/spat_1f_noise/processed_feed\rep65\processed_rep65__cam4_s112812_rank314.jpg,processed_rep65__cam4_s112812_rank314.jpg,TRUE,rep65,cam4,112812,314,0.9627937078475952,891.6884765625,991.96478271484375,0.1571604311466217,869.45001220703125,989.4881591796875,0.00524249067530036,843.5050048828125,988.249755859375,0.05203290283679962,862.2318634423898,988.4153627311522,705.5,1000,1000,TRUE,FALSE,-2.337358966653039,out_of_frame,FALSE
frame315__s113172,C:/R_projects/spat_1f_noise/processed_feed\rep65\processed_rep65__cam4_s113172_rank315.jpg,processed_rep65__cam4_s113172_rank315.jpg,TRUE,rep65,cam4,113172,315,0.984592854976654,235.8800048828125,968.30572509765625,0.11676015704870224,214.9504852294922,954.64288330078125,0.03770369291305542,234.6488800048828,970.78985595703125,0.030899127945303917,213.51842948717947,945.1674679487179,1245.5,1000,1000,FALSE,FALSE,0.3474985874998992,no issue,FALSE
frame316__s113533,C:/R_projects/spat_1f_noise/processed_feed\rep65\processed_rep65__cam4_s113533_rank316.jpg,processed_rep65__cam4_s113533_rank316.jpg,TRUE,rep65,cam4,113533,316,0.9960789084434508,242.4718017578125,915.58441162109375,0.03990297019481659,217.49758911132813,953.64312744140625,0.0667535811662674,182.53366088867188,969.60321044921875,0.04654796048998833,215.625528317836,943.7869822485208,1184,1000,1000,FALSE,FALSE,0.031178592854633067,no issue,FALSE
frame317__s113893,C:/R_projects/spat_1f_noise/processed_feed\rep65\processed_rep65__cam4_s113893_rank317.jpg,processed_rep65__cam4_s113893_rank317.jpg,TRUE,rep65,cam4,113893,317,0.9964606165885924,239.05282592773438,919.3453369140625,0.056707531213760376,210.37252807617188,955.43914794921875,0.06071629375219345,190.42100524902344,971.619140625,0.052736200392246246,214.10296684118674,945.4450261780105,1148,1000,1000,FALSE,FALSE,-0.15485250082636864,no issue,FALSE
frame318__s114253,C:/R_projects/spat_1f_noise/processed_feed\rep65\processed_rep65__cam4_s114253_rank318.jpg,processed_rep65__cam4_s114253_rank318.jpg,TRUE,rep65,cam4,114253,318,0.9813607335090636,190.64736938476563,969.98651123046875,0.07021434605121613,211.77687072753906,955.13641357421875,0.05931345000863075,190.64736938476563,969.98651123046875,5.0821356773376465,216.45017482517483,946.8234265734266,1145,1000,1000,FALSE,FALSE,-0.18817178989522304,no issue,FALSE
frame319__s114614,C:/R_projects/spat_1f_noise/processed_feed\rep65\processed_rep65__cam4_s114614_rank319.jpg,processed_rep65__cam4_s114614_rank319.jpg,TRUE,rep65,cam4,114614,319,0.9914353489875792,239.095947265625,974.05517578125,0.12181053310632706,226.59812927246094,952.847412109375,0.0223401989787817,237.84619140625,975.30267333984375,0.031583115458488464,214.2554002541296,955.638500635324,1568,1000,1000,TRUE,FALSE,1.8795523756737054,no issue,FALSE
frame320__s114974,C:/R_projects/spat_1f_noise/processed_feed\rep65\processed_rep65__cam4_s114974_rank320.jpg,processed_rep65__cam4_s114974_rank320.jpg,TRUE,rep65,cam4,114974,320,0.992920696735382,183.6451416015625,978.284423828125,0.01457936130464077,217.2154998779297,960.90570068359375,0.018726138398051262,234.62234497070313,978.284423828125,0.020748835057020187,211.85394126738794,958.1074188562596,1286,1000,1000,TRUE,FALSE,0.5171965888633001,no issue,FALSE
frame321__s115335,C:/R_projects/spat_1f_noise/processed_feed\rep65\processed_rep65__cam4_s115335_rank321.jpg,processed_rep65__cam4_s115335_rank321.jpg,TRUE,rep65,cam4,115335,321,0.9882672429084778,237.33885192871094,936.71502685546875,0.040897008031606674,213.9239501953125,957.56231689453125,0.046374231576919556,194.20614624023438,968.59918212890625,0.17742802202701569,211.2068181818182,953.8806818181819,878.5,1000,1000,FALSE,FALSE,-1.4759672185856003,no issue,FALSE
frame322__s115695,C:/R_projects/spat_1f_noise/processed_feed\rep65\processed_rep65__cam4_s115695_rank322.jpg,processed_rep65__cam4_s115695_rank322.jpg,TRUE,rep65,cam4,115695,322,0.988080620765686,214.95394897460938,971.724609375,0.011336306110024452,198.79891967773438,961.88995361328125,0.026612279936671257,182.64390563964844,974.183349609375,0.07726997137069702,201.88987341772153,955.0443037974684,795,1000,1000,FALSE,FALSE,-1.8460128610805997,no issue,FALSE
frame323__s116055,C:/R_projects/spat_1f_noise/processed_feed\rep65\processed_rep65__cam4_s116055_rank323.jpg,processed_rep65__cam4_s116055_rank323.jpg,TRUE,rep65,cam4,116055,323,0.9963059425354004,173.78416442871094,979.13629150390625,0.11843816936016083,187.40597534179688,962.9676513671875,0.04761800542473793,173.78416442871094,979.13629150390625,3.274538516998291,188.49094375595806,954.2774070543375,1050,1000,1000,TRUE,FALSE,-0.6352107193155649,no issue,FALSE
frame324__s116416,C:/R_projects/spat_1f_noise/processed_feed\rep65\processed_rep65__cam4_s116416_rank324.jpg,processed_rep65__cam4_s116416_rank324.jpg,TRUE,rep65,cam4,116416,324,0.98952978849411,212.95986938476563,929.1854248046875,0.021021544933319092,184.55059814453125,947.792724609375,0.009261507540941238,174.6691131591797,983.7669677734375,0.01710684783756733,190.47321428571428,950.7905844155844,1234,1000,1000,TRUE,FALSE,0.1540462298841094,no issue,FALSE
frame325__s116776,C:/R_projects/spat_1f_noise/processed_feed\rep65\processed_rep65__cam4_s116776_rank325.jpg,processed_rep65__cam4_s116776_rank325.jpg,TRUE,rep65,cam4,116776,325,0.9891017079353333,171.92770385742188,978.306396484375,0.09888450056314468,185.5292510986328,963.439697265625,0.013508550822734833,171.92770385742188,978.306396484375,1.4977977275848389,190.65083553210204,950.1530343007915,1138,1000,1000,TRUE,FALSE,-0.3183449108405218,no issue,FALSE
frame326__s117137,C:/R_projects/spat_1f_noise/processed_feed\rep65\processed_rep65__cam4_s117137_rank326.jpg,processed_rep65__cam4_s117137_rank326.jpg,TRUE,rep65,cam4,117137,326,0.9910003542900084,220.57569885253906,931.23406982421875,0.030573906376957893,192.3956298828125,941.18707275390625,0.013777953572571278,172.7921142578125,979.7547607421875,0.1419394314289093,193.93936381709742,947.7544731610338,1008.5,1000,1000,TRUE,FALSE,-0.889332427346616,no issue,FALSE
frame327__s117497,C:/R_projects/spat_1f_noise/processed_feed\rep65\processed_rep65__cam4_s117497_rank327.jpg,processed_rep65__cam4_s117497_rank327.jpg,TRUE,rep65,cam4,117497,327,0.9917774200439452,219.0290069580078,931.1007080078125,0.04926144704222679,197.99533081054688,941.06683349609375,0.017095889896154404,175.7244110107422,980.93109130859375,0.025034260004758835,195.45384615384614,949.9837606837607,1174.5,1000,1000,TRUE,FALSE,-0.2803146374340431,no issue,FALSE
frame328__s117858,C:/R_projects/spat_1f_noise/processed_feed\rep65\processed_rep65__cam4_s117858_rank328.jpg,processed_rep65__cam4_s117858_rank328.jpg,TRUE,rep65,cam4,117858,328,0.9949289560317992,176.99859619140625,979.456298828125,0.045659005641937256,189.29376220703125,960.7218017578125,0.020390555262565613,176.99859619140625,979.456298828125,1.1754963397979736,195.46609442060085,950.5862660944206,1168,1000,1000,TRUE,FALSE,-0.34495818417759233,no issue,FALSE
frame329__s118218,C:/R_projects/spat_1f_noise/processed_feed\rep65\processed_rep65__cam4_s118218_rank329.jpg,processed_rep65__cam4_s118218_rank329.jpg,TRUE,rep65,cam4,118218,329,0.9932534098625184,179.50218200683594,973.212646484375,0.1039007380604744,194.48800659179688,950.87554931640625,0.030813785269856453,181.9998321533203,974.45367431640625,1.568622350692749,202.672670321065,944.8935003915427,1278.5,1000,1000,TRUE,FALSE,-0.0550775745620816,no issue,FALSE
frame330__s118579,C:/R_projects/spat_1f_noise/processed_feed\rep65\processed_rep65__cam4_s118579_rank330.jpg,processed_rep65__cam4_s118579_rank330.jpg,TRUE,rep65,cam4,118579,330,0.9941136240959167,176.09521484375,975.76226806640625,0.056598857045173645,192.18511962890625,957.177490234375,0.05473806709051132,178.57058715820313,977.001220703125,1.4206808805465698,201.87468460891506,948.1143818334735,1189.5,1000,1000,TRUE,FALSE,-0.5494739556052862,no issue,FALSE
frame331__s118939,C:/R_projects/spat_1f_noise/processed_feed\rep65\processed_rep65__cam4_s118939_rank331.jpg,processed_rep65__cam4_s118939_rank331.jpg,TRUE,rep65,cam4,118939,331,0.9944759011268616,183.02259826660156,974.4063720703125,0.027740739285945892,197.9923095703125,953.47601318359375,0.029036201536655426,183.02259826660156,974.4063720703125,0.11582449078559875,202.7611152976639,949.4468726450641,1326.5,1000,1000,TRUE,FALSE,-0.04630471701764519,no issue,FALSE
frame332__s119299,C:/R_projects/spat_1f_noise/processed_feed\rep65\processed_rep65__cam4_s119299_rank332.jpg,processed_rep65__cam4_s119299_rank332.jpg,TRUE,rep65,cam4,119299,332,0.995030164718628,240.02569580078125,923.2095947265625,0.02340555191040039,197.68714904785156,953.162841796875,0.035482365638017654,180.25363159179688,973.13165283203125,0.1097874715924263,200.89295212765958,952.438164893617,1501,1000,1000,TRUE,FALSE,0.5579944961884957,no issue,FALSE
frame333__s119660,C:/R_projects/spat_1f_noise/processed_feed\rep65\processed_rep65__cam4_s119660_rank333.jpg,processed_rep65__cam4_s119660_rank333.jpg,TRUE,rep65,cam4,119660,333,0.9932913780212402,236.32852172851563,923.010009765625,0.04239802807569504,194.0492401123047,957.53076171875,0.03839721903204918,182.85768127441406,979.72259521484375,1.0849671363830566,203.01914580265097,947.6111929307806,1362,1000,1000,TRUE,FALSE,-0.04373713450871308,no issue,FALSE
frame334__s120020,C:/R_projects/spat_1f_noise/processed_feed\rep65\processed_rep65__cam4_s120020_rank334.jpg,processed_rep65__cam4_s120020_rank334.jpg,TRUE,rep65,cam4,120020,334,0.9955381751060486,237.07786560058594,927.83740234375,0.040505584329366684,195.0535430908203,956.5465087890625,0.04310861602425575,177.74940490722656,981.51092529296875,0.024914981797337532,201.04772902232486,952.1185527328714,1298,1000,1000,TRUE,FALSE,-0.34698883988254686,no issue,FALSE
frame335__s120381,C:/R_projects/spat_1f_noise/processed_feed\rep65\processed_rep65__cam4_s120381_rank335.jpg,processed_rep65__cam4_s120381_rank335.jpg,TRUE,rep65,cam4,120381,335,0.9957043528556824,184.87841796875,973.5855712890625,0.21061135828495026,198.59793090820313,953.8389892578125,0.035391662269830704,184.87841796875,973.5855712890625,3.027567148208618,207.0185758513932,946.8328173374613,1294.5,1000,1000,TRUE,FALSE,-0.36819212890999475,no issue,FALSE
frame336__s120741,C:/R_projects/spat_1f_noise/processed_feed\rep65\processed_rep65__cam4_s120741_rank336.jpg,processed_rep65__cam4_s120741_rank336.jpg,TRUE,rep65,cam4,120741,336,0.9951881170272828,235.7495880126953,926.2845458984375,0.02506260760128498,201.20130920410156,951.16119384765625,0.03119923174381256,182.6933135986328,969.81866455078125,0.13793309032917023,205.49614197530863,947.945987654321,1296.5,1000,1000,TRUE,FALSE,-0.39771716395149775,no issue,FALSE
frame337__s121102,C:/R_projects/spat_1f_noise/processed_feed\rep65\processed_rep65__cam4_s121102_rank337.jpg,processed_rep65__cam4_s121102_rank337.jpg,TRUE,rep65,cam4,121102,337,0.9884454011917114,181.2568359375,978.5045166015625,0.9289646148681641,198.748291015625,956.0955810546875,0.043690651655197144,181.2568359375,978.5045166015625,3.5139150619506836,210.818359375,945.9114583333334,1538.5,1000,1000,TRUE,FALSE,0.42360543091052316,no issue,FALSE
frame338__s121462,C:/R_projects/spat_1f_noise/processed_feed\rep65\processed_rep65__cam4_s121462_rank338.jpg,processed_rep65__cam4_s121462_rank338.jpg,TRUE,rep65,cam4,121462,338,0.9952372312545776,183.50491333007813,973.22076416015625,0.041041139513254166,202.1222686767578,953.33319091796875,0.045159921050071716,183.50491333007813,973.22076416015625,0.4627749025821686,210.89568576947843,945.6593689632969,1555.5,1000,1000,TRUE,FALSE,0.4693791714618633,no issue,FALSE
frame339__s121822,C:/R_projects/spat_1f_noise/processed_feed\rep65\processed_rep65__cam4_s121822_rank339.jpg,processed_rep65__cam4_s121822_rank339.jpg,TRUE,rep65,cam4,121822,339,0.9941204190254213,243.2025146484375,926.0875244140625,0.03707142546772957,199.80239868164063,954.38848876953125,0.05927155911922455,183.682373046875,976.53717041015625,0.8202229738235474,210.27227722772278,946.6117397454032,1416,1000,1000,TRUE,FALSE,-0.18024121410393865,no issue,FALSE
frame340__s122183,C:/R_projects/spat_1f_noise/processed_feed\rep65\processed_rep65__cam4_s122183_rank340.jpg,processed_rep65__cam4_s122183_rank340.jpg,TRUE,rep65,cam4,122183,340,0.9941489696502686,179.5997314453125,972.35418701171875,0.2219032645225525,201.93551635742188,953.8800048828125,0.05976622924208641,179.5997314453125,972.35418701171875,2.643345594406128,212.4116479152879,946.4751819986764,1513,1000,1000,TRUE,FALSE,0.19896313027762372,no issue,FALSE
frame341__s122543,C:/R_projects/spat_1f_noise/processed_feed\rep65\processed_rep65__cam4_s122543_rank341.jpg,processed_rep65__cam4_s122543_rank341.jpg,TRUE,rep65,cam4,122543,341,0.9932295083999634,176.2900390625,972.96783447265625,0.04169458523392677,199.9527587890625,955.4976806640625,0.051529690623283386,176.2900390625,972.96783447265625,0.4613038897514343,213.59867629362213,946.5728038507822,1664,1000,1000,TRUE,FALSE,0.8740128928749624,no issue,FALSE
frame342__s122904,C:/R_projects/spat_1f_noise/processed_feed\rep65\processed_rep65__cam4_s122904_rank342.jpg,processed_rep65__cam4_s122904_rank342.jpg,TRUE,rep65,cam4,122904,342,0.9933888912200928,264.45684814453125,928.03802490234375,0.03552989661693573,206.0070037841797,954.03375244140625,0.05338023230433464,179.89108276367188,970.1263427734375,0.05117740109562874,221.6536769327467,945.789440603394,1593.5,1000,1000,FALSE,FALSE,0.5329009556195005,no issue,FALSE
frame343__s123264,C:/R_projects/spat_1f_noise/processed_feed\rep65\processed_rep65__cam4_s123264_rank343.jpg,processed_rep65__cam4_s123264_rank343.jpg,TRUE,rep65,cam4,123264,343,0.9954712390899658,180.5565643310547,970.86187744140625,0.12900783121585846,206.69207763671875,954.620361328125,0.06478547304868698,180.5565643310547,970.86187744140625,1.0259343385696411,220.1245487364621,946.9410348977136,1663.5,1000,1000,TRUE,FALSE,0.8202418174703417,no issue,FALSE
frame344__s123624,C:/R_projects/spat_1f_noise/processed_feed\rep65\processed_rep65__cam4_s123624_rank344.jpg,processed_rep65__cam4_s123624_rank344.jpg,TRUE,rep65,cam4,123624,344,0.9937891364097596,177.84059143066406,974.54034423828125,0.02165500819683075,205.2779541015625,957.20025634765625,0.056124065071344376,177.84059143066406,974.54034423828125,0.06259337812662125,220.51616379310346,947.5657327586207,1859,1000,1000,TRUE,FALSE,1.5304832737159615,no issue,FALSE
frame345__s123985,C:/R_projects/spat_1f_noise/processed_feed\rep65\processed_rep65__cam4_s123985_rank345.jpg,processed_rep65__cam4_s123985_rank345.jpg,TRUE,rep65,cam4,123985,345,0.9953030347824096,257.8250732421875,928.60711669921875,0.018830575048923492,203.06668090820313,957.03955078125,0.05763804540038109,179.42098999023438,974.3463134765625,0.06679890304803848,220.22028353326064,946.2786259541984,1836.5,1000,1000,TRUE,FALSE,1.4436867901602426,no issue,FALSE
frame346__s124345,C:/R_projects/spat_1f_noise/processed_feed\rep65\processed_rep65__cam4_s124345_rank346.jpg,processed_rep65__cam4_s124345_rank346.jpg,TRUE,rep65,cam4,124345,346,0.9935625791549684,183.2967529296875,971.803466796875,0.03476795181632042,208.12667846679688,954.36798095703125,0.06298372149467468,183.2967529296875,971.803466796875,0.5761607885360718,223.17496723460027,946.2201834862385,1526,1000,1000,FALSE,FALSE,0.2648101407702784,no issue,FALSE
frame347__s124706,C:/R_projects/spat_1f_noise/processed_feed\rep65\processed_rep65__cam4_s124706_rank347.jpg,processed_rep65__cam4_s124706_rank347.jpg,TRUE,rep65,cam4,124706,347,0.9935978651046752,268.24993896484375,929.2279052734375,0.02878650836646557,212.5095977783203,952.63134765625,0.05033113807439804,176.58804321289063,972.339599609375,0.03369354456663132,224.17998815867378,946.0799289520427,1689.5,1000,1000,FALSE,FALSE,0.867864735900815,no issue,FALSE
frame348__s125066,C:/R_projects/spat_1f_noise/processed_feed\rep65\processed_rep65__cam4_s125066_rank348.jpg,processed_rep65__cam4_s125066_rank348.jpg,TRUE,rep65,cam4,125066,348,0.984073519706726,176.776123046875,974.4317626953125,0.1566285938024521,205.335693359375,956.98297119140625,0.04728994518518448,176.776123046875,974.4317626953125,1.735081434249878,224.28020713463752,945.6029919447641,1738.5,1000,1000,TRUE,FALSE,1.0635001106683046,no issue,FALSE
frame349__s125427,C:/R_projects/spat_1f_noise/processed_feed\rep65\processed_rep65__cam4_s125427_rank349.jpg,processed_rep65__cam4_s125427_rank349.jpg,TRUE,rep65,cam4,125427,349,0.9844845533370972,266.9341735839844,929.34576416015625,0.025088714435696602,209.8429718017578,954.341552734375,0.07276970148086548,176.33291625976563,966.83953857421875,4.46048641204834,222.95811518324606,944.7585805700988,1718.5,1000,1000,FALSE,FALSE,1.0004327449097172,no issue,FALSE
frame350__s125787,C:/R_projects/spat_1f_noise/processed_feed\rep65\processed_rep65__cam4_s125787_rank350.jpg,processed_rep65__cam4_s125787_rank350.jpg,TRUE,rep65,cam4,125787,350,0.987253487110138,270.84375,929.1192626953125,0.05023207142949104,209.77272033691406,953.98406982421875,0.06738860160112381,179.86038208007813,966.4163818359375,0.8440375328063965,222.84122228879568,945.0473337327741,1670,1000,1000,FALSE,FALSE,0.8428675790319675,no issue,FALSE
frame351__s126147,C:/R_projects/spat_1f_noise/processed_feed\rep65\processed_rep65__cam4_s126147_rank351.jpg,processed_rep65__cam4_s126147_rank351.jpg,TRUE,rep65,cam4,126147,351,0.990308940410614,270.66998291015625,933.89105224609375,0.023767786100506783,212.1700897216797,954.90020751953125,0.042794641107320786,179.80844116210938,966.022705078125,0.8462851643562317,223.1723926380368,947.7061349693251,1627.5,1000,1000,FALSE,FALSE,0.7085866326874793,no issue,FALSE
frame352__s126508,C:/R_projects/spat_1f_noise/processed_feed\rep65\processed_rep65__cam4_s126508_rank352.jpg,processed_rep65__cam4_s126508_rank352.jpg,TRUE,rep65,cam4,126508,352,0.9917196035385132,177.74481201171875,968.8619384765625,0.044583700597286224,211.22085571289063,955.3109130859375,0.06329912692308426,177.74481201171875,968.8619384765625,3.01108717918396,222.47946084724006,948.2349165596919,1557.5,1000,1000,FALSE,FALSE,0.4893837105199768,no issue,FALSE
frame353__s126868,C:/R_projects/spat_1f_noise/processed_feed\rep65\processed_rep65__cam4_s126868_rank353.jpg,processed_rep65__cam4_s126868_rank353.jpg,TRUE,rep65,cam4,126868,353,0.980005145072937,269.59674072265625,936.4158935546875,0.019869346171617508,212.3902587890625,954.823486328125,0.04870752617716789,176.32530212402344,964.640869140625,2.640432834625244,217.88560885608857,949.950553505535,1353,1000,1000,FALSE,FALSE,-0.2231613673395874,no issue,FALSE
frame354__s127229,C:/R_projects/spat_1f_noise/processed_feed\rep65\processed_rep65__cam4_s127229_rank354.jpg,processed_rep65__cam4_s127229_rank354.jpg,TRUE,rep65,cam4,127229,354,0.9891529083251952,267.377685546875,938.5533447265625,0.01743299327790737,215.12579345703125,951.9427490234375,0.03872936591506004,182.7793731689453,960.4632568359375,0.10158713161945343,221.7155621742368,947.7907669396873,1343.5,1000,1000,FALSE,FALSE,-0.2268506594130512,no issue,FALSE
frame355__s127589,C:/R_projects/spat_1f_noise/processed_feed\rep65\processed_rep65__cam4_s127589_rank355.jpg,processed_rep65__cam4_s127589_rank355.jpg,TRUE,rep65,cam4,127589,355,0.9890135526657104,248.88436889648438,946.68341064453125,0.015065612271428108,211.59979248046875,954.0650634765625,0.06540269404649734,181.77212524414063,966.3677978515625,0.1633220613002777,226.43681652490886,946.0273390036452,1647,1000,1000,FALSE,FALSE,0.6793871864781706,no issue,FALSE
frame356__s127950,C:/R_projects/spat_1f_noise/processed_feed\rep65\processed_rep65__cam4_s127950_rank356.jpg,processed_rep65__cam4_s127950_rank356.jpg,TRUE,rep65,cam4,127950,356,0.9730652570724488,244.68753051757813,943.71832275390625,0.1199900209903717,209.92245483398438,953.7130126953125,0.035117313265800476,178.88217163085938,964.95697021484375,0.6594641208648682,220.0172771250864,948.5653075328265,1450.5,1000,1000,FALSE,FALSE,0.09380640625957502,no issue,FALSE
frame357__s128310,C:/R_projects/spat_1f_noise/processed_feed\rep65\processed_rep65__cam4_s128310_rank357.jpg,processed_rep65__cam4_s128310_rank357.jpg,TRUE,rep65,cam4,128310,357,0.9664358496665956,262.9161376953125,940.9910888671875,0.013436487875878811,202.19662475585938,957.03460693359375,0.45871251821517944,173.69561767578125,969.3758544921875,0.0436716228723526,218.91985018726592,950.2584269662922,1334.5,1000,1000,FALSE,FALSE,-0.23447589904293303,no issue,FALSE
frame358__s128670,C:/R_projects/spat_1f_noise/processed_feed\rep65\processed_rep65__cam4_s128670_rank358.jpg,processed_rep65__cam4_s128670_rank358.jpg,TRUE,rep65,cam4,128670,358,0.9707642793655396,896.18255615234375,993.43939208984375,0.025546155869960785,873.95513916015625,989.8370361328125,0.00808635726571083,840.614013671875,983.83306884765625,0.011267326772212982,862.1844532279315,988.6495388669301,763.5,1000,1000,TRUE,FALSE,-1.850708254516875,no issue,FALSE
frame359__s129031,C:/R_projects/spat_1f_noise/processed_feed\rep65\processed_rep65__cam4_s129031_rank359.jpg,processed_rep65__cam4_s129031_rank359.jpg,TRUE,rep65,cam4,129031,359,0.9651079177856444,897.44073486328125,994.406982421875,0.10410196334123611,875.13909912109375,990.7623291015625,0.006099631078541279,897.44073486328125,994.406982421875,0.016179781407117844,862.5289256198347,988.4752066115702,730,1000,1000,TRUE,FALSE,-1.9390692434712704,no issue,FALSE
frame360__s129391,C:/R_projects/spat_1f_noise/processed_feed\rep65\processed_rep65__cam4_s129391_rank360.jpg,processed_rep65__cam4_s129391_rank360.jpg,TRUE,rep65,cam4,129391,360,0.980746567249298,259.4988708496094,937.3231201171875,0.026178305968642235,213.63204956054688,953.55194091796875,0.03289034217596054,172.7238311767578,968.53240966796875,0.04138380289077759,215.831007751938,949.7558139534884,1290.5,1000,1000,FALSE,FALSE,-0.21316046248851783,no issue,FALSE
frame361__s129752,C:/R_projects/spat_1f_noise/processed_feed\rep65\processed_rep65__cam4_s129752_rank361.jpg,processed_rep65__cam4_s129752_rank361.jpg,TRUE,rep65,cam4,129752,361,0.9956705570220948,236.49850463867188,941.56689453125,0.028233472257852554,196.99789428710938,957.4898681640625,0.037664420902729034,177.24758911132813,966.06378173828125,1.779517650604248,202.85666666666665,951.1888888888889,900.5,1000,1000,FALSE,FALSE,-1.297158367053087,no issue,FALSE
frame362__s130112,C:/R_projects/spat_1f_noise/processed_feed\rep65\processed_rep65__cam4_s130112_rank362.jpg,processed_rep65__cam4_s130112_rank362.jpg,TRUE,rep65,cam4,130112,362,0.9944692850112916,249.53895568847656,938.2757568359375,0.022850636392831802,204.62059020996094,955.35919189453125,0.03938908502459526,174.6750030517578,963.90087890625,0.4332113265991211,210.4748743718593,950.6850921273032,1195.5,1000,1000,FALSE,FALSE,-0.32269244697656824,no issue,FALSE
frame363__s130472,C:/R_projects/spat_1f_noise/processed_feed\rep65\processed_rep65__cam4_s130472_rank363.jpg,processed_rep65__cam4_s130472_rank363.jpg,TRUE,rep65,cam4,130472,363,0.9929836988449096,238.76516723632813,952.57989501953125,0.1395639032125473,205.24624633789063,956.3179931640625,0.036278970539569855,170.48585510253906,967.5322265625,0.041403379291296005,205.926944971537,954.3842504743833,1054.5,1000,1000,FALSE,FALSE,-0.6670425587220103,no issue,FALSE
frame364__s130833,C:/R_projects/spat_1f_noise/processed_feed\rep65\processed_rep65__cam4_s130833_rank364.jpg,processed_rep65__cam4_s130833_rank364.jpg,TRUE,rep65,cam4,130833,364,0.9824172258377076,248.0974578857422,945.0458984375,0.016686303541064262,200.59793090820313,957.18719482421875,0.027371937409043312,176.84817504882813,965.68603515625,0.047568321228027344,205.91969407265773,953.8718929254302,1047.5,1000,1000,FALSE,FALSE,-0.6363295402549204,no issue,FALSE
frame365__s131193,C:/R_projects/spat_1f_noise/processed_feed\rep65\processed_rep65__cam4_s131193_rank365.jpg,processed_rep65__cam4_s131193_rank365.jpg,TRUE,rep65,cam4,131193,365,0.9935897588729858,250.18099975585938,949.7935791015625,0.02100973017513752,199.31219482421875,957.13494873046875,0.03336934372782707,174.49813842773438,964.476318359375,1.1069071292877197,208.1885014137606,953.5221489161169,1062,1000,1000,FALSE,FALSE,-0.5521759612706175,no issue,FALSE
frame366__s131554,C:/R_projects/spat_1f_noise/processed_feed\rep65\processed_rep65__cam4_s131554_rank366.jpg,processed_rep65__cam4_s131554_rank366.jpg,TRUE,rep65,cam4,131554,366,0.9918930530548096,253.3861541748047,945.844970703125,0.019404174759984016,204.70950317382813,954.589599609375,0.03530576452612877,172.2584228515625,967.08203125,0.04283593222498894,209.76239316239315,951.8521367521367,1171.5,1000,1000,FALSE,FALSE,-0.143487358371377,no issue,FALSE
frame367__s131914,C:/R_projects/spat_1f_noise/processed_feed\rep65\processed_rep65__cam4_s131914_rank367.jpg,processed_rep65__cam4_s131914_rank367.jpg,TRUE,rep65,cam4,131914,367,0.9953232407569884,238.0364227294922,954.2559814453125,0.01883651874959469,189.8843231201172,969.08392333984375,1.0717098712921143,173.83363342285156,980.2049560546875,0.03486108034849167,203.97781721384206,965.4880212954747,1125.5,1000,1000,TRUE,FALSE,-0.2515596291673167,no issue,FALSE
frame368__s132275,C:/R_projects/spat_1f_noise/processed_feed\rep65\processed_rep65__cam4_s132275_rank368.jpg,processed_rep65__cam4_s132275_rank368.jpg,TRUE,rep65,cam4,132275,368,0.9831589460372924,249.0259552001953,925.7733154296875,0.005385393742471933,206.76942443847656,974.2109375,2.640407085418701,173.2127685546875,980.42083740234375,0.042637214064598083,217.02225312934632,958.4316179879462,2153.5,1000,1000,TRUE,FALSE,3.3128475927530823,too big,FALSE
frame369__s132635,C:/R_projects/spat_1f_noise/processed_feed\rep65\processed_rep65__cam4_s132635_rank369.jpg,processed_rep65__cam4_s132635_rank369.jpg,TRUE,rep65,cam4,132635,369,0.9853992462158204,173.9365234375,976.234619140625,0.04994167387485504,201.42127990722656,968.8870849609375,0.019045384600758553,195.17474365234375,987.255859375,0.023777030408382416,209.83602771362587,969.6620477290223,1298.5,1000,1000,TRUE,FALSE,0.42115776815151523,no issue,FALSE
frame370__s132995,C:/R_projects/spat_1f_noise/processed_feed\rep65\processed_rep65__cam4_s132995_rank370.jpg,processed_rep65__cam4_s132995_rank370.jpg,TRUE,rep65,cam4,132995,370,0.9794335961341858,241.48117065429688,972.969482421875,0.6771346926689148,214.1427459716797,960.48797607421875,0.0265995841473341,185.5616455078125,972.969482421875,0.4294179677963257,208.17812929848694,956.1740027510316,1451.5,1000,1000,TRUE,FALSE,0.9587437353845615,no issue,FALSE
frame371__s133356,C:/R_projects/spat_1f_noise/processed_feed\rep65\processed_rep65__cam4_s133356_rank371.jpg,processed_rep65__cam4_s133356_rank371.jpg,TRUE,rep65,cam4,133356,371,0.9861932396888732,234.26803588867188,947.042236328125,0.06902792304754257,210.596923828125,961.94732666015625,0.05207204446196556,180.69654846191406,974.3682861328125,8.176275253295898,215.1727642276423,952.9518970189702,1479,1000,1000,TRUE,FALSE,1.1119501096861308,no issue,FALSE
frame372__s133716,C:/R_projects/spat_1f_noise/processed_feed\rep65\processed_rep65__cam4_s133716_rank372.jpg,processed_rep65__cam4_s133716_rank372.jpg,TRUE,rep65,cam4,133716,372,0.9926602244377136,239.94808959960938,968.1444091796875,0.007006720174103975,195.0857391357422,968.1444091796875,0.021019475534558296,175.14691162109375,981.521240234375,0.04214489459991455,206.51630811936155,967.9729354614851,1438.5,1000,1000,TRUE,FALSE,0.910129692588596,no issue,FALSE
frame373__s134077,C:/R_projects/spat_1f_noise/processed_feed\rep65\processed_rep65__cam4_s134077_rank373.jpg,processed_rep65__cam4_s134077_rank373.jpg,TRUE,rep65,cam4,134077,373,0.9930978417396544,229.81544494628906,956.137939453125,0.00779643515124917,199.89474487304688,962.31390380859375,0.023194877430796623,173.71414184570313,980.8419189453125,0.03541341796517372,196.14712153518124,964.7718550106609,941.5,1000,1000,TRUE,FALSE,-0.7808105606374666,no issue,FALSE
frame374__s134437,C:/R_projects/spat_1f_noise/processed_feed\rep65\processed_rep65__cam4_s134437_rank374.jpg,processed_rep65__cam4_s134437_rank374.jpg,TRUE,rep65,cam4,134437,374,0.9913621544837952,222.00595092773438,958.1986083984375,0.01890723966062069,199.6007080078125,965.49615478515625,0.02518477663397789,173.46127319335938,980.09124755859375,0.05207440257072449,205.60388639760836,966.398355754858,1332.5,1000,1000,TRUE,FALSE,0.5182697703608552,no issue,FALSE
frame375__s134797,C:/R_projects/spat_1f_noise/processed_feed\rep65\processed_rep65__cam4_s134797_rank375.jpg,processed_rep65__cam4_s134797_rank375.jpg,TRUE,rep65,cam4,134797,375,0.9844827055931092,224.48348999023438,970.17529296875,0.010183707810938358,197.29248046875,966.45513916015625,0.020980902016162872,176.28125,975.13555908203125,0.06124986335635185,202.3054873054873,965.5880425880426,1220.5,1000,1000,TRUE,FALSE,0.024928764442799088,no issue,FALSE
frame376__s135158,C:/R_projects/spat_1f_noise/processed_feed\rep65\processed_rep65__cam4_s135158_rank376.jpg,processed_rep65__cam4_s135158_rank376.jpg,TRUE,rep65,cam4,135158,376,0.9918598532676696,232.60299682617188,960.0025634765625,0.006569931749254465,200.3343505859375,962.48748779296875,0.02064252831041813,176.75340270996094,982.3670654296875,0.02224951796233654,197.91304347826087,965.2237851662404,785,1000,1000,TRUE,FALSE,-1.5542602276916018,no issue,FALSE
frame377__s135518,C:/R_projects/spat_1f_noise/processed_feed\rep65\processed_rep65__cam4_s135518_rank377.jpg,processed_rep65__cam4_s135518_rank377.jpg,TRUE,rep65,cam4,135518,377,0.9929322004318236,206.964111328125,961.3035888671875,0.4364910125732422,221.75735473632813,950.2427978515625,0.04558557644486427,261.20599365234375,936.7239990234375,0.013025523163378239,231.2,945.6341176470588,853,1000,1000,FALSE,FALSE,-1.38299192027091,no issue,FALSE
frame378__s135879,C:/R_projects/spat_1f_noise/processed_feed\rep65\processed_rep65__cam4_s135879_rank378.jpg,processed_rep65__cam4_s135879_rank378.jpg,TRUE,rep65,cam4,135879,378,0.994452178478241,260.3507385253906,935.57159423828125,0.0242523942142725,219.19395446777344,950.2713623046875,0.035952020436525345,201.7335205078125,960.0712890625,0.11317296326160431,228.79933110367892,945.5284280936455,901.5,1000,1000,FALSE,FALSE,-1.2205481878407827,no issue,FALSE
frame379__s136239,C:/R_projects/spat_1f_noise/processed_feed\rep65\processed_rep65__cam4_s136239_rank379.jpg,processed_rep65__cam4_s136239_rank379.jpg,TRUE,rep65,cam4,136239,379,0.9949636459350586,209.83880615234375,962.74261474609375,0.29770269989967346,223.45970153808594,949.27947998046875,0.041649021208286285,209.83880615234375,962.74261474609375,0.9875010251998901,234.24274661508704,944.5812379110251,1035,1000,1000,FALSE,FALSE,-0.7522966115499076,no issue,FALSE
frame380__s136599,C:/R_projects/spat_1f_noise/processed_feed\rep65\processed_rep65__cam4_s136599_rank380.jpg,processed_rep65__cam4_s136599_rank380.jpg,TRUE,rep65,cam4,136599,380,0.993919849395752,210.76918029785156,963.49267578125,0.09126738458871841,223.2587890625,948.58758544921875,0.0335979200899601,210.76918029785156,963.49267578125,0.4343470633029938,229.86921708185054,946.7188612099644,1128.5,1000,1000,FALSE,FALSE,-0.4471719502538317,no issue,FALSE
frame381__s136960,C:/R_projects/spat_1f_noise/processed_feed\rep65\processed_rep65__cam4_s136960_rank381.jpg,processed_rep65__cam4_s136960_rank381.jpg,TRUE,rep65,cam4,136960,381,0.9928181171417236,207.10641479492188,959.424072265625,1.57162344455719,220.712890625,948.37615966796875,0.033806003630161285,267.7170715332031,937.3282470703125,0.018528079614043236,232.84319526627218,944.689349112426,1016,1000,1000,FALSE,FALSE,-0.8833628242367308,no issue,FALSE
frame382__s137320,C:/R_projects/spat_1f_noise/processed_feed\rep65\processed_rep65__cam4_s137320_rank382.jpg,processed_rep65__cam4_s137320_rank382.jpg,TRUE,rep65,cam4,137320,382,0.9958512783050536,203.1488800048828,964.50872802734375,0.2396804839372635,218.08352661132813,950.81304931640625,0.043731044977903366,203.1488800048828,964.50872802734375,0.4360973536968231,232.32238547968885,945.8426966292135,1161,1000,1000,FALSE,FALSE,-0.3408781014257093,no issue,FALSE
frame383__s137681,C:/R_projects/spat_1f_noise/processed_feed\rep65\processed_rep65__cam4_s137681_rank383.jpg,processed_rep65__cam4_s137681_rank383.jpg,TRUE,rep65,cam4,137681,383,0.991819143295288,199.48919677734375,964.18365478515625,0.6553018689155579,214.30911254882813,951.7601318359375,0.03507836163043976,199.48919677734375,964.18365478515625,0.9949299693107605,231.65472910927457,944.842056932966,1092.5,1000,1000,FALSE,FALSE,-0.6000511972011933,no issue,FALSE
frame384__s138041,C:/R_projects/spat_1f_noise/processed_feed\rep65\processed_rep65__cam4_s138041_rank384.jpg,processed_rep65__cam4_s138041_rank384.jpg,TRUE,rep65,cam4,138041,384,0.9920774102211,203.04437255859375,966.25677490234375,0.9365155100822449,219.0845947265625,951.45758056640625,0.0328720360994339,263.503662109375,939.125,0.06285446882247925,230.43365384615385,947.0971153846153,1043,1000,1000,FALSE,FALSE,-0.8485905321259729,no issue,FALSE
frame385__s138402,C:/R_projects/spat_1f_noise/processed_feed\rep65\processed_rep65__cam4_s138402_rank385.jpg,processed_rep65__cam4_s138402_rank385.jpg,TRUE,rep65,cam4,138402,385,0.9924577474594116,267.7583312988281,934.94598388671875,0.04512675106525421,216.55401611328125,953.40966796875,0.030809856951236725,196.57183837890625,966.9495849609375,0.13449393212795258,230.0197941409343,947.0372129849565,1263.5,1000,1000,FALSE,FALSE,0.21474829705851614,no issue,FALSE
frame386__s138762,C:/R_projects/spat_1f_noise/processed_feed\rep65\processed_rep65__cam4_s138762_rank386.jpg,processed_rep65__cam4_s138762_rank386.jpg,TRUE,rep65,cam4,138762,386,0.9930384755134584,190.7132110595703,973.95013427734375,0.1626540720462799,210.6455078125,956.55084228515625,0.027894185855984688,194.4505157470703,975.19287109375,0.14978724718093872,225.84100418410043,950.2405857740586,1436,1000,1000,TRUE,FALSE,1.0465891434615082,no issue,FALSE
frame387__s139122,C:/R_projects/spat_1f_noise/processed_feed\rep65\processed_rep65__cam4_s139122_rank387.jpg,processed_rep65__cam4_s139122_rank387.jpg,TRUE,rep65,cam4,139122,387,0.9757831692695618,271.14324951171875,933.14727783203125,0.04767283424735069,210.0473175048828,956.69012451171875,0.036258962005376816,197.57875061035156,977.75482177734375,0.14127905666828156,223.22768124625523,951.5332534451768,1671,1000,1000,TRUE,FALSE,2.2659016098165368,too big,FALSE
frame388__s139483,C:/R_projects/spat_1f_noise/processed_feed\rep65\processed_rep65__cam4_s139483_rank388.jpg,processed_rep65__cam4_s139483_rank388.jpg,TRUE,rep65,cam4,139483,388,0.9955755472183228,201.44952392578125,965.0968017578125,0.08750071376562119,217.56680297851563,951.6739501953125,0.02913477085530758,201.44952392578125,965.0968017578125,2.1071879863739014,228.98613518197573,946.4584055459272,1156,1000,1000,FALSE,FALSE,-0.22885468718370192,no issue,FALSE
frame389__s139843,C:/R_projects/spat_1f_noise/processed_feed\rep65\processed_rep65__cam4_s139843_rank389.jpg,processed_rep65__cam4_s139843_rank389.jpg,TRUE,rep65,cam4,139843,389,0.995496392250061,191.19033813476563,973.8721923828125,0.7558002471923828,209.79673767089844,956.3724365234375,0.039343394339084625,191.19033813476563,973.8721923828125,0.6438313722610474,223.1446587537092,950.1342729970327,1350.5,1000,1000,FALSE,FALSE,0.7086116259030939,no issue,FALSE
frame390__s140204,C:/R_projects/spat_1f_noise/processed_feed\rep65\processed_rep65__cam4_s140204_rank390.jpg,processed_rep65__cam4_s140204_rank390.jpg,TRUE,rep65,cam4,140204,390,0.995768904685974,193.99351501464844,976.11566162109375,4.3757548332214355,213.81344604492188,956.4774169921875,0.05168134346604347,193.99351501464844,976.11566162109375,4.743042945861816,224.48046124279307,951.0884048686739,1566.5,1000,1000,TRUE,FALSE,1.8394706098874456,no issue,FALSE
frame391__s140564,C:/R_projects/spat_1f_noise/processed_feed\rep65\processed_rep65__cam4_s140564_rank391.jpg,processed_rep65__cam4_s140564_rank391.jpg,TRUE,rep65,cam4,140564,391,0.9961812496185304,191.44407653808594,977.76605224609375,2.7806966304779053,210.04656982421875,960.3323974609375,0.05069922283291817,191.44407653808594,977.76605224609375,1.6678237915039063,222.49815225424982,952.0073909830007,1356.5,1000,1000,TRUE,FALSE,0.7549812702559672,no issue,FALSE
frame392__s140924,C:/R_projects/spat_1f_noise/processed_feed\rep65\processed_rep65__cam4_s140924_rank392.jpg,processed_rep65__cam4_s140924_rank392.jpg,TRUE,rep65,cam4,140924,392,0.9922074675559998,196.66653442382813,964.154541015625,0.10757504403591156,221.63241577148438,951.8741455078125,0.038185443729162216,196.66653442382813,964.154541015625,0.3281610906124115,226.70416994492527,948.780487804878,1275.5,1000,1000,FALSE,FALSE,0.28848357961308635,no issue,FALSE
frame393__s141285,C:/R_projects/spat_1f_noise/processed_feed\rep65\processed_rep65__cam4_s141285_rank393.jpg,processed_rep65__cam4_s141285_rank393.jpg,TRUE,rep65,cam4,141285,393,0.9962704181671144,263.8797302246094,932.8468017578125,0.06057281419634819,210.61965942382813,957.706787109375,0.05291353911161423,195.75637817382813,976.35162353515625,0.09172328561544418,220.96765676567657,952.2686468646865,1517.5,1000,1000,TRUE,FALSE,1.7109493081154368,no issue,FALSE
frame394__s141645,C:/R_projects/spat_1f_noise/processed_feed\rep65\processed_rep65__cam4_s141645_rank394.jpg,processed_rep65__cam4_s141645_rank394.jpg,TRUE,rep65,cam4,141645,394,0.99695587158203125,268.8658752441406,930.8134765625,0.05651972070336342,219.15786743164063,948.1287841796875,0.027425143867731094,198.03195190429688,960.49688720703125,2.4187405109405518,229.3231707317073,944.0008710801394,1151,1000,1000,FALSE,FALSE,-0.6663948608328849,no issue,FALSE
frame395__s142006,C:/R_projects/spat_1f_noise/processed_feed\rep65\processed_rep65__cam4_s142006_rank395.jpg,processed_rep65__cam4_s142006_rank395.jpg,TRUE,rep65,cam4,142006,395,0.99737286567688,199.26947021484375,963.62451171875,0.5199978351593018,215.35098266601563,949.94659423828125,0.04315117001533508,199.26947021484375,963.62451171875,0.1669836789369583,226.58970476911432,945.0719152157457,1323.5,1000,1000,FALSE,FALSE,0.40661575915181797,no issue,FALSE
frame396__s142366,C:/R_projects/spat_1f_noise/processed_feed\rep65\processed_rep65__cam4_s142366_rank396.jpg,processed_rep65__cam4_s142366_rank396.jpg,TRUE,rep65,cam4,142366,396,0.996204435825348,263.1781005859375,933.39971923828125,0.07001961767673492,212.49591064453125,952.11083984375,0.03714621067047119,195.1898193359375,967.0797119140625,0.37117788195610046,224.814011676397,946.5012510425355,1199.5,1000,1000,FALSE,FALSE,-0.47957251249685373,no issue,FALSE
frame397__s142727,C:/R_projects/spat_1f_noise/processed_feed\rep65\processed_rep65__cam4_s142727_rank397.jpg,processed_rep65__cam4_s142727_rank397.jpg,TRUE,rep65,cam4,142727,397,0.996963918209076,191.07373046875,967.97705078125,0.5607336759567261,210.85086059570313,955.75384521484375,0.026681488379836082,191.07373046875,967.97705078125,2.3388030529022217,222.48355555555557,950.4586666666667,1128.5,1000,1000,FALSE,FALSE,-1.0387953694689762,no issue,FALSE
frame398__s143087,C:/R_projects/spat_1f_noise/processed_feed\rep65\processed_rep65__cam4_s143087_rank398.jpg,processed_rep65__cam4_s143087_rank398.jpg,TRUE,rep65,cam4,143087,398,0.9952427744865416,189.28399658203125,966.78350830078125,1.3432364463806152,209.03199768066406,955.7554931640625,0.02967808209359646,189.28399658203125,966.78350830078125,3.2268941402435303,221.27061855670104,950.1890034364261,1167,1000,1000,FALSE,FALSE,-0.7713600430681757,no issue,FALSE
frame399__s143447,C:/R_projects/spat_1f_noise/processed_feed\rep65\processed_rep65__cam4_s143447_rank399.jpg,processed_rep65__cam4_s143447_rank399.jpg,TRUE,rep65,cam4,143447,399,0.9967101812362672,194.88055419921875,970.08782958984375,0.07310089468955994,212.23202514648438,956.6529541015625,0.0481480173766613,194.88055419921875,970.08782958984375,1.1345404386520386,222.27510548523207,951.6616033755274,1187,1000,1000,FALSE,FALSE,-0.7017374194854442,no issue,FALSE
frame400__s143808,C:/R_projects/spat_1f_noise/processed_feed\rep65\processed_rep65__cam4_s143808_rank400.jpg,processed_rep65__cam4_s143808_rank400.jpg,TRUE,rep65,cam4,143808,400,0.9961451292037964,188.9482879638672,965.330322265625,0.07431191951036453,211.2491455078125,955.407470703125,0.041326384991407394,188.9482879638672,965.330322265625,0.8588009476661682,221.7421944692239,951.1016949152543,1122.5,1000,1000,FALSE,FALSE,-1.3093955838353708,no issue,FALSE
frame401__s144168,C:/R_projects/spat_1f_noise/processed_feed\rep65\processed_rep65__cam4_s144168_rank401.jpg,processed_rep65__cam4_s144168_rank401.jpg,TRUE,rep65,cam4,144168,401,0.9983684420585632,186.72833251953125,972.70745849609375,2.731167793273926,202.85406494140625,959.23876953125,0.04503355175256729,186.72833251953125,972.70745849609375,4.184377193450928,222.70036363636365,950.5112727272727,1380.5,1000,1000,FALSE,FALSE,0.6732384431028027,no issue,FALSE
frame402__s144529,C:/R_projects/spat_1f_noise/processed_feed\rep65\processed_rep65__cam4_s144529_rank402.jpg,processed_rep65__cam4_s144529_rank402.jpg,TRUE,rep65,cam4,144529,402,0.9961943626403807,193.09231567382813,970.50347900390625,0.18294239044189453,209.27857971191406,956.9979248046875,0.03970327228307724,193.09231567382813,970.50347900390625,1.4906121492385864,221.39800166527894,951.9350541215654,1204,1000,1000,FALSE,FALSE,-0.679552367939952,no issue,FALSE
frame403__s144889,C:/R_projects/spat_1f_noise/processed_feed\rep65\processed_rep65__cam4_s144889_rank403.jpg,processed_rep65__cam4_s144889_rank403.jpg,TRUE,rep65,cam4,144889,403,0.9964568018913268,188.131103515625,968.09747314453125,0.12976758182048798,206.67703247070313,956.9595947265625,0.03450774401426315,188.131103515625,968.09747314453125,0.9773914813995361,223.38639876352394,949.6259659969088,1296.5,1000,1000,FALSE,FALSE,0.1555356207533698,no issue,FALSE
frame404__s145250,C:/R_projects/spat_1f_noise/processed_feed\rep65\processed_rep65__cam4_s145250_rank404.jpg,processed_rep65__cam4_s145250_rank404.jpg,TRUE,rep65,cam4,145250,404,0.9973783493041992,262.3421936035156,937.03192138671875,0.04990604892373085,206.4434814453125,956.97198486328125,0.037422534078359604,187.8105926513672,968.188232421875,0.5442232489585876,221.55769230769232,949.849358974359,1252,1000,1000,FALSE,FALSE,-0.3282847650279586,no issue,FALSE
frame405__s145610,C:/R_projects/spat_1f_noise/processed_feed\rep65\processed_rep65__cam4_s145610_rank405.jpg,processed_rep65__cam4_s145610_rank405.jpg,TRUE,rep65,cam4,145610,405,0.9969359636306764,190.85472106933594,969.50189208984375,7.581298351287842,204.56748962402344,957.13507080078125,0.03541778028011322,190.85472106933594,969.50189208984375,0.3943716287612915,223.56763285024155,948.9009661835748,1245.5,1000,1000,FALSE,FALSE,-0.3967143279496312,no issue,FALSE
frame406__s145971,C:/R_projects/spat_1f_noise/processed_feed\rep65\processed_rep65__cam4_s145971_rank406.jpg,processed_rep65__cam4_s145971_rank406.jpg,TRUE,rep65,cam4,145971,406,0.9961701035499572,187.5555419921875,968.31817626953125,1.629535436630249,204.86767578125,954.6895751953125,0.02567746303975582,187.5555419921875,968.31817626953125,8.973493576049805,221.09230769230768,948.3433198380567,1238.5,1000,1000,FALSE,FALSE,-0.4458114976721445,no issue,FALSE
frame407__s146331,C:/R_projects/spat_1f_noise/processed_feed\rep65\processed_rep65__cam4_s146331_rank407.jpg,processed_rep65__cam4_s146331_rank407.jpg,TRUE,rep65,cam4,146331,407,0.9967058300971984,194.07167053222656,967.6927490234375,0.5758755803108215,208.97515869140625,952.9713134765625,0.0366489514708519,194.07167053222656,967.6927490234375,0.07287491112947464,225.9975629569456,946.817221770918,1233,1000,1000,FALSE,FALSE,-0.5117909047420045,no issue,FALSE
frame408__s146691,C:/R_projects/spat_1f_noise/processed_feed\rep65\processed_rep65__cam4_s146691_rank408.jpg,processed_rep65__cam4_s146691_rank408.jpg,TRUE,rep65,cam4,146691,408,0.9960300326347352,190.1671142578125,966.7999267578125,0.1731969118118286,206.39845275878906,953.377197265625,0.027195122092962265,190.1671142578125,966.7999267578125,1.280975580215454,221.1422893481717,948.4014308426073,1260,1000,1000,FALSE,FALSE,-0.2606363177349181,no issue,FALSE
frame409__s147052,C:/R_projects/spat_1f_noise/processed_feed\rep65\processed_rep65__cam4_s147052_rank409.jpg,processed_rep65__cam4_s147052_rank409.jpg,TRUE,rep65,cam4,147052,409,0.9972250461578368,263.68255615234375,936.37969970703125,0.07806135714054108,207.77418518066406,955.04388427734375,0.053582992404699326,185.4108428955078,969.9752197265625,1.036315679550171,222.25178826895566,949.7846924177396,1400.5,1000,1000,TRUE,FALSE,1.4211753983596584,no issue,FALSE
frame410__s147412,C:/R_projects/spat_1f_noise/processed_feed\rep65\processed_rep65__cam4_s147412_rank410.jpg,processed_rep65__cam4_s147412_rank410.jpg,TRUE,rep65,cam4,147412,410,0.996990203857422,187.3392333984375,967.84423828125,2.1855545043945313,208.48411560058594,955.642578125,0.05114069953560829,187.3392333984375,967.84423828125,0.18561695516109467,222.35444947209652,949.604826546003,1328.5,1000,1000,FALSE,FALSE,0.560369267690893,no issue,FALSE
frame411__s147773,C:/R_projects/spat_1f_noise/processed_feed\rep65\processed_rep65__cam4_s147773_rank411.jpg,processed_rep65__cam4_s147773_rank411.jpg,TRUE,rep65,cam4,147773,411,0.983007550239563,262.587646484375,945.87677001953125,0.04279736429452896,206.69546508789063,952.0452880859375,0.042608458548784256,185.58062744140625,965.615966796875,0.10230648517608643,219.95555555555555,949.3044444444445,1355.5,1000,1000,TRUE,FALSE,0.9209717630269985,no issue,FALSE
frame412__s148133,C:/R_projects/spat_1f_noise/processed_feed\rep65\processed_rep65__cam4_s148133_rank412.jpg,processed_rep65__cam4_s148133_rank412.jpg,TRUE,rep65,cam4,148133,412,0.9849446415901184,192.88941955566406,964.16943359375,0.033735353499650955,205.2701416015625,950.59149169921875,0.03885350376367569,192.88941955566406,964.16943359375,0.1525350958108902,219.01546391752578,947.9991408934708,1169,1000,1000,FALSE,FALSE,-1.385992952223315,no issue,FALSE
frame413__s148493,C:/R_projects/spat_1f_noise/processed_feed\rep65\processed_rep65__cam4_s148493_rank413.jpg,processed_rep65__cam4_s148493_rank413.jpg,TRUE,rep65,cam4,148493,413,0.9879790544509888,184.35952758789063,962.31439208984375,0.14912395179271698,205.51220703125,951.27374267578125,0.024480564519762993,184.35952758789063,962.31439208984375,0.8575294613838196,220.06746370623398,948.0315969257045,1175,1000,1000,FALSE,FALSE,-1.4691020677804116,no issue,FALSE
frame414__s148854,C:/R_projects/spat_1f_noise/processed_feed\rep65\processed_rep65__cam4_s148854_rank414.jpg,processed_rep65__cam4_s148854_rank414.jpg,TRUE,rep65,cam4,148854,414,0.9860262870788574,261.92315673828125,944.951416015625,0.03451843932271004,204.62033081054688,953.689697265625,0.0380963571369648,184.68890380859375,964.9248046875,0.29603248834609985,220.02805155420774,949.543593631539,1322,1000,1000,FALSE,FALSE,0.35824855369552855,no issue,FALSE
frame415__s149214,C:/R_projects/spat_1f_noise/processed_feed\rep65\processed_rep65__cam4_s149214_rank415.jpg,processed_rep65__cam4_s149214_rank415.jpg,TRUE,rep65,cam4,149214,415,0.9847283363342284,191.20333862304688,963.526123046875,0.17679229378700256,204.8717498779297,949.963134765625,0.038103390485048294,191.20333862304688,963.526123046875,0.6583904027938843,218.17509433962263,949.0150943396227,1326.5,1000,1000,FALSE,FALSE,0.38570036055433,no issue,FALSE
frame416__s149575,C:/R_projects/spat_1f_noise/processed_feed\rep65\processed_rep65__cam4_s149575_rank416.jpg,processed_rep65__cam4_s149575_rank416.jpg,TRUE,rep65,cam4,149575,416,0.997051477432251,190.95999145507813,962.305419921875,11.082886695861816,207.15408325195313,950.1241455078125,0.03440675511956215,190.95999145507813,962.305419921875,1.8313031196594238,222.99149265274556,945.4825986078886,1297,1000,1000,FALSE,FALSE,-0.11974816005955741,no issue,FALSE
frame417__s149935,C:/R_projects/spat_1f_noise/processed_feed\rep65\processed_rep65__cam4_s149935_rank417.jpg,processed_rep65__cam4_s149935_rank417.jpg,TRUE,rep65,cam4,149935,417,0.9957388639450072,190.5704345703125,967.27850341796875,1.0772392749786377,205.56410217285156,952.5250244140625,0.04258579760789871,261.7903137207031,937.7716064453125,0.08647964149713516,221.77008928571428,947.0141369047619,1347.5,1000,1000,FALSE,FALSE,0.687656211118225,no issue,FALSE
frame418__s150296,C:/R_projects/spat_1f_noise/processed_feed\rep65\processed_rep65__cam4_s150296_rank418.jpg,processed_rep65__cam4_s150296_rank418.jpg,TRUE,rep65,cam4,150296,418,0.9965325593948364,261.79010009765625,936.7720947265625,0.0600833036005497,203.08590698242188,951.5435791015625,0.04995163530111313,181.85247802734375,963.8531494140625,0.7240725755691528,223.27252419955323,944.4683544303797,1345,1000,1000,FALSE,FALSE,0.526733695245092,no issue,FALSE
frame419__s150656,C:/R_projects/spat_1f_noise/processed_feed\rep65\processed_rep65__cam4_s150656_rank419.jpg,processed_rep65__cam4_s150656_rank419.jpg,TRUE,rep65,cam4,150656,419,0.996908962726593,192.9649658203125,964.46075439453125,1.8457238674163818,206.53482055664063,949.66180419921875,0.042739760130643845,192.9649658203125,964.46075439453125,0.22664719820022583,222.97853441894893,944.7949666913397,1356.5,1000,1000,FALSE,FALSE,0.7004165897134832,no issue,FALSE
frame420__s151016,C:/R_projects/spat_1f_noise/processed_feed\rep65\processed_rep65__cam4_s151016_rank420.jpg,processed_rep65__cam4_s151016_rank420.jpg,TRUE,rep65,cam4,151016,420,0.9984343647956848,194.3712158203125,963.4696044921875,0.569158673286438,213.01373291015625,948.56512451171875,0.04286841303110123,194.3712158203125,963.4696044921875,0.13769550621509552,224.1118373275236,944.7501815541032,1380.5,1000,1000,FALSE,FALSE,0.8981255237188996,no issue,FALSE
frame421__s151377,C:/R_projects/spat_1f_noise/processed_feed\rep65\processed_rep65__cam4_s151377_rank421.jpg,processed_rep65__cam4_s151377_rank421.jpg,TRUE,rep65,cam4,151377,421,0.9987509250640868,191.79641723632813,964.20379638671875,2.7106568813323975,234.0259552001953,941.01495361328125,0.06336052715778351,262.593017578125,933.692138671875,0.0888400599360466,222.93584905660379,943.9675471698113,1328.5,1000,1000,FALSE,FALSE,0.057712782715879034,no issue,FALSE
frame422__s151737,C:/R_projects/spat_1f_noise/processed_feed\rep65\processed_rep65__cam4_s151737_rank422.jpg,processed_rep65__cam4_s151737_rank422.jpg,TRUE,rep65,cam4,151737,422,0.9976848363876344,183.0889129638672,964.58929443359375,1.046964406967163,203.03480529785156,951.1614990234375,0.03458075225353241,264.11907958984375,932.85089111328125,0.0850982740521431,224.47383512544803,943.652329749104,1397.5,1000,1000,FALSE,FALSE,0.7511812863428137,no issue,FALSE
frame423__s152098,C:/R_projects/spat_1f_noise/processed_feed\rep65\processed_rep65__cam4_s152098_rank423.jpg,processed_rep65__cam4_s152098_rank423.jpg,TRUE,rep65,cam4,152098,423,0.998376965522766,187.98129272460938,967.78802490234375,14.3787260055542,204.09231567382813,951.8323974609375,0.05152997374534607,187.98129272460938,967.78802490234375,0.4633851647377014,221.99285714285713,945.3435714285714,1402,1000,1000,FALSE,FALSE,0.656140811746219,no issue,FALSE
frame424__s152458,C:/R_projects/spat_1f_noise/processed_feed\rep65\processed_rep65__cam4_s152458_rank424.jpg,processed_rep65__cam4_s152458_rank424.jpg,TRUE,rep65,cam4,152458,424,0.9982016086578368,187.19017028808594,960.294189453125,0.12014704197645187,205.918701171875,948.086181640625,0.050960417836904526,263.35284423828125,932.2158203125,0.08679531514644623,222.74922839506172,943.0308641975308,1298.5,1000,1000,FALSE,FALSE,-0.5952617785139535,no issue,FALSE
frame425__s152819,C:/R_projects/spat_1f_noise/processed_feed\rep65\processed_rep65__cam4_s152819_rank425.jpg,processed_rep65__cam4_s152819_rank425.jpg,TRUE,rep65,cam4,152819,425,0.9979538917541504,191.5188751220703,963.21868896484375,1.021999716758728,208.78868103027344,948.37591552734375,0.03846917301416397,191.5188751220703,963.21868896484375,0.07906395196914673,224.41509433962264,942.7712264150944,1275.5,1000,1000,FALSE,FALSE,-0.8404374691184644,no issue,FALSE
frame426__s153179,C:/R_projects/spat_1f_noise/processed_feed\rep65\processed_rep65__cam4_s153179_rank426.jpg,processed_rep65__cam4_s153179_rank426.jpg,TRUE,rep65,cam4,153179,426,0.9990378618240356,196.83831787109375,961.478271484375,0.1592738777399063,216.66812133789063,947.73895263671875,0.057704851031303406,196.83831787109375,961.478271484375,0.7453230619430542,227.83034257748776,943.3507340946167,1229.5,1000,1000,FALSE,FALSE,-1.3154844095085327,no issue,FALSE
frame427__s153539,C:/R_projects/spat_1f_noise/processed_feed\rep65\processed_rep65__cam4_s153539_rank427.jpg,processed_rep65__cam4_s153539_rank427.jpg,TRUE,rep65,cam4,153539,427,0.9989132881164552,189.31881713867188,964.59503173828125,0.10901229828596115,210.56585693359375,950.927001953125,0.05047193169593811,188.06898498535156,963.3524169921875,0.074522465467453,225.63643351268254,944.7763259031515,1305,1000,1000,FALSE,FALSE,-0.5793474266302115,no issue,FALSE
frame428__s153900,C:/R_projects/spat_1f_noise/processed_feed\rep65\processed_rep65__cam4_s153900_rank428.jpg,processed_rep65__cam4_s153900_rank428.jpg,TRUE,rep65,cam4,153900,428,0.9985530972480774,192.38294982910156,958.5311279296875,0.12349659204483032,214.7445068359375,947.44818115234375,0.056026641279459,198.59449768066406,960.99395751953125,0.699592649936676,227.09083850931677,942.9052795031056,1291,1000,1000,FALSE,FALSE,-0.8168606874256807,no issue,FALSE
frame429__s154260,C:/R_projects/spat_1f_noise/processed_feed\rep65\processed_rep65__cam4_s154260_rank429.jpg,processed_rep65__cam4_s154260_rank429.jpg,TRUE,rep65,cam4,154260,429,0.9985894560813904,191.23818969726563,967.8702392578125,1.5462626218795776,208.54530334472656,951.741455078125,0.06544388085603714,191.23818969726563,967.8702392578125,13.17435073852539,224.32446043165467,945.0705035971223,1392.5,1000,1000,FALSE,FALSE,-0.042698994488216936,no issue,FALSE
frame430__s154621,C:/R_projects/spat_1f_noise/processed_feed\rep65\processed_rep65__cam4_s154621_rank430.jpg,processed_rep65__cam4_s154621_rank430.jpg,TRUE,rep65,cam4,154621,430,0.998871386051178,192.5377197265625,966.8734130859375,3.1652932167053223,208.68629455566406,952.0377197265625,0.05387359857559204,192.5377197265625,966.8734130859375,33.4244499206543,224.656346749226,945.4318885448916,1294.5,1000,1000,FALSE,FALSE,-0.9447566005269802,no issue,FALSE
frame431__s154981,C:/R_projects/spat_1f_noise/processed_feed\rep65\processed_rep65__cam4_s154981_rank431.jpg,processed_rep65__cam4_s154981_rank431.jpg,TRUE,rep65,cam4,154981,431,0.9986475110054016,190.35171508789063,968.45306396484375,0.4441337287425995,209.0188751220703,953.53338623046875,0.062296636402606964,190.35171508789063,968.45306396484375,4.936147212982178,224.79984836997727,946.1546626231994,1321,1000,1000,FALSE,FALSE,-0.7382076317295538,no issue,FALSE
frame432__s155341,C:/R_projects/spat_1f_noise/processed_feed\rep65\processed_rep65__cam4_s155341_rank432.jpg,processed_rep65__cam4_s155341_rank432.jpg,TRUE,rep65,cam4,155341,432,0.9978972673416138,191.20407104492188,968.2939453125,0.8201382160186768,208.67613220214844,953.5455322265625,0.05457164719700813,191.20407104492188,968.2939453125,0.20403359830379486,222.82124158563948,947.8369483919222,1339.5,1000,1000,FALSE,FALSE,-0.6342999856653228,no issue,FALSE
frame433__s155702,C:/R_projects/spat_1f_noise/processed_feed\rep65\processed_rep65__cam4_s155702_rank433.jpg,processed_rep65__cam4_s155702_rank433.jpg,TRUE,rep65,cam4,155702,433,0.99830162525177,191.53909301757813,969.86395263671875,1.331516146659851,206.38368225097656,952.7662353515625,0.07033529132604599,260.8138732910156,938.11102294921875,0.10028230398893356,221.88920056100983,947.9354838709677,1428.5,1000,1000,FALSE,FALSE,0.012114305137861573,no issue,FALSE
frame434__s156062,C:/R_projects/spat_1f_noise/processed_feed\rep65\processed_rep65__cam4_s156062_rank434.jpg,processed_rep65__cam4_s156062_rank434.jpg,TRUE,rep65,cam4,156062,434,0.9987159967422484,191.45114135742188,970.33111572265625,2.963754653930664,206.38827514648438,954.1634521484375,0.058185603469610214,191.45114135742188,970.33111572265625,24.717697143554688,219.20384615384614,948.4576923076924,1303.5,1000,1000,FALSE,FALSE,-0.9477629133371388,no issue,FALSE
frame435__s156423,C:/R_projects/spat_1f_noise/processed_feed\rep65\processed_rep65__cam4_s156423_rank435.jpg,processed_rep65__cam4_s156423_rank435.jpg,TRUE,rep65,cam4,156423,435,0.9987236857414246,187.79090881347656,973.0919189453125,4.232004642486572,206.3137664794922,954.6922607421875,0.08247102797031403,187.79090881347656,973.0919189453125,16.615169525146484,223.0095563139932,946.7651877133105,1466,1000,1000,FALSE,FALSE,0.27561564457996446,no issue,FALSE
frame436__s156783,C:/R_projects/spat_1f_noise/processed_feed\rep65\processed_rep65__cam4_s156783_rank436.jpg,processed_rep65__cam4_s156783_rank436.jpg,TRUE,rep65,cam4,156783,436,0.9987971782684326,190.81179809570313,970.79620361328125,0.2258920520544052,210.55860900878906,954.80029296875,0.08471287041902542,193.28016662597656,972.026611328125,2.687401056289673,224.2911479944675,947.5221300138313,1446.5,1000,1000,FALSE,FALSE,0.12348679580277674,no issue,FALSE
frame437__s157144,C:/R_projects/spat_1f_noise/processed_feed\rep65\processed_rep65__cam4_s157144_rank437.jpg,processed_rep65__cam4_s157144_rank437.jpg,TRUE,rep65,cam4,157144,437,0.998703956604004,192.04315185546875,976.34649658203125,0.3236754834651947,210.6339874267578,956.34979248046875,0.08032875508069992,262.6883544921875,928.8543701171875,0.042811319231987,222.31849968213604,949.6401780038144,1573,1000,1000,TRUE,FALSE,1.092754496636138,no issue,FALSE
frame438__s157504,C:/R_projects/spat_1f_noise/processed_feed\rep65\processed_rep65__cam4_s157504_rank438.jpg,processed_rep65__cam4_s157504_rank438.jpg,TRUE,rep65,cam4,157504,438,0.99819678068161,192.70571899414063,973.22869873046875,0.3882448673248291,212.6283416748047,954.7823486328125,0.09839831292629242,264.92523193359375,926.4979248046875,0.04808349907398224,225.36238532110093,947.6395806028834,1525.5,1000,1000,FALSE,FALSE,0.6368003134156445,no issue,FALSE
frame439__s157864,C:/R_projects/spat_1f_noise/processed_feed\rep65\processed_rep65__cam4_s157864_rank439.jpg,processed_rep65__cam4_s157864_rank439.jpg,TRUE,rep65,cam4,157864,439,0.9981873631477356,191.7237548828125,970.5908203125,0.23006585240364075,212.7606201171875,954.6275634765625,0.10012635588645935,265.9715576171875,926.384765625,0.026569897308945656,224.6801592568016,948.0822826808228,1509.5,1000,1000,FALSE,FALSE,0.37455261278780816,no issue,FALSE
frame440__s158225,C:/R_projects/spat_1f_noise/processed_feed\rep65\processed_rep65__cam4_s158225_rank440.jpg,processed_rep65__cam4_s158225_rank440.jpg,TRUE,rep65,cam4,158225,440,0.9985477328300476,263.907470703125,927.27874755859375,0.047491662204265594,210.19700622558594,954.24163818359375,0.0774998813867569,192.7098846435547,971.39984130859375,25.665550231933594,226.77761521580103,944.8397951719093,1368.5,1000,1000,FALSE,FALSE,-0.6067519364273818,no issue,FALSE
frame441__s158585,C:/R_projects/spat_1f_noise/processed_feed\rep65\processed_rep65__cam4_s158585_rank441.jpg,processed_rep65__cam4_s158585_rank441.jpg,TRUE,rep65,cam4,158585,441,0.9978679418563844,190.2242889404297,972.7957763671875,0.13551348447799683,213.76914978027344,955.29656982421875,0.08164890110492706,190.2242889404297,972.7957763671875,0.40458980202674866,225.09212198221093,948.3163913595934,1574.5,1000,1000,TRUE,FALSE,0.5395597717360913,no issue,FALSE
frame442__s158946,C:/R_projects/spat_1f_noise/processed_feed\rep65\processed_rep65__cam4_s158946_rank442.jpg,processed_rep65__cam4_s158946_rank442.jpg,TRUE,rep65,cam4,158946,442,0.9983680844306946,265.7082214355469,924.9815673828125,0.04709502309560776,213.4449462890625,954.7650146484375,0.10566743463277817,191.04641723632813,973.3797607421875,1.082943320274353,225.04085480829667,947.3362664990572,1591,1000,1000,FALSE,FALSE,0.5215758073267865,no issue,FALSE
frame443__s159306,C:/R_projects/spat_1f_noise/processed_feed\rep65\processed_rep65__cam4_s159306_rank443.jpg,processed_rep65__cam4_s159306_rank443.jpg,TRUE,rep65,cam4,159306,443,0.9981093406677246,261.277587890625,932.4376220703125,0.032468993216753006,207.8477783203125,958.35198974609375,0.12196920812129974,190.45204162597656,978.09625244140625,0.047569241374731064,222.30400485436894,950.2075242718447,1647.5,1000,1000,TRUE,FALSE,0.7562204812701332,no issue,FALSE
frame444__s159667,C:/R_projects/spat_1f_noise/processed_feed\rep65\processed_rep65__cam4_s159667_rank444.jpg,processed_rep65__cam4_s159667_rank444.jpg,TRUE,rep65,cam4,159667,444,0.9977433681488036,186.98602294921875,978.1317138671875,0.4559972882270813,206.9320526123047,958.22515869140625,0.12038630247116089,186.98602294921875,978.1317138671875,1.6585979461669922,221.22201834862386,950.3388379204893,1634.5,1000,1000,TRUE,FALSE,0.6258807389333597,no issue,FALSE
frame445__s160027,C:/R_projects/spat_1f_noise/processed_feed\rep65\processed_rep65__cam4_s160027_rank445.jpg,processed_rep65__cam4_s160027_rank445.jpg,TRUE,rep65,cam4,160027,445,0.9983665347099304,189.6558380126953,974.189697265625,1.0580759048461914,208.189697265625,955.5101318359375,0.10872702300548553,189.6558380126953,974.189697265625,8.205465316772461,223.19467343056436,948.285351934052,1576.5,1000,1000,FALSE,FALSE,0.2297351422502684,no issue,FALSE
frame446__s160387,C:/R_projects/spat_1f_noise/processed_feed\rep65\processed_rep65__cam4_s160387_rank446.jpg,processed_rep65__cam4_s160387_rank446.jpg,TRUE,rep65,cam4,160387,446,0.998090922832489,263.50970458984375,936.5560302734375,0.03794797509908676,206.57254028320313,958.7916259765625,0.12235217541456223,191.7193603515625,977.3214111328125,0.070172980427742,219.17961711711712,952.9307432432432,1779.5,1000,1000,TRUE,FALSE,1.426388676797046,no issue,FALSE
frame447__s160748,C:/R_projects/spat_1f_noise/processed_feed\rep65\processed_rep65__cam4_s160748_rank447.jpg,processed_rep65__cam4_s160748_rank447.jpg,TRUE,rep65,cam4,160748,447,0.9979897737503052,189.98541259765625,966.3763427734375,0.09649449586868286,209.81137084960938,952.93878173828125,0.05691585689783096,189.98541259765625,966.3763427734375,1.2521802186965942,224.86174785100286,946.4792263610315,1400.5,1000,1000,FALSE,FALSE,-0.9684197335436421,no issue,FALSE
frame448__s161108,C:/R_projects/spat_1f_noise/processed_feed\rep65\processed_rep65__cam4_s161108_rank448.jpg,processed_rep65__cam4_s161108_rank448.jpg,TRUE,rep65,cam4,161108,448,0.997919261455536,185.66786193847656,964.24554443359375,0.10682685673236847,205.60975646972656,950.82147216796875,0.05435154587030411,185.66786193847656,964.24554443359375,0.9205641746520996,222.77417127071823,945.2085635359116,1452,1000,1000,FALSE,FALSE,-0.717950620796754,no issue,FALSE
frame449__s161469,C:/R_projects/spat_1f_noise/processed_feed\rep65\processed_rep65__cam4_s161469_rank449.jpg,processed_rep65__cam4_s161469_rank449.jpg,TRUE,rep65,cam4,161469,449,0.9985206723213196,261.2903747558594,931.9810791015625,0.053930651396512985,206.9809112548828,951.62750244140625,0.06465210020542145,189.7006378173828,967.59027099609375,57.91094207763672,222.88654545454546,945.2850909090909,1376.5,1000,1000,FALSE,FALSE,-1.2648377586442132,no issue,FALSE
frame450__s161829,C:/R_projects/spat_1f_noise/processed_feed\rep65\processed_rep65__cam4_s161829_rank450.jpg,processed_rep65__cam4_s161829_rank450.jpg,TRUE,rep65,cam4,161829,450,0.9981831908226012,189.59591674804688,968.9088134765625,3.704859733581543,205.7523193359375,952.94012451171875,0.07364525645971298,189.59591674804688,968.9088134765625,28.345901489257813,222.6875881523272,945.5655853314528,1421,1000,1000,FALSE,FALSE,-1.1023433109470124,no issue,FALSE
frame451__s162190,C:/R_projects/spat_1f_noise/processed_feed\rep65\processed_rep65__cam4_s162190_rank451.jpg,processed_rep65__cam4_s162190_rank451.jpg,TRUE,rep65,cam4,162190,451,0.998333752155304,262.6457824707031,928.37957763671875,0.03902551531791687,211.8895721435547,951.65496826171875,0.0712762326002121,189.60635375976563,965.130126953125,0.7787277102470398,226.6826992103374,944.437903804738,1392.5,1000,1000,FALSE,FALSE,-1.3126666162996599,no issue,FALSE
frame452__s162550,C:/R_projects/spat_1f_noise/processed_feed\rep65\processed_rep65__cam4_s162550_rank452.jpg,processed_rep65__cam4_s162550_rank452.jpg,TRUE,rep65,cam4,162550,452,0.9978029131889344,263.5400390625,929.70892333984375,0.026825562119483948,221.17105102539063,949.57861328125,0.05046061426401138,197.49427795410156,961.99713134765625,35.94337844848633,230.12895752895753,943.4625482625482,1293.5,1000,1000,FALSE,FALSE,-1.963231051700302,no issue,FALSE
frame453__s162910,C:/R_projects/spat_1f_noise/processed_feed\rep65\processed_rep65__cam4_s162910_rank453.jpg,processed_rep65__cam4_s162910_rank453.jpg,TRUE,rep65,cam4,162910,453,0.9986894726753236,263.0077819824219,931.31787109375,0.06696941703557968,209.64576721191406,956.004150390625,0.0883263498544693,188.54916381835938,974.5189208984375,0.6357147097587585,223.15015015015015,949.0228228228228,1661,1000,1000,TRUE,FALSE,0.5141377676972526,no issue,FALSE
frame454__s163271,C:/R_projects/spat_1f_noise/processed_feed\rep65\processed_rep65__cam4_s163271_rank454.jpg,processed_rep65__cam4_s163271_rank454.jpg,TRUE,rep65,cam4,163271,454,0.9986767172813416,188.77835083007813,975.2425537109375,0.7996844053268433,209.98817443847656,955.52972412109375,0.08636470139026642,188.77835083007813,975.2425537109375,7.386664867401123,223.50573457127254,947.0884762424904,1831,1000,1000,TRUE,FALSE,1.632565962288805,no issue,FALSE
frame455__s163631,C:/R_projects/spat_1f_noise/processed_feed\rep65\processed_rep65__cam4_s163631_rank455.jpg,processed_rep65__cam4_s163631_rank455.jpg,TRUE,rep65,cam4,163631,455,0.9987356066703796,261.985595703125,926.3011474609375,0.036103054881095886,213.75656127929688,954.7679443359375,0.08254159241914749,191.4970245361328,974.5709228515625,2.6812636852264404,223.6893039049236,948.2037351443124,1767.5,1000,1000,TRUE,FALSE,1.1820840158387487,no issue,FALSE
frame456__s163992,C:/R_projects/spat_1f_noise/processed_feed\rep65\processed_rep65__cam4_s163992_rank456.jpg,processed_rep65__cam4_s163992_rank456.jpg,TRUE,rep65,cam4,163992,456,0.9988439083099364,262.80731201171875,919.3216552734375,0.07317643612623215,209.15931701660156,956.23651123046875,0.09501931816339493,189.197265625,975.92437744140625,9.409150123596191,224.6075597554197,946.212896053363,1799,1000,1000,TRUE,FALSE,1.21789476207392,no issue,FALSE
frame457__s164352,C:/R_projects/spat_1f_noise/processed_feed\rep65\processed_rep65__cam4_s164352_rank457.jpg,processed_rep65__cam4_s164352_rank457.jpg,TRUE,rep65,cam4,164352,457,0.9987829327583312,262.05828857421875,920.29876708984375,0.07575219869613647,209.95172119140625,955.2667236328125,0.10222627222537994,190.10162353515625,975.2484130859375,4.153167247772217,223.83426028921022,946.4627363737486,1797.5,1000,1000,TRUE,FALSE,1.1611737169134608,no issue,FALSE
frame458__s164713,C:/R_projects/spat_1f_noise/processed_feed\rep65\processed_rep65__cam4_s164713_rank458.jpg,processed_rep65__cam4_s164713_rank458.jpg,TRUE,rep65,cam4,164713,458,0.998824417591095,263.4120178222656,921.31805419921875,0.07951165735721588,207.78709411621094,956.27752685546875,0.10762133449316025,190.4815673828125,976.25433349609375,4.794883728027344,223.54195011337868,946.828231292517,1763,1000,1000,TRUE,FALSE,0.9741519568436359,no issue,FALSE
frame459__s165073,C:/R_projects/spat_1f_noise/processed_feed\rep65\processed_rep65__cam4_s165073_rank459.jpg,processed_rep65__cam4_s165073_rank459.jpg,TRUE,rep65,cam4,165073,459,0.9984837174415588,259.33050537109375,925.86126708984375,0.04126656427979469,209.85365295410156,954.33648681640625,0.08617212623357773,187.5890350341797,972.90716552734375,4.955392360687256,222.24984912492457,947.4556427278213,1655,1000,1000,TRUE,FALSE,0.3939112688945097,no issue,FALSE
frame460__s165433,C:/R_projects/spat_1f_noise/processed_feed\rep65\processed_rep65__cam4_s165433_rank460.jpg,processed_rep65__cam4_s165433_rank460.jpg,TRUE,rep65,cam4,165433,460,0.9979785084724426,262.149169921875,921.0985107421875,0.026152873411774635,207.53598022460938,956.7950439453125,0.08757345378398895,186.43540954589844,975.2587890625,6.279477596282959,221.71649791542586,948.3990470518165,1675,1000,1000,TRUE,FALSE,0.5403770256142696,no issue,FALSE
frame461__s165794,C:/R_projects/spat_1f_noise/processed_feed\rep65\processed_rep65__cam4_s165794_rank461.jpg,processed_rep65__cam4_s165794_rank461.jpg,TRUE,rep65,cam4,165794,461,0.9986067414283752,260.1632080078125,928.43017578125,0.036285772919654846,209.36526489257813,954.299072265625,0.08896738290786743,187.06375122070313,971.5450439453125,0.29768258333206177,220.62268961121734,948.1172721478649,1568.5,1000,1000,FALSE,FALSE,-0.027965516488179666,no issue,FALSE
frame462__s166154,C:/R_projects/spat_1f_noise/processed_feed\rep65\processed_rep65__cam4_s166154_rank462.jpg,processed_rep65__cam4_s166154_rank462.jpg,TRUE,rep65,cam4,166154,462,0.9989376664161682,258.2528381347656,928.74462890625,0.058331530541181564,204.78553771972656,955.74639892578125,0.11058126389980316,184.89073181152344,974.1566162109375,0.22790688276290894,217.3913043478261,949.5788449059053,1541,1000,1000,TRUE,FALSE,-0.08657194935428311,no issue,FALSE
frame463__s166515,C:/R_projects/spat_1f_noise/processed_feed\rep65\processed_rep65__cam4_s166515_rank463.jpg,processed_rep65__cam4_s166515_rank463.jpg,TRUE,rep65,cam4,166515,463,0.9985236525535583,260.6004638671875,927.42791748046875,0.028386719524860382,205.94140625,954.657470703125,0.07904880493879318,184.82313537597656,973.2230224609375,0.22065965831279755,221.02620087336246,946.7379912663755,1600,1000,1000,FALSE,FALSE,0.2629855372597599,no issue,FALSE
frame464__s166875,C:/R_projects/spat_1f_noise/processed_feed\rep65\processed_rep65__cam4_s166875_rank464.jpg,processed_rep65__cam4_s166875_rank464.jpg,TRUE,rep65,cam4,166875,464,0.9988548755645752,260.82159423828125,924.67108154296875,0.035153161734342575,206.31004333496094,954.287841796875,0.07299627363681793,185.248779296875,971.5643310546875,1.436837077140808,222.03465346534654,945.9894801980198,1613.5,1000,1000,FALSE,FALSE,0.31329885737871455,no issue,FALSE
frame465__s167235,C:/R_projects/spat_1f_noise/processed_feed\rep65\processed_rep65__cam4_s167235_rank465.jpg,processed_rep65__cam4_s167235_rank465.jpg,TRUE,rep65,cam4,167235,465,0.998879373073578,261.3136291503906,925.4090576171875,0.030538704246282578,204.37008666992188,955.111083984375,0.09463395178318024,188.27734375,976.1500244140625,36.2584228515625,222.3095938787522,946.3219540906415,1695.5,1000,1000,TRUE,FALSE,0.5375246714303806,no issue,FALSE
frame466__s167596,C:/R_projects/spat_1f_noise/processed_feed\rep65\processed_rep65__cam4_s167596_rank466.jpg,processed_rep65__cam4_s167596_rank466.jpg,TRUE,rep65,cam4,167596,466,0.9981027245521544,255.86868286132813,935.194091796875,0.046201083809137344,204.7933807373047,954.8194580078125,0.08798092603683472,188.59877014160156,971.99169921875,8.851329803466797,219.9919893190921,947.8424566088117,1497,1000,1000,FALSE,FALSE,0.0549580069428724,no issue,FALSE
frame467__s167956,C:/R_projects/spat_1f_noise/processed_feed\rep65\processed_rep65__cam4_s167956_rank467.jpg,processed_rep65__cam4_s167956_rank467.jpg,TRUE,rep65,cam4,167956,467,0.9977917671203612,254.32098388671875,933.64569091796875,0.058104533702135086,204.60125732421875,954.6121826171875,0.06931617110967636,180.984375,968.17877197265625,0.43464043736457825,217.0122038765255,949.3007896625987,1395.5,1000,1000,FALSE,FALSE,-0.20526226695725638,no issue,FALSE
frame468__s168317,C:/R_projects/spat_1f_noise/processed_feed\rep65\processed_rep65__cam4_s168317_rank468.jpg,processed_rep65__cam4_s168317_rank468.jpg,TRUE,rep65,cam4,168317,468,0.9981022477149964,260.2931213378906,925.5245361328125,0.023590270429849625,211.8276824951172,955.4364013671875,0.0920868068933487,193.18711853027344,974.13140869140625,0.2639155685901642,226.0422209369578,946.2371312897628,1726,1000,1000,TRUE,FALSE,0.5216396296058612,no issue,FALSE
frame469__s168677,C:/R_projects/spat_1f_noise/processed_feed\rep65\processed_rep65__cam4_s168677_rank469.jpg,processed_rep65__cam4_s168677_rank469.jpg,TRUE,rep65,cam4,168677,469,0.9982677698135376,253.60427856445313,935.5118408203125,0.022605745121836662,206.36111450195313,953.99163818359375,0.06271402537822723,186.4692840576172,973.7034912109375,23.76067352294922,223.4127942063971,945.7646348823174,1653.5,1000,1000,FALSE,FALSE,0.37364075795090995,no issue,FALSE
frame470__s169038,C:/R_projects/spat_1f_noise/processed_feed\rep65\processed_rep65__cam4_s169038_rank470.jpg,processed_rep65__cam4_s169038_rank470.jpg,TRUE,rep65,cam4,169038,470,0.9981489181518556,260.8076477050781,925.69586181640625,0.0174129456281662,203.45436096191406,955.3138427734375,0.06907107681035995,188.49264526367188,975.0592041015625,1.7819303274154663,222.2958435207824,946.5275061124694,1632,1000,1000,FALSE,FALSE,0.36030490677028154,no issue,FALSE
frame471__s169398,C:/R_projects/spat_1f_noise/processed_feed\rep65\processed_rep65__cam4_s169398_rank471.jpg,processed_rep65__cam4_s169398_rank471.jpg,TRUE,rep65,cam4,169398,471,0.9985914826393129,262.7191162109375,921.66510009765625,0.015410684049129486,204.12319946289063,956.36163330078125,0.0605262853205204,187.9158172607422,978.66650390625,93.78311920166016,224.6589386913962,944.8382277176713,1938,1000,1000,FALSE,FALSE,1.027004715771506,no issue,FALSE
frame472__s169759,C:/R_projects/spat_1f_noise/processed_feed\rep65\processed_rep65__cam4_s169759_rank472.jpg,processed_rep65__cam4_s169759_rank472.jpg,TRUE,rep65,cam4,169759,472,0.9978957176208496,245.68405151367188,940.6322021484375,0.0368889719247818,203.7703094482422,956.81396484375,0.06103888526558876,186.51171875,969.261474609375,0.38384395837783813,209.15416666666667,954.315,1202,1000,1000,TRUE,FALSE,-0.6448689680653209,no issue,FALSE
frame473__s170119,C:/R_projects/spat_1f_noise/processed_feed\rep65\processed_rep65__cam4_s170119_rank473.jpg,processed_rep65__cam4_s170119_rank473.jpg,TRUE,rep65,cam4,170119,473,0.9959259033203124,185.18572998046875,972.38037109375,0.26695114374160767,200.13877868652344,956.349365234375,0.06606939435005188,185.18572998046875,972.38037109375,4.168975830078125,212.4247159090909,952.3203125,1408,1000,1000,TRUE,FALSE,-0.04045256098852937,no issue,FALSE
frame474__s170480,C:/R_projects/spat_1f_noise/processed_feed\rep65\processed_rep65__cam4_s170480_rank474.jpg,processed_rep65__cam4_s170480_rank474.jpg,TRUE,rep65,cam4,170480,474,0.9970296621322632,182.945068359375,971.53717041015625,0.057206880301237106,201.4835205078125,956.59051513671875,0.08153237402439117,182.945068359375,971.53717041015625,0.42856115102767944,214.73021582733813,951.5956834532374,1390.5,1000,1000,TRUE,FALSE,-0.04953512102034717,no issue,FALSE
frame475__s170840,C:/R_projects/spat_1f_noise/processed_feed\rep65\processed_rep65__cam4_s170840_rank475.jpg,processed_rep65__cam4_s170840_rank475.jpg,TRUE,rep65,cam4,170840,475,0.997825562953949,251.92404174804688,935.5809326171875,0.024172037839889526,203.19729614257813,955.2283935546875,0.07267259061336517,188.20443725585938,971.1920166015625,2.8706977367401123,214.68447293447292,950.644586894587,1403,1000,1000,FALSE,FALSE,0.0011248309216123924,no issue,FALSE
frame476__s171200,C:/R_projects/spat_1f_noise/processed_feed\rep65\processed_rep65__cam4_s171200_rank476.jpg,processed_rep65__cam4_s171200_rank476.jpg,TRUE,rep65,cam4,171200,476,0.9981566071510316,252.7475128173828,935.3424072265625,0.024823691695928574,200.50375366210938,956.18414306640625,0.07594097405672073,184.3330535888672,973.347900390625,3.270254611968994,214.7381116471399,950.0275671950379,1452.5,1000,1000,FALSE,FALSE,0.11767701770907384,no issue,FALSE
frame477__s171561,C:/R_projects/spat_1f_noise/processed_feed\rep65\processed_rep65__cam4_s171561_rank477.jpg,processed_rep65__cam4_s171561_rank477.jpg,TRUE,rep65,cam4,171561,477,0.9975557327270508,246.7908935546875,940.17059326171875,0.03605101257562637,202.369873046875,955.1356201171875,0.07307368516921997,187.56288146972656,971.3477783203125,1.0448112487792969,211.04183109707972,951.8397790055249,1267.5,1000,1000,FALSE,FALSE,-0.2331099818390597,no issue,FALSE
frame478__s171921,C:/R_projects/spat_1f_noise/processed_feed\rep65\processed_rep65__cam4_s171921_rank478.jpg,processed_rep65__cam4_s171921_rank478.jpg,TRUE,rep65,cam4,171921,478,0.99738746881485,183.1368408203125,976.9822998046875,18.10409164428711,201.72711181640625,956.06109619140625,0.07375449687242508,259.97662353515625,920.3720703125,0.011888868175446987,239.5,916,3.5,1000,1000,FALSE,FALSE,-2.7546366450365602,too small,FALSE
frame479__s172282,C:/R_projects/spat_1f_noise/processed_feed\rep65\processed_rep65__cam4_s172282_rank479.jpg,processed_rep65__cam4_s172282_rank479.jpg,TRUE,rep65,cam4,172282,479,0.9911156892776488,188.08570861816406,971.06414794921875,0.35086458921432495,200.51797485351563,954.84716796875,0.055312540382146835,257.70635986328125,947.3624267578125,0.010494060814380646,209.380059970015,953.1656671664168,1335.5,1000,1000,TRUE,FALSE,-0.1031525993358383,no issue,FALSE
frame480__s172642,C:/R_projects/spat_1f_noise/processed_feed\rep65\processed_rep65__cam4_s172642_rank480.jpg,processed_rep65__cam4_s172642_rank480.jpg,TRUE,rep65,cam4,172642,480,0.991551637649536,184.73020935058594,974.29193115234375,0.23553349077701569,203.4356689453125,953.19091796875,0.07851071655750275,262.04608154296875,920.9188232421875,0.013012828305363655,267.875,946.125,7.5,1000,1000,FALSE,FALSE,-2.739688448532419,too small,FALSE
frame481__s173002,C:/R_projects/spat_1f_noise/processed_feed\rep65\processed_rep65__cam4_s173002_rank481.jpg,processed_rep65__cam4_s173002_rank481.jpg,TRUE,rep65,cam4,173002,481,0.9875434637069702,183.9486541748047,970.4912109375,1.2485058307647705,201.28289794921875,954.58062744140625,0.04322459548711777,264.4290466308594,947.23724365234375,0.0195905938744545,212.21851200937317,955.7937902753368,1704.5,1000,1000,TRUE,FALSE,0.64700435116805,no issue,FALSE
frame482__s173363,C:/R_projects/spat_1f_noise/processed_feed\rep65\processed_rep65__cam4_s173363_rank482.jpg,processed_rep65__cam4_s173363_rank482.jpg,TRUE,rep65,cam4,173363,482,0.9907480478286744,187.1485595703125,975.7698974609375,11.207996368408203,203.35386657714844,953.4434814453125,0.07486388832330704,266.9285583496094,948.4820556640625,0.01544070802628994,219.9435253850542,950.9224187107815,1752,1000,1000,TRUE,FALSE,0.7553445648518387,no issue,FALSE
frame483__s173723,C:/R_projects/spat_1f_noise/processed_feed\rep65\processed_rep65__cam4_s173723_rank483.jpg,processed_rep65__cam4_s173723_rank483.jpg,TRUE,rep65,cam4,173723,483,0.987890362739563,185.5211639404297,975.5189208984375,0.08652239292860031,200.49049377441406,954.34375,0.05798184126615524,261.6152648925781,923.2037353515625,0.009194624610245228,213.7732018561485,953.4216937354988,1724,1000,1000,TRUE,FALSE,0.68923288958124,no issue,FALSE
frame484__s174084,C:/R_projects/spat_1f_noise/processed_feed\rep65\processed_rep65__cam4_s174084_rank484.jpg,processed_rep65__cam4_s174084_rank484.jpg,TRUE,rep65,cam4,174084,484,0.9924774765968324,184.51107788085938,970.1337890625,0.09113497287034988,199.47340393066406,955.13726806640625,0.05081230774521828,184.51107788085938,970.1337890625,0.6206862330436707,211.16256157635468,953.3026038001408,1422.5,1000,1000,TRUE,FALSE,0.10836757042089605,no issue,FALSE
frame485__s174444,C:/R_projects/spat_1f_noise/processed_feed\rep65\processed_rep65__cam4_s174444_rank485.jpg,processed_rep65__cam4_s174444_rank485.jpg,TRUE,rep65,cam4,174444,485,0.9861887097358704,187.26849365234375,970.41229248046875,1.2275035381317139,197.20335388183594,955.631103515625,0.03804466128349304,246.87762451171875,948.240478515625,0.023723583668470383,204.51865136298423,957.2525107604017,1392.5,1000,1000,TRUE,FALSE,0.06506446179193108,no issue,FALSE
frame486__s174805,C:/R_projects/spat_1f_noise/processed_feed\rep65\processed_rep65__cam4_s174805_rank486.jpg,processed_rep65__cam4_s174805_rank486.jpg,TRUE,rep65,cam4,174805,486,0.9928866028785706,186.58389282226563,974.678466796875,2.261319875717163,202.81362915039063,952.4766845703125,0.061981238424777985,186.58389282226563,974.678466796875,5.538065433502197,220.41156462585033,951.2181729834791,2054.5,1000,1000,TRUE,FALSE,1.4238088367928807,no issue,FALSE
frame487__s175165,C:/R_projects/spat_1f_noise/processed_feed\rep65\processed_rep65__cam4_s175165_rank487.jpg,processed_rep65__cam4_s175165_rank487.jpg,TRUE,rep65,cam4,175165,487,0.9918636083602904,262.4754638671875,949.6273193359375,0.013386550359427929,201.42428588867188,953.33740234375,0.07294439524412155,185.22705078125,975.597900390625,0.05879126116633415,219.16067415730336,951.6769662921348,1776.5,1000,1000,TRUE,FALSE,0.908788565187827,no issue,FALSE
frame488__s175525,C:/R_projects/spat_1f_noise/processed_feed\rep65\processed_rep65__cam4_s175525_rank488.jpg,processed_rep65__cam4_s175525_rank488.jpg,TRUE,rep65,cam4,175525,488,0.9839850068092346,185.28062438964844,974.480712890625,0.246877059340477,200.27198791503906,953.59228515625,0.07759822905063629,261.4866943359375,921.645263671875,0.012300677597522736,268.3235294117647,945.5882352941177,33.5,1000,1000,FALSE,FALSE,-2.7272975100509833,too small,FALSE
frame489__s175886,C:/R_projects/spat_1f_noise/processed_feed\rep65\processed_rep65__cam4_s175886_rank489.jpg,processed_rep65__cam4_s175886_rank489.jpg,TRUE,rep65,cam4,175886,489,0.9841103553771972,246.35604858398438,953.87603759765625,0.020117806270718575,201.96897888183594,952.6328125,0.04462788999080658,189.63922119140625,968.79443359375,0.10120385885238647,209.27573529411765,952.7632352941176,1357.5,1000,1000,TRUE,FALSE,0.005194458521637939,no issue,FALSE
frame490__s176246,C:/R_projects/spat_1f_noise/processed_feed\rep65\processed_rep65__cam4_s176246_rank490.jpg,processed_rep65__cam4_s176246_rank490.jpg,TRUE,rep65,cam4,176246,490,0.9837919473648072,250.95184326171875,951.560302734375,0.017140766605734825,201.7009735107422,951.560302734375,0.0612492710351944,189.38824462890625,967.604736328125,0.3364529609680176,207.1392,952.1024,1252.5,1000,1000,TRUE,FALSE,-0.20501394753515317,no issue,FALSE
frame491__s176607,C:/R_projects/spat_1f_noise/processed_feed\rep65\processed_rep65__cam4_s176607_rank491.jpg,processed_rep65__cam4_s176607_rank491.jpg,TRUE,rep65,cam4,176607,491,0.9968376159667968,245.13818359375,937.1416015625,0.03519285470247269,196.86380004882813,950.80377197265625,0.06858950853347778,183.24795532226563,968.1920166015625,0.028518501669168472,207.0440340909091,948.6058238636364,1405.5,1000,1000,TRUE,FALSE,0.11018967271124565,no issue,FALSE
frame492__s176967,C:/R_projects/spat_1f_noise/processed_feed\rep65\processed_rep65__cam4_s176967_rank492.jpg,processed_rep65__cam4_s176967_rank492.jpg,TRUE,rep65,cam4,176967,492,0.995815098285675,239.0528106689453,938.4283447265625,0.024228885769844055,194.49807739257813,953.361083984375,0.05318516865372658,183.35940551757813,970.7825927734375,0.4552164077758789,202.86714399363564,949.2903739061258,1259.5,1000,1000,FALSE,FALSE,-0.1899325050569531,no issue,FALSE
frame493__s177328,C:/R_projects/spat_1f_noise/processed_feed\rep65\processed_rep65__cam4_s177328_rank493.jpg,processed_rep65__cam4_s177328_rank493.jpg,TRUE,rep65,cam4,177328,493,0.9931374788284302,165.63934326171875,966.4002685546875,3.2221546173095703,189.2877960205078,949.0784912109375,0.054226506501436234,245.2972412109375,931.7567138671875,0.02828560210764408,205.57652221612727,942.7164015359298,1827.5,1000,1000,FALSE,FALSE,0.9743077251745358,no issue,FALSE
frame494__s177688,C:/R_projects/spat_1f_noise/processed_feed\rep65\processed_rep65__cam4_s177688_rank494.jpg,processed_rep65__cam4_s177688_rank494.jpg,TRUE,rep65,cam4,177688,494,0.9979233145713806,247.13668823242188,928.9195556640625,0.03261975571513176,201.45416259765625,952.6533203125,0.07615094631910324,185.403564453125,971.3905029296875,0.3147752583026886,210.98594518622627,948.3731553056922,1425.5,1000,1000,TRUE,FALSE,0.036832930374307724,no issue,FALSE
frame495__s178049,C:/R_projects/spat_1f_noise/processed_feed\rep65\processed_rep65__cam4_s178049_rank495.jpg,processed_rep65__cam4_s178049_rank495.jpg,TRUE,rep65,cam4,178049,495,0.9978684186935424,246.24549865722656,919.04144287109375,0.01986389420926571,198.1175079345703,951.5179443359375,0.0918010026216507,182.0748291015625,971.50341796875,0.4251810908317566,216.38443534230544,942.376243417203,1715,1000,1000,FALSE,FALSE,0.7024282729372339,no issue,FALSE
frame496__s178409,C:/R_projects/spat_1f_noise/processed_feed\rep65\processed_rep65__cam4_s178409_rank496.jpg,processed_rep65__cam4_s178409_rank496.jpg,TRUE,rep65,cam4,178409,496,0.9988942742347716,243.12796020507813,933.73779296875,0.040922921150922775,200.86590576171875,955.83135986328125,0.0755084902048111,188.43588256835938,973.0152587890625,5.151753902435303,207.5202057310801,952.5885378398236,1362,1000,1000,TRUE,FALSE,-0.30446041581997124,no issue,FALSE
frame497__s178769,C:/R_projects/spat_1f_noise/processed_feed\rep65\processed_rep65__cam4_s178769_rank497.jpg,processed_rep65__cam4_s178769_rank497.jpg,TRUE,rep65,cam4,178769,497,0.998391568660736,240.79193115234375,936.3936767578125,0.04085800051689148,198.7238311767578,956.0692138671875,0.06213701143860817,186.35086059570313,974.514892578125,0.534986674785614,203.48372093023255,953.8527131782946,1290,1000,1000,TRUE,FALSE,-0.5244817278443401,no issue,FALSE
frame498__s179130,C:/R_projects/spat_1f_noise/processed_feed\rep65\processed_rep65__cam4_s179130_rank498.jpg,processed_rep65__cam4_s179130_rank498.jpg,TRUE,rep65,cam4,179130,498,0.998043417930603,242.0171356201172,920.31591796875,0.05043548718094826,196.5126190185547,958.520263671875,0.3157927691936493,182.9842529296875,978.23858642578125,0.06910403072834015,209.11818181818182,948.175974025974,1537,1000,1000,TRUE,FALSE,0.21511278990140256,no issue,FALSE
frame499__s179490,C:/R_projects/spat_1f_noise/processed_feed\rep65\processed_rep65__cam4_s179490_rank499.jpg,processed_rep65__cam4_s179490_rank499.jpg,TRUE,rep65,cam4,179490,499,0.9983882904052734,238.90737915039063,919.155517578125,0.04063940420746803,202.71514892578125,953.85009765625,0.06943294405937195,182.74703979492188,979.8709716796875,0.07444439083337784,207.70555555555555,948.4020833333333,1438,1000,1000,TRUE,FALSE,-0.09356705827543045,no issue,FALSE
frame500__s179851,C:/R_projects/spat_1f_noise/processed_feed\rep65\processed_rep65__cam4_s179851_rank500.jpg,processed_rep65__cam4_s179851_rank500.jpg,TRUE,rep65,cam4,179851,500,0.9977694749832152,237.3674774169922,920.6719970703125,0.04743270203471184,205.089599609375,954.060791015625,0.075577013194561,191.43357849121094,975.08349609375,0.06756256520748138,207.28704366499642,949.3715103793844,1398,1000,1000,TRUE,FALSE,-0.2354702907398255,no issue,FALSE
frame501__s180211,C:/R_projects/spat_1f_noise/processed_feed\rep65\processed_rep65__cam4_s180211_rank501.jpg,processed_rep65__cam4_s180211_rank501.jpg,TRUE,rep65,cam4,180211,501,0.9972789883613586,237.75711059570313,921.23895263671875,0.038512613624334335,201.8900146484375,953.41485595703125,0.06778449565172195,189.52203369140625,973.21533203125,0.055728305131196976,204.57275985663082,949.5956989247312,1392.5,1000,1000,TRUE,FALSE,-0.26952679595971996,no issue,FALSE
frame502__s180571,C:/R_projects/spat_1f_noise/processed_feed\rep65\processed_rep65__cam4_s180571_rank502.jpg,processed_rep65__cam4_s180571_rank502.jpg,TRUE,rep65,cam4,180571,502,0.9982439279556274,237.7251434326172,918.26971435546875,0.047315482050180435,199.48236083984375,954.29254150390625,0.06016196310520172,180.977783203125,977.89373779296875,0.061118900775909424,205.75464190981432,947.4860742705571,1505,1000,1000,TRUE,FALSE,0.09236882119225227,no issue,FALSE
frame503__s180932,C:/R_projects/spat_1f_noise/processed_feed\rep65\processed_rep65__cam4_s180932_rank503.jpg,processed_rep65__cam4_s180932_rank503.jpg,TRUE,rep65,cam4,180932,503,0.9979436993598938,240.67811584472656,921.2178955078125,0.04627019912004471,207.1027374267578,953.50982666015625,0.08941428363323212,185.9626922607422,982.07574462890625,0.06229891628026962,209.6013289036545,948.8478405315615,1502,1000,1000,TRUE,FALSE,0.07600535591993016,no issue,FALSE
frame504__s181292,C:/R_projects/spat_1f_noise/processed_feed\rep65\processed_rep65__cam4_s181292_rank504.jpg,processed_rep65__cam4_s181292_rank504.jpg,TRUE,rep65,cam4,181292,504,0.9990270137786864,244.07772827148438,923.4090576171875,0.028384730219841003,197.82965087890625,960.534423828125,0.37405818700790405,182.83026123046875,980.334716796875,0.06324826180934906,208.75618811881188,950.1516089108911,1617,1000,1000,TRUE,FALSE,0.47182155658437386,no issue,FALSE
frame505__s181653,C:/R_projects/spat_1f_noise/processed_feed\rep65\processed_rep65__cam4_s181653_rank505.jpg,processed_rep65__cam4_s181653_rank505.jpg,TRUE,rep65,cam4,181653,505,0.9990382194519044,238.00091552734375,931.89971923828125,0.052001699805259705,198.03469848632813,958.96978759765625,0.08685357123613358,184.29632568359375,978.6571044921875,8.853730201721191,204.1625386996904,953.8800309597523,1292.5,1000,1000,TRUE,FALSE,-1.2919493158269968,no issue,FALSE
frame506__s182013,C:/R_projects/spat_1f_noise/processed_feed\rep65\processed_rep65__cam4_s182013_rank506.jpg,processed_rep65__cam4_s182013_rank506.jpg,TRUE,rep65,cam4,182013,506,0.9987188577651978,239.11070251464844,932.6912841796875,0.027324313297867775,197.25074768066406,957.64227294921875,0.076206304132938385,183.7078094482422,977.60308837890625,1.7741494178771973,205.12093352192363,952.1188118811881,1412,1000,1000,TRUE,FALSE,-0.7571510670017408,no issue,FALSE
frame507__s182374,C:/R_projects/spat_1f_noise/processed_feed\rep65\processed_rep65__cam4_s182374_rank507.jpg,processed_rep65__cam4_s182374_rank507.jpg,TRUE,rep65,cam4,182374,507,0.998475968837738,240.68649291992188,929.60784912109375,0.032409776002168655,196.96197509765625,957.07672119140625,0.08420834690332413,183.21998596191406,977.0540771484375,10.441327095031738,204.8481894150418,952.2646239554317,1433.5,1000,1000,TRUE,FALSE,-0.7039267288407153,no issue,FALSE
frame508__s182734,C:/R_projects/spat_1f_noise/processed_feed\rep65\processed_rep65__cam4_s182734_rank508.jpg,processed_rep65__cam4_s182734_rank508.jpg,TRUE,rep65,cam4,182734,508,0.9987086057662964,242.79039001464844,929.6129150390625,0.023317644372582436,208.11538696289063,953.260986328125,0.06547395139932632,195.7314453125,973.17510986328125,1.1293655633926392,210.15631691648824,952.6238401142041,1399,1000,1000,TRUE,FALSE,-0.9442646379875078,no issue,FALSE
frame509__s183094,C:/R_projects/spat_1f_noise/processed_feed\rep65\processed_rep65__cam4_s183094_rank509.jpg,processed_rep65__cam4_s183094_rank509.jpg,TRUE,rep65,cam4,183094,509,0.9970692992210388,236.4564208984375,934.694580078125,0.05681584030389786,190.72531127929688,962.9034423828125,0.08815403282642365,154.8820037841797,982.5269775390625,0.06034459173679352,193.49881796690306,957.5667848699763,1689.5,1000,1000,TRUE,FALSE,0.2980735854023068,no issue,FALSE
frame510__s183455,C:/R_projects/spat_1f_noise/processed_feed\rep65\processed_rep65__cam4_s183455_rank510.jpg,processed_rep65__cam4_s183455_rank510.jpg,TRUE,rep65,cam4,183455,510,0.9966217279434204,236.75201416015625,922.4619140625,0.034984540194272995,199.47003173828125,953.5911865234375,0.09750735759735107,148.51797485351563,952.3460693359375,0.050729960203170776,194.54671488848703,945.1874623267029,1655,1000,1000,FALSE,FALSE,0.10965709665074834,no issue,FALSE
frame511__s183815,C:/R_projects/spat_1f_noise/processed_feed\rep65\processed_rep65__cam4_s183815_rank511.jpg,processed_rep65__cam4_s183815_rank511.jpg,TRUE,rep65,cam4,183815,511,0.9985842704772948,237.00753784179688,934.003662109375,0.04474903270602226,198.83331298828125,956.3626708984375,0.05530233308672905,185.28762817382813,974.99517822265625,0.1249958872795105,202.49884526558893,955.0993071593533,1298,1000,1000,TRUE,FALSE,-1.4098372293445596,no issue,FALSE
frame512__s184176,C:/R_projects/spat_1f_noise/processed_feed\rep65\processed_rep65__cam4_s184176_rank512.jpg,processed_rep65__cam4_s184176_rank512.jpg,TRUE,rep65,cam4,184176,512,0.999000608921051,239.060546875,921.30462646484375,0.0432426892220974,191.71160888671875,952.52496337890625,0.11883831024169922,181.743408203125,975.003662109375,16.767498016357422,202.25246662797446,946.6691816598956,1721,1000,1000,TRUE,FALSE,0.3833537324793408,no issue,FALSE
frame513__s184536,C:/R_projects/spat_1f_noise/processed_feed\rep65\processed_rep65__cam4_s184536_rank513.jpg,processed_rep65__cam4_s184536_rank513.jpg,TRUE,rep65,cam4,184536,513,0.9990966320037842,240.8155059814453,919.5369873046875,0.053026407957077026,192.61512756347656,952.90435791015625,0.09388455003499985,182.72787475585938,975.1492919921875,2.8726539611816406,203.64894194248507,945.9788388497016,1843.5,1000,1000,TRUE,FALSE,0.8945262209318064,no issue,FALSE
frame514__s184897,C:/R_projects/spat_1f_noise/processed_feed\rep65\processed_rep65__cam4_s184897_rank514.jpg,processed_rep65__cam4_s184897_rank514.jpg,TRUE,rep65,cam4,184897,514,0.999215006828308,238.18035888671875,922.5667724609375,0.04776140674948692,190.7862548828125,952.51513671875,0.07858198136091232,180.8085479736328,973.7286376953125,5.078279972076416,200.79480238224147,947.775311315647,1844.5,1000,1000,TRUE,FALSE,0.9060526719291505,no issue,FALSE
frame515__s185257,C:/R_projects/spat_1f_noise/processed_feed\rep65\processed_rep65__cam4_s185257_rank515.jpg,processed_rep65__cam4_s185257_rank515.jpg,TRUE,rep65,cam4,185257,515,0.9985962510108948,203.42730712890625,976.12127685546875,0.3921184837818146,193.52279663085938,953.63250732421875,0.08569225668907166,183.6182861328125,976.12127685546875,4.339183807373047,199.5244630071599,952.7565632458234,1674,1000,1000,TRUE,FALSE,0.20896397484933676,no issue,FALSE
frame516__s185617,C:/R_projects/spat_1f_noise/processed_feed\rep65\processed_rep65__cam4_s185617_rank516.jpg,processed_rep65__cam4_s185617_rank516.jpg,TRUE,rep65,cam4,185617,516,0.9989338517189026,202.5814208984375,982.0628662109375,0.09465168416500092,193.87625122070313,952.07421875,0.0906461700797081,181.44027709960938,972.066650390625,0.132166787981987,200.01075268817203,950.2340290955092,1579.5,1000,1000,TRUE,FALSE,-0.17613176749778456,no issue,FALSE
frame517__s185978,C:/R_projects/spat_1f_noise/processed_feed\rep65\processed_rep65__cam4_s185978_rank517.jpg,processed_rep65__cam4_s185978_rank517.jpg,TRUE,rep65,cam4,185978,517,0.999118983745575,237.1166229248047,922.19549560546875,0.04669894278049469,196.1910858154297,951.953857421875,0.07935847342014313,186.26974487304688,974.272705078125,2.567592144012451,203.52460850111856,949.4312080536913,1785,1000,1000,TRUE,FALSE,0.6664109057078158,no issue,FALSE
frame518__s186338,C:/R_projects/spat_1f_noise/processed_feed\rep65\processed_rep65__cam4_s186338_rank518.jpg,processed_rep65__cam4_s186338_rank518.jpg,TRUE,rep65,cam4,186338,518,0.9988401532173156,235.6354522705078,921.07476806640625,0.03862958401441574,193.38583374023438,952.1214599609375,0.0891956314444542,182.20211791992188,974.47509765625,0.2885730564594269,200.42733188720175,951.601409978308,1843.5,1000,1000,TRUE,FALSE,0.9086555613293362,no issue,FALSE
frame519__s186699,C:/R_projects/spat_1f_noise/processed_feed\rep65\processed_rep65__cam4_s186699_rank519.jpg,processed_rep65__cam4_s186699_rank519.jpg,TRUE,rep65,cam4,186699,519,0.998854637145996,233.45550537109375,923.2703857421875,0.033269356936216354,192.63580322265625,952.78497314453125,0.08648195117712021,180.2661895751953,973.69110107421875,4.190516471862793,199.1627906976744,950.5204274041483,1591.5,1000,1000,TRUE,FALSE,-0.08014027297023642,no issue,FALSE
frame520__s187059,C:/R_projects/spat_1f_noise/processed_feed\rep65\processed_rep65__cam4_s187059_rank520.jpg,processed_rep65__cam4_s187059_rank520.jpg,TRUE,rep65,cam4,187059,520,0.9990804195404052,238.23553466796875,922.075439453125,0.05636568367481232,192.11318969726563,953.017578125,0.10934950411319733,180.8942413330078,976.53369140625,38.30896759033203,202.88844621513945,945.8560045532157,1755.5,1000,1000,TRUE,FALSE,0.5926463265050264,no issue,FALSE
frame521__s187420,C:/R_projects/spat_1f_noise/processed_feed\rep65\processed_rep65__cam4_s187420_rank521.jpg,processed_rep65__cam4_s187420_rank521.jpg,TRUE,rep65,cam4,187420,521,0.9988250136375428,197.1424102783203,976.061279296875,0.1673465371131897,189.7054901123047,952.5115966796875,0.10394246876239777,179.78958129882813,974.82177734375,7.237555980682373,200.44133799301048,949.4498252621069,2000.5,1000,1000,TRUE,FALSE,1.5468550400376473,no issue,FALSE
frame522__s187780,C:/R_projects/spat_1f_noise/processed_feed\rep65\processed_rep65__cam4_s187780_rank522.jpg,processed_rep65__cam4_s187780_rank522.jpg,TRUE,rep65,cam4,187780,522,0.9982770681381226,195.92962646484375,978.17041015625,0.8052962422370911,184.75833129882813,956.9859619140625,0.053500108420848846,177.31080627441406,979.41656494140625,0.4315979778766632,199.5300961052099,951.8548305513405,1976.5,1000,1000,TRUE,FALSE,1.4459803350964386,no issue,FALSE
frame523__s188140,C:/R_projects/spat_1f_noise/processed_feed\rep65\processed_rep65__cam4_s188140_rank523.jpg,processed_rep65__cam4_s188140_rank523.jpg,TRUE,rep65,cam4,188140,523,0.9988523721694946,196.53688049316406,979.1175537109375,0.7184653878211975,185.3599853515625,956.6474609375,0.047333478927612305,177.90875244140625,980.36590576171875,6.0731520652771,199.32513014671085,951.3090392806437,2113.5,1000,1000,TRUE,FALSE,1.9636814710620965,no issue,FALSE
frame524__s188501,C:/R_projects/spat_1f_noise/processed_feed\rep65\processed_rep65__cam4_s188501_rank524.jpg,processed_rep65__cam4_s188501_rank524.jpg,TRUE,rep65,cam4,188501,524,0.998338222503662,198.29452514648438,976.10711669921875,0.33329030871391296,187.1260986328125,953.97882080078125,0.06530279666185379,172.23487854003906,974.8778076171875,9.704957008361816,199.15377268385865,951.5157593123209,2094,1000,1000,TRUE,FALSE,1.8612342140008127,no issue,FALSE
frame525__s188861,C:/R_projects/spat_1f_noise/processed_feed\rep65\processed_rep65__cam4_s188861_rank525.jpg,processed_rep65__cam4_s188861_rank525.jpg,TRUE,rep65,cam4,188861,525,0.9983899593353271,202.12841796875,981.3665771484375,0.25226113200187683,191.06887817382813,956.65716552734375,0.05502970144152641,177.55165100097656,976.4246826171875,0.25868967175483704,199.6204922724671,953.937607326846,1746.5,1000,1000,TRUE,FALSE,0.6086382642572457,no issue,FALSE
frame526__s189222,C:/R_projects/spat_1f_noise/processed_feed\rep65\processed_rep65__cam4_s189222_rank526.jpg,processed_rep65__cam4_s189222_rank526.jpg,TRUE,rep65,cam4,189222,526,0.998620867729187,202.34251403808594,979.65631103515625,0.03331317380070686,192.364990234375,957.21954345703125,0.081584833562374115,178.64590454101563,978.4097900390625,0.9969533681869507,200.62513966480446,954.0620111731844,1788.5,1000,1000,TRUE,FALSE,0.7877904911526736,no issue,FALSE
frame527__s189582,C:/R_projects/spat_1f_noise/processed_feed\rep65\processed_rep65__cam4_s189582_rank527.jpg,processed_rep65__cam4_s189582_rank527.jpg,TRUE,rep65,cam4,189582,527,0.9982774257659912,196.8690643310547,981.37078857421875,2.285827398300171,191.89389038085938,956.61138916015625,0.06207198649644852,180.69969177246094,977.6568603515625,0.06851878017187119,194.27258566978193,949.7102803738318,1281.5,1000,1000,TRUE,FALSE,-1.0697077282843037,no issue,FALSE
frame528__s189943,C:/R_projects/spat_1f_noise/processed_feed\rep65\processed_rep65__cam4_s189943_rank528.jpg,processed_rep65__cam4_s189943_rank528.jpg,TRUE,rep65,cam4,189943,528,0.9979483485221864,197.52069091796875,981.02227783203125,1.0533690452575684,192.62327575683594,956.05804443359375,0.0700741857290268,181.60403442382813,977.277587890625,0.06820249557495117,194.62518968133534,950.3315629742034,1316,1000,1000,TRUE,FALSE,-0.8975812122403617,no issue,FALSE
frame529__s190303,C:/R_projects/spat_1f_noise/processed_feed\rep65\processed_rep65__cam4_s190303_rank529.jpg,processed_rep65__cam4_s190303_rank529.jpg,TRUE,rep65,cam4,190303,529,0.998802661895752,220.50086975097656,921.3927001953125,0.03619536757469177,195.72523498535156,956.26800537109375,0.08724022656679153,183.33741760253906,977.44232177734375,0.09848882257938385,197.6086637298091,951.1519823788547,1362.5,1000,1000,TRUE,FALSE,-0.6632458414577057,no issue,FALSE
frame530__s190663,C:/R_projects/spat_1f_noise/processed_feed\rep65\processed_rep65__cam4_s190663_rank530.jpg,processed_rep65__cam4_s190663_rank530.jpg,TRUE,rep65,cam4,190663,530,0.9990187883377076,220.4763641357422,923.940673828125,0.045405253767967224,194.62374877929688,958.53125,0.08808096498250961,181.0819091796875,975.8265380859375,0.14523911476135254,197.39313795568262,952.9042172980701,1400.5,1000,1000,TRUE,FALSE,-0.4686970845921722,no issue,FALSE
frame531__s191024,C:/R_projects/spat_1f_noise/processed_feed\rep65\processed_rep65__cam4_s191024_rank531.jpg,processed_rep65__cam4_s191024_rank531.jpg,TRUE,rep65,cam4,191024,531,0.9988409876823424,219.6312713623047,923.745849609375,0.054805152118206024,194.963134765625,958.40142822265625,0.08146626502275467,183.86245727539063,981.91766357421875,0.3734661936759949,197.38945086705203,952.2167630057803,1386,1000,1000,TRUE,FALSE,-0.4696720899596234,no issue,FALSE
frame532__s191384,C:/R_projects/spat_1f_noise/processed_feed\rep65\processed_rep65__cam4_s191384_rank532.jpg,processed_rep65__cam4_s191384_rank532.jpg,TRUE,rep65,cam4,191384,532,0.9990580677986144,224.15310668945313,932.72332763671875,0.049935244023799896,193.18321228027344,961.1551513671875,0.078864187002182,184.51165771484375,980.933837890625,0.07795502245426178,198.49962149886449,954.5753217259652,1324,1000,1000,TRUE,FALSE,-0.6834971126420241,no issue,FALSE
frame533__s191745,C:/R_projects/spat_1f_noise/processed_feed\rep65\processed_rep65__cam4_s191745_rank533.jpg,processed_rep65__cam4_s191745_rank533.jpg,TRUE,rep65,cam4,191745,533,0.99910306930542,226.31690979003906,933.20159912109375,0.04690109193325043,192.96263122558594,959.32647705078125,0.08004145324230194,180.60916137695313,980.47515869140625,0.12306727468967438,197.59941944847606,954.2728592162555,1382.5,1000,1000,TRUE,FALSE,-0.4235433956249797,no issue,FALSE
frame534__s192105,C:/R_projects/spat_1f_noise/processed_feed\rep65\processed_rep65__cam4_s192105_rank534.jpg,processed_rep65__cam4_s192105_rank534.jpg,TRUE,rep65,cam4,192105,534,0.9986801743507384,229.5956573486328,931.02593994140625,0.029624657705426216,192.74533081054688,959.7623291015625,0.09161394089460373,179.23353576660156,979.75286865234375,0.15669497847557068,197.0442151805453,954.5106853352985,1359,1000,1000,TRUE,FALSE,-0.46137502584154094,no issue,FALSE
frame535__s192466,C:/R_projects/spat_1f_noise/processed_feed\rep65\processed_rep65__cam4_s192466_rank535.jpg,processed_rep65__cam4_s192466_rank535.jpg,TRUE,rep65,cam4,192466,535,0.9987528324127196,231.45028686523438,934.31024169921875,0.029607703909277916,190.53224182128906,961.3663330078125,0.08185144513845444,176.89288330078125,978.58392333984375,0.12282340973615646,197.37528604118992,954.3104500381388,1313.5,1000,1000,TRUE,FALSE,-0.5994678424018779,no issue,FALSE
frame536__s192826,C:/R_projects/spat_1f_noise/processed_feed\rep65\processed_rep65__cam4_s192826_rank536.jpg,processed_rep65__cam4_s192826_rank536.jpg,TRUE,rep65,cam4,192826,536,0.9989840388298036,224.72689819335938,935.6815185546875,0.01462814025580883,193.75546264648438,959.162109375,0.07505359500646591,180.1280059814453,977.699462890625,1.2991842031478882,197.830835117773,953.323340471092,1404.5,1000,1000,TRUE,FALSE,-0.18942837467694057,no issue,FALSE
frame537__s193187,C:/R_projects/spat_1f_noise/processed_feed\rep65\processed_rep65__cam4_s193187_rank537.jpg,processed_rep65__cam4_s193187_rank537.jpg,TRUE,rep65,cam4,193187,537,0.998843789100647,225.72735595703125,935.34417724609375,0.03348291292786598,191.0203399658203,960.27764892578125,0.10276578366756439,177.38543701171875,978.9776611328125,0.1474679857492447,195.7676219984508,955.7668474051123,1293.5,1000,1000,TRUE,FALSE,-0.5623969995869433,no issue,FALSE
frame538__s193547,C:/R_projects/spat_1f_noise/processed_feed\rep65\processed_rep65__cam4_s193547_rank538.jpg,processed_rep65__cam4_s193547_rank538.jpg,TRUE,rep65,cam4,193547,538,0.9986683130264282,223.4942626953125,936.156982421875,0.030190104618668556,191.49807739257813,959.56610107421875,0.0906670019030571,179.19183349609375,980.51116943359375,4.622145175933838,196.73684210526315,954.348588863463,1316,1000,1000,TRUE,FALSE,-0.3863651912223579,no issue,FALSE
frame539__s193907,C:/R_projects/spat_1f_noise/processed_feed\rep65\processed_rep65__cam4_s193907_rank539.jpg,processed_rep65__cam4_s193907_rank539.jpg,TRUE,rep65,cam4,193907,539,0.9979301691055298,222.53604125976563,939.0230712890625,0.0345415398478508,194.30380249023438,958.889404296875,0.07223273068666458,183.2563934326172,977.5140380859375,0.5579422116279602,197.10310142497903,956.0058675607712,1198,1000,1000,TRUE,FALSE,-0.9344754195137279,no issue,FALSE
frame540__s194268,C:/R_projects/spat_1f_noise/processed_feed\rep65\processed_rep65__cam4_s194268_rank540.jpg,processed_rep65__cam4_s194268_rank540.jpg,TRUE,rep65,cam4,194268,540,0.99843031167984,223.55764770507813,920.22161865234375,0.04680803790688515,195.217041015625,957.385498046875,0.0885230004787445,180.43063354492188,974.7286376953125,0.9135897755622864,199.18810408921934,950.2394052044609,1345,1000,1000,TRUE,FALSE,-0.011318455532458822,no issue,FALSE
frame541__s194628,C:/R_projects/spat_1f_noise/processed_feed\rep65\processed_rep65__cam4_s194628_rank541.jpg,processed_rep65__cam4_s194628_rank541.jpg,TRUE,rep65,cam4,194628,541,0.9980939030647278,225.79937744140625,920.99114990234375,0.039808232337236404,194.8023223876953,956.8753662109375,0.06754734367132187,181.1636199951172,975.436279296875,0.2768961489200592,199.37855113636363,949.5752840909091,1409,1000,1000,TRUE,FALSE,0.7113035565915853,no issue,FALSE
frame542__s194989,C:/R_projects/spat_1f_noise/processed_feed\rep65\processed_rep65__cam4_s194989_rank542.jpg,processed_rep65__cam4_s194989_rank542.jpg,TRUE,rep65,cam4,194989,542,0.9978406429290771,198.25350952148438,980.7027587890625,0.7135083079338074,195.79379272460938,955.9769287109375,0.05877411365509033,182.26535034179688,974.521240234375,1.9536391496658325,197.1318352059925,953.4741573033708,1333.5,1000,1000,TRUE,FALSE,0.3047639689366928,no issue,FALSE
frame543__s195349,C:/R_projects/spat_1f_noise/processed_feed\rep65\processed_rep65__cam4_s195349_rank543.jpg,processed_rep65__cam4_s195349_rank543.jpg,TRUE,rep65,cam4,195349,543,0.9970302581787108,228.42626953125,922.1048583984375,0.02972438558936119,194.7256317138672,956.88848876953125,0.06825517863035202,179.74758911132813,973.03802490234375,0.5239731073379517,200.29640498899485,949.4380044020543,1364,1000,1000,TRUE,FALSE,0.1775855371180892,no issue,FALSE
frame544__s195710,C:/R_projects/spat_1f_noise/processed_feed\rep65\processed_rep65__cam4_s195710_rank544.jpg,processed_rep65__cam4_s195710_rank544.jpg,TRUE,rep65,cam4,195710,544,0.9982115030288696,226.61163330078125,927.66326904296875,0.03341027349233627,194.2155303955078,957.5660400390625,0.0824132040143013,180.5094757080078,976.25537109375,0.061370767652988434,196.0921155347385,954.3809523809524,1280.5,1000,1000,TRUE,FALSE,-0.4036971475718243,no issue,FALSE
frame545__s196070,C:/R_projects/spat_1f_noise/processed_feed\rep65\processed_rep65__cam4_s196070_rank545.jpg,processed_rep65__cam4_s196070_rank545.jpg,TRUE,rep65,cam4,196070,545,0.998416543006897,198.93505859375,980.0712890625,0.21729640662670135,195.2330322265625,957.911376953125,0.07731013000011444,184.1270294189453,976.3779296875,0.6349785923957825,196.7550866616428,953.981160512434,1326.5,1000,1000,TRUE,FALSE,-0.20800401069345476,no issue,FALSE
frame546__s196430,C:/R_projects/spat_1f_noise/processed_feed\rep65\processed_rep65__cam4_s196430_rank546.jpg,processed_rep65__cam4_s196430_rank546.jpg,TRUE,rep65,cam4,196430,546,0.9987898468971252,221.68922424316406,931.4937744140625,0.02190653420984745,194.67202758789063,957.376708984375,0.081642746925354,177.47927856445313,980.7945556640625,0.04953296482563019,196.56003159557662,953.1785150078989,1268.5,1000,1000,TRUE,FALSE,-0.5201678779770237,no issue,FALSE
frame547__s196791,C:/R_projects/spat_1f_noise/processed_feed\rep65\processed_rep65__cam4_s196791_rank547.jpg,processed_rep65__cam4_s196791_rank547.jpg,TRUE,rep65,cam4,196791,547,0.9984980821609496,202.70639038085938,980.7197265625,0.029004525393247604,194.09872436523438,957.1341552734375,0.09435443580150604,181.80203247070313,979.47845458984375,1.593398928642273,196.66917293233084,953.7156527682844,1463.5,1000,1000,TRUE,FALSE,0.35216542983040716,no issue,FALSE
frame548__s197151,C:/R_projects/spat_1f_noise/processed_feed\rep65\processed_rep65__cam4_s197151_rank548.jpg,processed_rep65__cam4_s197151_rank548.jpg,TRUE,rep65,cam4,197151,548,0.9976146221160888,220.88363647460938,926.1575927734375,0.03134888410568237,193.56832885742188,959.34686279296875,0.08317462354898453,179.91067504882813,977.7852783203125,0.21480867266654968,196.86824574389343,951.7623982235381,1354.5,1000,1000,TRUE,FALSE,-0.1712529657882455,no issue,FALSE
frame549__s197512,C:/R_projects/spat_1f_noise/processed_feed\rep65\processed_rep65__cam4_s197512_rank549.jpg,processed_rep65__cam4_s197512_rank549.jpg,TRUE,rep65,cam4,197512,549,0.9952217936515808,220.39682006835938,924.92803955078125,0.02389979548752308,194.47628784179688,958.23638916015625,0.059008028358221054,178.43020629882813,975.50732421875,0.19287295639514923,195.92664670658684,952.3615269461078,1338,1000,1000,TRUE,FALSE,-0.27109118369330554,no issue,FALSE
frame550__s197872,C:/R_projects/spat_1f_noise/processed_feed\rep65\processed_rep65__cam4_s197872_rank550.jpg,processed_rep65__cam4_s197872_rank550.jpg,TRUE,rep65,cam4,197872,550,0.9980587363243104,216.02023315429688,928.68597412109375,0.02841479890048504,189.85116577148438,964.4044189453125,1.5513430833816528,176.14356994628906,980.41619873046875,0.05213785916566849,196.0448669201521,951.8471482889734,1319,1000,1000,TRUE,FALSE,-0.3759042228205228,no issue,FALSE
frame551__s198232,C:/R_projects/spat_1f_noise/processed_feed\rep65\processed_rep65__cam4_s198232_rank551.jpg,processed_rep65__cam4_s198232_rank551.jpg,TRUE,rep65,cam4,198232,551,0.9954652190208436,213.6851806640625,928.63067626953125,0.02314707450568676,190.21682739257813,963.5936279296875,0.729810357093811,177.8650665283203,979.82635498046875,0.03608749434351921,194.63740771123872,953.059064807219,1218,1000,1000,TRUE,FALSE,-0.8393013377519912,no issue,FALSE
frame552__s198593,C:/R_projects/spat_1f_noise/processed_feed\rep65\processed_rep65__cam4_s198593_rank552.jpg,processed_rep65__cam4_s198593_rank552.jpg,TRUE,rep65,cam4,198593,552,0.990431010723114,215.23094177246094,926.25128173828125,0.017430871725082397,191.8240509033203,960.6490478515625,2.2627856731414795,179.50466918945313,977.847900390625,0.040485039353370667,195.85003946329914,951.9534333070245,1264.5,1000,1000,TRUE,FALSE,-0.6533085952400082,no issue,FALSE
frame553__s198953,C:/R_projects/spat_1f_noise/processed_feed\rep65\processed_rep65__cam4_s198953_rank553.jpg,processed_rep65__cam4_s198953_rank553.jpg,TRUE,rep65,cam4,198953,553,0.9947973489761353,211.96182250976563,923.557373046875,0.017735226079821587,194.86900329589844,958.0938720703125,0.03592652454972267,182.65985107421875,974.128662109375,0.09682402014732361,194.239092495637,953.130017452007,1143.5,1000,1000,TRUE,FALSE,-1.1980308617612911,no issue,FALSE
frame554__s199314,C:/R_projects/spat_1f_noise/processed_feed\rep65\processed_rep65__cam4_s199314_rank554.jpg,processed_rep65__cam4_s199314_rank554.jpg,TRUE,rep65,cam4,199314,554,0.995960295200348,209.1187744140625,930.984619140625,0.014683203771710396,193.3098602294922,960.57305908203125,0.03290679305791855,181.149169921875,972.901611328125,0.12229648977518082,193.61981371718883,954.5681625740898,1179,1000,1000,TRUE,FALSE,-1.0206732383185242,no issue,FALSE
frame555__s199674,C:/R_projects/spat_1f_noise/processed_feed\rep65\processed_rep65__cam4_s199674_rank555.jpg,processed_rep65__cam4_s199674_rank555.jpg,TRUE,rep65,cam4,199674,555,0.9871784448623656,205.22555541992188,935.4940185546875,0.6801387071609497,194.15704345703125,962.86181640625,0.17903007566928864,181.85870361328125,979.03369140625,0.022807540372014046,194.6094861660079,954.1470355731225,1262,1000,1000,TRUE,FALSE,-0.689123855347814,no issue,FALSE
frame556__s200034,C:/R_projects/spat_1f_noise/processed_feed\rep65\processed_rep65__cam4_s200034_rank556.jpg,processed_rep65__cam4_s200034_rank556.jpg,TRUE,rep65,cam4,200034,556,0.9882572293281556,208.396240234375,935.245361328125,0.05100519582629204,192.4053955078125,962.5594482421875,1.1083626747131348,181.33482360839844,978.699462890625,0.02369670942425728,195.64820846905536,954.25,1227,1000,1000,TRUE,FALSE,-0.8507600771526781,no issue,FALSE
frame557__s200395,C:/R_projects/spat_1f_noise/processed_feed\rep65\processed_rep65__cam4_s200395_rank557.jpg,processed_rep65__cam4_s200395_rank557.jpg,TRUE,rep65,cam4,200395,557,0.9942564368247986,213.77682495117188,928.4761962890625,0.011727692559361458,190.41868591308594,965.28466796875,0.04970328137278557,178.12490844726563,981.2349853515625,0.036590564996004105,193.90166666666667,956.855,1197.5,1000,1000,TRUE,FALSE,-0.9676135303783648,no issue,FALSE
frame558__s200755,C:/R_projects/spat_1f_noise/processed_feed\rep65\processed_rep65__cam4_s200755_rank558.jpg,processed_rep65__cam4_s200755_rank558.jpg,TRUE,rep65,cam4,200755,558,0.9953595995903016,103.20429992675781,922.16748046875,0.0792476162314415,174.1121063232422,950.24542236328125,0.08671039342880249,213.92001342773438,960.01165771484375,5.309081077575684,162.39518072289155,942.1450602409639,2075,1000,1000,FALSE,FALSE,2.8666745992818363,too big,FALSE
frame559__s201116,C:/R_projects/spat_1f_noise/processed_feed\rep65\processed_rep65__cam4_s201116_rank559.jpg,processed_rep65__cam4_s201116_rank559.jpg,TRUE,rep65,cam4,201116,559,0.9976758360862732,121.74862670898438,931.21575927734375,0.059370480477809906,176.16964721679688,951.0242919921875,0.08582550287246704,212.0380401611328,957.2144775390625,1.6201708316802979,170.1675272518646,945.368330464716,1743,1000,1000,FALSE,FALSE,1.3525753191298713,no issue,FALSE
frame560__s201476,C:/R_projects/spat_1f_noise/processed_feed\rep65\processed_rep65__cam4_s201476_rank560.jpg,processed_rep65__cam4_s201476_rank560.jpg,TRUE,rep65,cam4,201476,560,0.9939974546432496,113.79649353027344,926.8487548828125,0.08294163644313812,174.50650024414063,951.736328125,0.07980279624462128,209.1979217529297,960.44683837890625,0.22099609673023224,166.79296066252587,944.7101449275362,1932,1000,1000,FALSE,FALSE,2.1044075736701444,too big,FALSE
frame561__s201836,C:/R_projects/spat_1f_noise/processed_feed\rep65\processed_rep65__cam4_s201836_rank561.jpg,processed_rep65__cam4_s201836_rank561.jpg,TRUE,rep65,cam4,201836,561,0.9827427864074708,224.16094970703125,975.991455078125,0.013972905464470387,170.77557373046875,960.0205078125,0.03942941874265671,159.6018829345703,974.762939453125,0.095146074891090393,186.98793284365163,962.116998950682,1904,1000,1000,TRUE,FALSE,1.6702047714616417,no issue,FALSE
frame562__s202197,C:/R_projects/spat_1f_noise/processed_feed\rep65\processed_rep65__cam4_s202197_rank562.jpg,processed_rep65__cam4_s202197_rank562.jpg,TRUE,rep65,cam4,202197,562,0.9905843734741212,222.97325134277344,977.9693603515625,0.007877297699451447,176.2495574951172,963.13812255859375,0.03472844883799553,166.41299438476563,975.49749755859375,2.1481986045837402,185.5769784172662,961.9158273381295,1392,1000,1000,TRUE,FALSE,-0.15574592979828003,no issue,FALSE
frame563__s202557,C:/R_projects/spat_1f_noise/processed_feed\rep65\processed_rep65__cam4_s202557_rank563.jpg,processed_rep65__cam4_s202557_rank563.jpg,TRUE,rep65,cam4,202557,563,0.9861149787902832,164.09970092773438,977.96722412109375,1.02936851978302,175.2095947265625,964.3265380859375,0.028834650292992592,164.09970092773438,977.96722412109375,16.98478126525879,186.50284990500316,964.0101329955668,1581.5,1000,1000,TRUE,FALSE,0.5114857514970442,no issue,FALSE
frame564__s202918,C:/R_projects/spat_1f_noise/processed_feed\rep65\processed_rep65__cam4_s202918_rank564.jpg,processed_rep65__cam4_s202918_rank564.jpg,TRUE,rep65,cam4,202918,564,0.9870234727859496,160.92361450195313,977.13720703125,0.32728976011276245,174.48776245117188,964.95166015625,0.032449252903461456,217.64642333984375,957.64031982421875,0.012798667885363102,185.4604271356784,964.6155778894472,1593.5,1000,1000,TRUE,FALSE,0.5451941414213805,no issue,FALSE
frame565__s203278,C:/R_projects/spat_1f_noise/processed_feed\rep65\processed_rep65__cam4_s203278_rank565.jpg,processed_rep65__cam4_s203278_rank565.jpg,TRUE,rep65,cam4,203278,565,0.9927041530609132,193.30242919921875,977.75579833984375,0.00963485799729824,178.47036743164063,964.07403564453125,0.03098617121577263,162.40228271484375,977.75579833984375,2.2202870845794678,189.44692005242464,962.8800786369594,1523.5,1000,1000,TRUE,FALSE,0.2702730531753584,no issue,FALSE
frame566__s203639,C:/R_projects/spat_1f_noise/processed_feed\rep65\processed_rep65__cam4_s203639_rank566.jpg,processed_rep65__cam4_s203639_rank566.jpg,TRUE,rep65,cam4,203639,566,0.9929245710372924,160.73333740234375,976.76873779296875,0.02673906832933426,176.73876953125,964.3970947265625,0.047234851866960526,160.73333740234375,976.76873779296875,0.20169183611869812,187.97207084468664,963.3528610354224,1470,1000,1000,TRUE,FALSE,0.05289695670155057,no issue,FALSE
frame567__s203999,C:/R_projects/spat_1f_noise/processed_feed\rep65\processed_rep65__cam4_s203999_rank567.jpg,processed_rep65__cam4_s203999_rank567.jpg,TRUE,rep65,cam4,203999,567,0.994718372821808,228.16067504882813,974.78277587890625,0.009992477484047413,177.06948852539063,966.22247314453125,0.027957111597061157,168.34661865234375,976.0057373046875,0.8261330723762512,189.22744845360825,963.1050257731958,1554,1000,1000,TRUE,FALSE,0.2825654019665552,no issue,FALSE
frame568__s204359,C:/R_projects/spat_1f_noise/processed_feed\rep65\processed_rep65__cam4_s204359_rank568.jpg,processed_rep65__cam4_s204359_rank568.jpg,TRUE,rep65,cam4,204359,568,0.9926375150680542,191.6941680908203,983.78790283203125,0.005844626575708389,176.75857543945313,965.244873046875,0.036062948405742645,165.55686950683594,977.60687255859375,0.7637096047401428,188.65780014378146,962.7713874910137,1396.5,1000,1000,TRUE,FALSE,-0.3098527780931185,no issue,FALSE
frame569__s204720,C:/R_projects/spat_1f_noise/processed_feed\rep65\processed_rep65__cam4_s204720_rank569.jpg,processed_rep65__cam4_s204720_rank569.jpg,TRUE,rep65,cam4,204720,569,0.9935051202774048,222.0018768310547,977.8319091796875,0.008038370870053768,183.28549194335938,971.6497802734375,0.03454892337322235,169.5474090576172,982.77764892578125,0.9198557734489441,193.2216748768473,968.0098522167488,1220,1000,1000,TRUE,FALSE,-1.0039704901144544,no issue,FALSE
frame570__s205080,C:/R_projects/spat_1f_noise/processed_feed\rep65\processed_rep65__cam4_s205080_rank570.jpg,processed_rep65__cam4_s205080_rank570.jpg,TRUE,rep65,cam4,205080,570,0.9895646572113036,221.48268127441406,978.89532470703125,0.0071535478346049786,178.12094116210938,972.7978515625,0.02282644435763359,162.01515197753906,982.5538330078125,3.0423433780670166,189.51432880844646,968.7322775263951,1328.5,1000,1000,TRUE,FALSE,-0.6740367666324788,no issue,FALSE
frame571__s205441,C:/R_projects/spat_1f_noise/processed_feed\rep65\processed_rep65__cam4_s205441_rank571.jpg,processed_rep65__cam4_s205441_rank571.jpg,TRUE,rep65,cam4,205441,571,0.9948453903198242,220.18325805664063,978.30865478515625,0.013794569298624992,183.087890625,970.90673828125,0.023536281660199165,164.54019165039063,982.0096435546875,10.3128662109375,190.032281205165,968.2833572453371,1396,1000,1000,TRUE,FALSE,-0.49555247924584744,no issue,FALSE
frame572__s205801,C:/R_projects/spat_1f_noise/processed_feed\rep65\processed_rep65__cam4_s205801_rank572.jpg,processed_rep65__cam4_s205801_rank572.jpg,TRUE,rep65,cam4,205801,572,0.9955849647521972,220.2404022216797,975.59075927734375,0.007910744287073612,184.427001953125,971.87042236328125,0.0285805594176054,167.13775634765625,981.79132080078125,6.6682891845703125,190.06586826347305,969.3383233532934,1336.5,1000,1000,TRUE,FALSE,-0.7786640392608499,no issue,FALSE
frame573__s206162,C:/R_projects/spat_1f_noise/processed_feed\rep65\processed_rep65__cam4_s206162_rank573.jpg,processed_rep65__cam4_s206162_rank573.jpg,TRUE,rep65,cam4,206162,573,0.993882417678833,221.62789916992188,978.717041015625,0.011209006421267986,178.4759521484375,972.480224609375,0.018972888588905334,161.21514892578125,981.2117919921875,0.21195818483829498,187.93372177713036,968.748725418791,1376.5,1000,1000,TRUE,FALSE,-0.7205715752643721,no issue,FALSE
frame574__s206522,C:/R_projects/spat_1f_noise/processed_feed\rep65\processed_rep65__cam4_s206522_rank574.jpg,processed_rep65__cam4_s206522_rank574.jpg,TRUE,rep65,cam4,206522,574,0.9716455936431884,836.94757080078125,989.63067626953125,0.1664702296257019,876.9200439453125,990.842529296875,0.008223460055887699,841.944091796875,982.35968017578125,0.012881088070571423,862.8667466986794,987.7683073229292,837.5,1000,1000,TRUE,FALSE,-2.5450317167276477,out_of_frame,FALSE
frame575__s206883,C:/R_projects/spat_1f_noise/processed_feed\rep65\processed_rep65__cam4_s206883_rank575.jpg,processed_rep65__cam4_s206883_rank575.jpg,TRUE,rep65,cam4,206883,575,0.9824149012565612,226.1902618408203,972.6317138671875,0.004905582871288061,187.82798767089844,970.1593017578125,0.018973203375935555,169.26559448242188,976.3402099609375,0.5409420728683472,194.97431781701445,970.177367576244,1251.5,1000,1000,TRUE,FALSE,-1.1121491319893202,no issue,FALSE
frame576__s207243,C:/R_projects/spat_1f_noise/processed_feed\rep65\processed_rep65__cam4_s207243_rank576.jpg,processed_rep65__cam4_s207243_rank576.jpg,TRUE,rep65,cam4,207243,576,0.99780935049057,66.74724578857422,851.5108642578125,0.0677708238363266,96.50010681152344,902.297119140625,0.11770808696746826,149.8072967529297,924.59356689453125,0.08129695057868958,102.80699300699301,895.3818181818182,2147.5,1000,1000,FALSE,FALSE,1.6649198037018065,no issue,FALSE
frame577__s207603,C:/R_projects/spat_1f_noise/processed_feed\rep65\processed_rep65__cam4_s207603_rank577.jpg,processed_rep65__cam4_s207603_rank577.jpg,TRUE,rep65,cam4,207603,577,0.9985705614089966,144.37081909179688,914.2073974609375,0.0575321801006794,119.66297149658203,921.6240234375,0.024569818750023842,73.953460693359375,889.4852294921875,0.08793630450963974,106.51543624161074,905.4604026845637,1493.5,1000,1000,FALSE,FALSE,-0.3721725334967157,no issue,FALSE
frame578__s207964,C:/R_projects/spat_1f_noise/processed_feed\rep65\processed_rep65__cam4_s207964_rank578.jpg,processed_rep65__cam4_s207964_rank578.jpg,TRUE,rep65,cam4,207964,578,0.998329222202301,142.64036560058594,916.7069091796875,0.046134769916534424,104.13583374023438,909.348388671875,0.062142401933670044,74.32587432861328,886.04620361328125,0.10988699644804001,104.53851351351351,905.5486486486486,1480.5,1000,1000,FALSE,FALSE,-0.47108719893217305,no issue,FALSE
frame579__s208324,C:/R_projects/spat_1f_noise/processed_feed\rep65\processed_rep65__cam4_s208324_rank579.jpg,processed_rep65__cam4_s208324_rank579.jpg,TRUE,rep65,cam4,208324,579,0.9987396597862244,141.73541259765625,919.7373046875,0.03455820307135582,104.55413818359375,909.78240966796875,0.07355726510286331,73.56974792480469,886.13946533203125,0.11206241697072983,103.63769123783032,905.1794158553547,1437.5,1000,1000,FALSE,FALSE,-0.6278069727227457,no issue,FALSE
frame580__s208685,C:/R_projects/spat_1f_noise/processed_feed\rep65\processed_rep65__cam4_s208685_rank580.jpg,processed_rep65__cam4_s208685_rank580.jpg,TRUE,rep65,cam4,208685,580,0.9989567995071412,144.55374145507813,917.8804931640625,0.06363435089588165,103.43291473388672,909.140380859375,0.0933283194899559,73.52685546875,884.16864013671875,0.12112139165401459,106.05647208121827,905.7734771573604,1575,1000,1000,FALSE,FALSE,-0.2951725767775148,no issue,FALSE
frame581__s209045,C:/R_projects/spat_1f_noise/processed_feed\rep65\processed_rep65__cam4_s209045_rank581.jpg,processed_rep65__cam4_s209045_rank581.jpg,TRUE,rep65,cam4,209045,581,0.998814821243286,143.95809936523438,921.24029541015625,0.06181037798523903,103.29682922363281,911.347412109375,0.07777602970600128,74.95716857910156,884.1419677734375,0.09305863827466965,105.91634738186463,908.1768837803321,1569,1000,1000,FALSE,FALSE,-0.36756135439975784,no issue,FALSE
frame582__s209406,C:/R_projects/spat_1f_noise/processed_feed\rep65\processed_rep65__cam4_s209406_rank582.jpg,processed_rep65__cam4_s209406_rank582.jpg,TRUE,rep65,cam4,209406,582,0.9982882142066956,147.37977600097656,918.275634765625,0.06406234949827194,101.16011047363281,909.52703857421875,0.0783383846282959,74.92732238769531,883.2813720703125,0.10609159618616104,108.01177790241167,908.1138530566461,1785.5,1000,1000,FALSE,FALSE,0.10979281772311199,no issue,FALSE
frame583__s209766,C:/R_projects/spat_1f_noise/processed_feed\rep65\processed_rep65__cam4_s209766_rank583.jpg,processed_rep65__cam4_s209766_rank583.jpg,TRUE,rep65,cam4,209766,583,0.9987576007843018,145.08523559570313,918.01153564453125,0.05875746160745621,103.10919189453125,909.41839599609375,0.08296900987625122,73.479034423828125,882.411376953125,0.0653521791100502,106.12087227414331,906.2218068535825,1608,1000,1000,FALSE,FALSE,-0.374862308011181,no issue,FALSE
frame584__s210126,C:/R_projects/spat_1f_noise/processed_feed\rep65\processed_rep65__cam4_s210126_rank584.jpg,processed_rep65__cam4_s210126_rank584.jpg,TRUE,rep65,cam4,210126,584,0.9982707500457764,142.78001403808594,920.7764892578125,0.054228536784648895,102.08251953125,909.6373291015625,0.08379614353179932,73.71760559082031,882.4083251953125,0.1124582588672638,104.75608194622279,906.6523687580026,1563.5,1000,1000,FALSE,FALSE,-0.5479118180230707,no issue,FALSE
frame585__s210487,C:/R_projects/spat_1f_noise/processed_feed\rep65\processed_rep65__cam4_s210487_rank585.jpg,processed_rep65__cam4_s210487_rank585.jpg,TRUE,rep65,cam4,210487,585,0.9987561702728271,142.15689086914063,924.3629150390625,0.04781336337327957,104.85983276367188,909.37249755859375,0.08991416543722153,72.53569793701172,881.88995361328125,0.10629983246326447,106.17413249211357,906.3608832807571,1584,1000,1000,FALSE,FALSE,-0.587863613310528,no issue,FALSE
frame586__s210847,C:/R_projects/spat_1f_noise/processed_feed\rep65\processed_rep65__cam4_s210847_rank586.jpg,processed_rep65__cam4_s210847_rank586.jpg,TRUE,rep65,cam4,210847,586,0.997054934501648,158.01461791992188,926.50689697265625,0.1967518925666809,124.37925720214844,915.36126708984375,0.1294054090976715,74.54907989501953,884.40118408203125,0.1338735669851303,118.21456692913385,907.0900590551181,2035,1000,1000,FALSE,FALSE,0.35938730937797914,no issue,FALSE
frame587__s211208,C:/R_projects/spat_1f_noise/processed_feed\rep65\processed_rep65__cam4_s211208_rank587.jpg,processed_rep65__cam4_s211208_rank587.jpg,TRUE,rep65,cam4,211208,587,0.9940435290336608,156.43296813964844,929.0343017578125,0.4938148260116577,125.24221801757813,915.3040771484375,0.11050679534673691,76.58463287353516,885.3472900390625,0.12437795102596283,118.27887039838629,907.2884518406455,1984.5,1000,1000,FALSE,FALSE,0.18197870409184677,no issue,FALSE
frame588__s211568,C:/R_projects/spat_1f_noise/processed_feed\rep65\processed_rep65__cam4_s211568_rank588.jpg,processed_rep65__cam4_s211568_rank588.jpg,TRUE,rep65,cam4,211568,588,0.996553897857666,164.8970184326172,928.6416015625,0.40526631474494934,128.70703125,916.30621337890625,0.10748379677534103,73.7980728149414,886.701416015625,0.15623104572296143,121.14882629107981,908.537558685446,2131.5,1000,1000,FALSE,FALSE,0.48246071002546564,no issue,FALSE
frame589__s211928,C:/R_projects/spat_1f_noise/processed_feed\rep65\processed_rep65__cam4_s211928_rank589.jpg,processed_rep65__cam4_s211928_rank589.jpg,TRUE,rep65,cam4,211928,589,0.9976598024368286,166.37557983398438,932.61767578125,0.06966691464185715,121.77442932128906,911.6455078125,0.08419505506753922,72.21759796142578,885.7386474609375,0.12949851155281067,118.04303178484108,906.2982885085574,2046.5,1000,1000,FALSE,FALSE,0.19357568855117574,no issue,FALSE
frame590__s212289,C:/R_projects/spat_1f_noise/processed_feed\rep65\processed_rep65__cam4_s212289_rank590.jpg,processed_rep65__cam4_s212289_rank590.jpg,TRUE,rep65,cam4,212289,590,0.9959434866905212,178.6146697998047,937.20513916015625,0.0633905678987503,127.84722900390625,916.234619140625,0.11797686666250229,73.36510467529297,885.3955078125,0.12281795591115952,122.9433713784021,909.2980684811238,2280.5,1000,1000,FALSE,FALSE,0.7080540328605591,no issue,FALSE
frame591__s212649,C:/R_projects/spat_1f_noise/processed_feed\rep65\processed_rep65__cam4_s212649_rank591.jpg,processed_rep65__cam4_s212649_rank591.jpg,TRUE,rep65,cam4,212649,591,0.9969839453697203,170.3187255859375,935.72265625,0.06471377611160278,125.66361999511719,915.94140625,0.10396930575370789,74.80644989013672,887.5057373046875,0.12560731172561646,121.88564356435644,910.0138613861386,2020,1000,1000,FALSE,FALSE,-0.08758807049872454,no issue,FALSE
frame592__s213010,C:/R_projects/spat_1f_noise/processed_feed\rep65\processed_rep65__cam4_s213010_rank592.jpg,processed_rep65__cam4_s213010_rank592.jpg,TRUE,rep65,cam4,213010,592,0.9977606534957886,162.54547119140625,930.8275146484375,0.28152212500572205,129.14328002929688,915.93011474609375,0.09535494446754456,72.23582458496094,886.13531494140625,0.13099220395088196,118.78397375820056,906.8181818181819,2135.5,1000,1000,FALSE,FALSE,0.22896376414189282,no issue,FALSE
frame593__s213370,C:/R_projects/spat_1f_noise/processed_feed\rep65\processed_rep65__cam4_s213370_rank593.jpg,processed_rep65__cam4_s213370_rank593.jpg,TRUE,rep65,cam4,213370,593,0.9977298378944396,172.11373901367188,937.5,0.06652245670557022,128.72581481933594,916.289794921875,0.10877753049135208,72.94134521484375,886.34619140625,0.16885125637054443,120.20245120290512,908.3763050385837,2204,1000,1000,FALSE,FALSE,0.3588356209652965,no issue,FALSE
frame594__s213731,C:/R_projects/spat_1f_noise/processed_feed\rep65\processed_rep65__cam4_s213731_rank594.jpg,processed_rep65__cam4_s213731_rank594.jpg,TRUE,rep65,cam4,213731,594,0.9977923631668092,165.41897583007813,930.99151611328125,0.09201938658952713,129.33506774902344,917.4090576171875,0.1315564066171646,73.342803955078125,886.5399169921875,0.15370601415634155,120.87316176470588,909.2444852941177,2178,1000,1000,FALSE,FALSE,0.2524863289522808,no issue,FALSE
frame595__s214091,C:/R_projects/spat_1f_noise/processed_feed\rep65\processed_rep65__cam4_s214091_rank595.jpg,processed_rep65__cam4_s214091_rank595.jpg,TRUE,rep65,cam4,214091,595,0.9943395256996156,167.2451171875,934.04412841796875,0.5572388768196106,131.30018615722656,920.39764404296875,0.12897972762584686,76.7630615234375,884.4207763671875,0.13218770921230316,123.825117873982,911.3446206600943,2335,1000,1000,FALSE,FALSE,0.6788983180014116,no issue,FALSE
frame596__s214451,C:/R_projects/spat_1f_noise/processed_feed\rep65\processed_rep65__cam4_s214451_rank596.jpg,processed_rep65__cam4_s214451_rank596.jpg,TRUE,rep65,cam4,214451,596,0.9944198727607728,183.68431091308594,948.1844482421875,0.061169836670160294,131.48226928710938,921.1048583984375,0.12398390471935272,76.79442596435547,884.1783447265625,0.14508716762065887,127.36326194398681,913.3521416803953,2430,1000,1000,FALSE,FALSE,0.9985617322938235,no issue,FALSE
frame597__s214812,C:/R_projects/spat_1f_noise/processed_feed\rep65\processed_rep65__cam4_s214812_rank597.jpg,processed_rep65__cam4_s214812_rank597.jpg,TRUE,rep65,cam4,214812,597,0.9951891899108888,166.676025390625,932.18133544921875,0.13643431663513184,131.92381286621094,917.35986328125,0.11152002960443497,76.072052001953125,885.2467041015625,0.11220928281545639,124.6860205448861,909.4135774899509,2241.5,1000,1000,FALSE,FALSE,0.3163463165722933,no issue,FALSE
frame598__s215172,C:/R_projects/spat_1f_noise/processed_feed\rep65\processed_rep65__cam4_s215172_rank598.jpg,processed_rep65__cam4_s215172_rank598.jpg,TRUE,rep65,cam4,215172,598,0.9954327344894408,168.5273895263672,934.6689453125,1.5156316757202148,132.5331573486328,918.64349365234375,0.11951036006212234,76.6800308227539,887.8253173828125,0.15440937876701355,127.74738675958189,912.2247386759582,2296.5,1000,1000,FALSE,FALSE,0.523025021739024,no issue,FALSE
frame599__s215533,C:/R_projects/spat_1f_noise/processed_feed\rep65\processed_rep65__cam4_s215533_rank599.jpg,processed_rep65__cam4_s215533_rank599.jpg,TRUE,rep65,cam4,215533,599,0.9975348711013794,172.57186889648438,938.387939453125,0.10586261749267578,136.64019775390625,919.88946533203125,0.1190703883767128,74.68907165527344,890.2918701171875,0.1729554533958435,129.39142194744977,913.0653013910355,2587,1000,1000,FALSE,FALSE,1.5801072835960384,no issue,FALSE
frame600__s215893,C:/R_projects/spat_1f_noise/processed_feed\rep65\processed_rep65__cam4_s215893_rank600.jpg,processed_rep65__cam4_s215893_rank600.jpg,TRUE,rep65,cam4,215893,600,0.9976806640625,172.23777770996094,937.75994873046875,1.2279709577560425,141.099853515625,921.71630859375,0.12412917613983154,76.332977294921875,890.86309814453125,0.16991835832595825,127.351164797239,911.9969801553063,2317,1000,1000,FALSE,FALSE,0.6007092604806318,no issue,FALSE
frame601__s216253,C:/R_projects/spat_1f_noise/processed_feed\rep65\processed_rep65__cam4_s216253_rank601.jpg,processed_rep65__cam4_s216253_rank601.jpg,TRUE,rep65,cam4,216253,601,0.9979625940322876,177.17979431152344,939.12872314453125,0.8187487125396729,142.1800537109375,921.6640625,0.12030493468046188,74.68059539794922,891.7247314453125,0.13971157371997833,132.11822854883354,913.886516409648,2526.5,1000,1000,FALSE,FALSE,1.3995120230632463,no issue,FALSE
frame602__s216614,C:/R_projects/spat_1f_noise/processed_feed\rep65\processed_rep65__cam4_s216614_rank602.jpg,processed_rep65__cam4_s216614_rank602.jpg,TRUE,rep65,cam4,216614,602,0.9966506361961364,170.7526397705078,935.775390625,0.16559457778930664,139.78378295898438,919.7825927734375,0.10877691954374313,75.36854553222656,893.94805908203125,0.13271468877792358,126.87433862433862,911.4219576719577,2268.5,1000,1000,FALSE,FALSE,0.44088627403812664,no issue,FALSE
frame603__s216974,C:/R_projects/spat_1f_noise/processed_feed\rep65\processed_rep65__cam4_s216974_rank603.jpg,processed_rep65__cam4_s216974_rank603.jpg,TRUE,rep65,cam4,216974,603,0.9960480332374572,165.68161010742188,932.70208740234375,0.3820410668849945,140.86322021484375,918.952880859375,0.06976998597383499,73.85357666015625,896.45416259765625,0.1127769947052002,122.96449704142012,909.465483234714,2026.5,1000,1000,FALSE,FALSE,-0.2781473280716233,no issue,FALSE
frame604__s217335,C:/R_projects/spat_1f_noise/processed_feed\rep65\processed_rep65__cam4_s217335_rank604.jpg,processed_rep65__cam4_s217335_rank604.jpg,TRUE,rep65,cam4,217335,604,0.9967426657676696,312.3521728515625,945.11279296875,0.05799657106399536,286.28814697265625,916.55078125,0.1258179247379303,232.9189453125,866.877685546875,0.12467852979898453,277.70818505338076,906.6334519572954,2525,1000,1000,FALSE,FALSE,1.2444319158170407,no issue,FALSE
frame605__s217695,C:/R_projects/spat_1f_noise/processed_feed\rep65\processed_rep65__cam4_s217695_rank605.jpg,processed_rep65__cam4_s217695_rank605.jpg,TRUE,rep65,cam4,217695,605,0.9976698756217957,354.1589660644531,970.517578125,0.13029073178768158,327.9761047363281,949.53546142578125,0.1539832204580307,280.59765625,902.63421630859375,0.16284283995628357,321.6895547232626,939.3054515189347,2403,1000,1000,TRUE,FALSE,0.8826173412852031,no issue,FALSE
frame606__s218055,C:/R_projects/spat_1f_noise/processed_feed\rep65\processed_rep65__cam4_s218055_rank606.jpg,processed_rep65__cam4_s218055_rank606.jpg,TRUE,rep65,cam4,218055,606,0.9975704550743104,358.8319396972656,969.7926025390625,0.07004279643297195,327.67236328125,948.759765625,0.14696231484413147,282.80255126953125,902.98223876953125,0.1849806010723114,322.18803056027167,938.9898132427844,2359,1000,1000,TRUE,FALSE,0.7504105850217287,no issue,FALSE
frame607__s218416,C:/R_projects/spat_1f_noise/processed_feed\rep65\processed_rep65__cam4_s218416_rank607.jpg,processed_rep65__cam4_s218416_rank607.jpg,TRUE,rep65,cam4,218416,607,0.9979864358901978,367.461181640625,977.821533203125,0.05581185966730118,326.71807861328125,949.1795654296875,0.1298142522573471,287.2095947265625,899.36737060546875,0.11360468715429306,322.67596281540506,939.5210270030988,2264.5,1000,1000,TRUE,FALSE,0.5032491082333842,no issue,FALSE
frame608__s218776,C:/R_projects/spat_1f_noise/processed_feed\rep65\processed_rep65__cam4_s218776_rank608.jpg,processed_rep65__cam4_s218776_rank608.jpg,TRUE,rep65,cam4,218776,608,0.9980474710464478,368.5804748535156,978.605224609375,0.06917829811573029,327.7470397949219,950.1954345703125,0.14610175788402557,288.1509704589844,900.7872314453125,0.1550942361354828,324.2496776966051,940.7700902449506,2333,1000,1000,TRUE,FALSE,0.7087617693626922,no issue,FALSE
frame609__s219137,C:/R_projects/spat_1f_noise/processed_feed\rep65\processed_rep65__cam4_s219137_rank609.jpg,processed_rep65__cam4_s219137_rank609.jpg,TRUE,rep65,cam4,219137,609,0.9912823438644408,291.76165771484375,974.79052734375,0.12705965340137482,305.315185546875,952.3843994140625,0.05970892310142517,285.6009521484375,897.6141357421875,0.09682618081569672,295.7365424430642,939.3447204968944,1934.5,1000,1000,FALSE,FALSE,-0.22517612038231644,no issue,FALSE
frame610__s219497,C:/R_projects/spat_1f_noise/processed_feed\rep65\processed_rep65__cam4_s219497_rank610.jpg,processed_rep65__cam4_s219497_rank610.jpg,TRUE,rep65,cam4,219497,610,0.9978322386741638,360.2189636230469,967.544189453125,0.98763507604599,325.56390380859375,950.2359619140625,0.15240521728992462,279.7697448730469,903.25653076171875,0.14843519032001495,320.3468208092485,940.2386457473162,2426,1000,1000,FALSE,FALSE,1.0014873241305495,no issue,FALSE
frame611__s219858,C:/R_projects/spat_1f_noise/processed_feed\rep65\processed_rep65__cam4_s219858_rank611.jpg,processed_rep65__cam4_s219858_rank611.jpg,TRUE,rep65,cam4,219858,611,0.9976824522018432,339.121337890625,967.26434326171875,0.29572075605392456,316.84332275390625,947.38824462890625,0.08124867081642151,278.4757080078125,903.9091796875,0.1439894288778305,309.9413214990138,935.8116370808679,2029,1000,1000,FALSE,FALSE,0.10514602579419793,no issue,FALSE
frame612__s220218,C:/R_projects/spat_1f_noise/processed_feed\rep65\processed_rep65__cam4_s220218_rank612.jpg,processed_rep65__cam4_s220218_rank612.jpg,TRUE,rep65,cam4,220218,612,0.9977510571479796,346.345703125,973.999755859375,0.07720356434583664,307.6448974609375,946.54345703125,0.07907729595899582,281.4281921386719,901.6148681640625,0.11119800806045532,308.1256913021619,939.0211161387632,1990.5,1000,1000,FALSE,FALSE,0.06641795271228203,no issue,FALSE
frame613__s220578,C:/R_projects/spat_1f_noise/processed_feed\rep65\processed_rep65__cam4_s220578_rank613.jpg,processed_rep65__cam4_s220578_rank613.jpg,TRUE,rep65,cam4,220578,613,0.9968923926353456,325.96063232421875,960.0701904296875,0.05912464112043381,306.2691955566406,945.1177978515625,0.07960464060306549,280.4242248535156,899.014404296875,0.11185013502836227,303.17068757539204,934.0386007237636,1663,1000,1000,FALSE,FALSE,-0.6950284685657174,no issue,FALSE
frame614__s220939,C:/R_projects/spat_1f_noise/processed_feed\rep65\processed_rep65__cam4_s220939_rank614.jpg,processed_rep65__cam4_s220939_rank614.jpg,TRUE,rep65,cam4,220939,614,0.9982466697692872,331.7305908203125,968.8587646484375,0.04180613160133362,303.4654235839844,941.50079345703125,0.0958818718791008,287.4894714355469,899.2200927734375,0.1612565964460373,304.72710396039605,935.0142326732673,1616,1000,1000,FALSE,FALSE,-0.7588183913290005,no issue,FALSE
frame615__s221299,C:/R_projects/spat_1f_noise/processed_feed\rep65\processed_rep65__cam4_s221299_rank615.jpg,processed_rep65__cam4_s221299_rank615.jpg,TRUE,rep65,cam4,221299,615,0.9978225231170654,332.16290283203125,970.64630126953125,0.054150085896253586,302.651611328125,942.092529296875,0.08233785629272461,286.66632080078125,898.64105224609375,0.11515660583972931,304.1704410011919,936.8247914183552,1681.5,1000,1000,FALSE,FALSE,-0.563713267289144,no issue,FALSE
frame616__s221660,C:/R_projects/spat_1f_noise/processed_feed\rep65\processed_rep65__cam4_s221660_rank616.jpg,processed_rep65__cam4_s221660_rank616.jpg,TRUE,rep65,cam4,221660,616,0.9977282881736756,329.6632080078125,969.875244140625,0.04427630081772804,301.2182312011719,941.248046875,0.09456494450569153,286.37738037109375,900.174072265625,0.12202594429254532,303.3940316686967,936.7576126674787,1645,1000,1000,FALSE,FALSE,-0.595870398398706,no issue,FALSE
frame617__s222020,C:/R_projects/spat_1f_noise/processed_feed\rep65\processed_rep65__cam4_s222020_rank617.jpg,processed_rep65__cam4_s222020_rank617.jpg,TRUE,rep65,cam4,222020,617,0.9944751858711244,300.0924987792969,901.13958740234375,0.02240464650094509,313.5133972167969,944.296630859375,0.029229916632175446,320.8338928222656,970.19091796875,1.1093297004699707,312.4422514619883,937.4290935672515,1370.5,1000,1000,FALSE,FALSE,-1.2805644665810665,no issue,FALSE
frame618__s222380,C:/R_projects/spat_1f_noise/processed_feed\rep65\processed_rep65__cam4_s222380_rank618.jpg,processed_rep65__cam4_s222380_rank618.jpg,TRUE,rep65,cam4,222380,618,0.9986913800239564,287.9016418457031,904.1851806640625,0.05449094623327255,308.885986328125,940.2860107421875,0.058290984481573105,321.229736328125,971.407470703125,0.039885181933641434,307.82036363636365,938.3098181818182,1376.5,1000,1000,FALSE,FALSE,-1.2006390923708554,no issue,FALSE
frame619__s222741,C:/R_projects/spat_1f_noise/processed_feed\rep65\processed_rep65__cam4_s222741_rank619.jpg,processed_rep65__cam4_s222741_rank619.jpg,TRUE,rep65,cam4,222741,619,0.98905211687088,194.51693725585938,784.6024169921875,0.10560818761587143,234.30213928222656,836.871826171875,0.09078436344861984,252.95144653320313,863.00653076171875,2.2943694591522217,230.36550116550117,828.1137529137529,2147,1000,1000,FALSE,FALSE,0.9257362670852277,no issue,FALSE
frame620__s223101,C:/R_projects/spat_1f_noise/processed_feed\rep65\processed_rep65__cam4_s223101_rank620.jpg,processed_rep65__cam4_s223101_rank620.jpg,TRUE,rep65,cam4,223101,620,0.9974250793457032,66.62921142578125,586.83648681640625,0.029418952763080597,55.75578308105469,640.1483154296875,0.02584047056734562,60.588417053222656,673.62310791015625,14.001557350158691,57.71342134213421,631.7409240924093,1817.5,1000,1000,FALSE,FALSE,0.13898395813728756,no issue,FALSE
frame621__s223462,C:/R_projects/spat_1f_noise/processed_feed\rep65\processed_rep65__cam4_s223462_rank621.jpg,processed_rep65__cam4_s223462_rank621.jpg,TRUE,rep65,cam4,223462,621,0.9948214292526244,158.47702026367188,402.57867431640625,0.0239888746291399,133.63877868652344,392.7347106933594,0.03013133443892002,105.0748062133789,381.6603088378906,0.03987457603216171,129.2110655737705,389.0399590163934,976.5,1000,1000,FALSE,FALSE,-2.2835468041249856,too small,FALSE
frame622__s223822,C:/R_projects/spat_1f_noise/processed_feed\rep65\processed_rep65__cam4_s223822_rank622.jpg,processed_rep65__cam4_s223822_rank622.jpg,TRUE,rep65,cam4,223822,622,0.9982982277870178,793.61273193359375,821.6480712890625,0.05485503748059273,761.24853515625,786.758056640625,0.14736217260360718,748.80078125,729.4385986328125,0.16859593987464905,763.9742092457421,778.4506082725061,2058,1000,1000,FALSE,FALSE,1.0797081146805825,no issue,FALSE
frame623__s224183,C:/R_projects/spat_1f_noise/processed_feed\rep65\processed_rep65__cam4_s224183_rank623.jpg,processed_rep65__cam4_s224183_rank623.jpg,TRUE,rep65,cam4,224183,623,0.9974231719970704,647.63092041015625,835.57183837890625,0.0300152488052845,693.41851806640625,825.605712890625,1.0492825508117676,728.06854248046875,823.1141357421875,0.06755055487155914,689.8765957446808,825.686524822695,1407.5,1000,1000,FALSE,FALSE,-0.9964771979818774,no issue,FALSE
frame624__s224543,C:/R_projects/spat_1f_noise/processed_feed\rep65\processed_rep65__cam4_s224543_rank624.jpg,processed_rep65__cam4_s224543_rank624.jpg,TRUE,rep65,cam4,224543,624,0.997769832611084,638.1995849609375,834.7999267578125,0.035970255732536316,692.63116455078125,826.2430419921875,0.8681285381317139,728.5064697265625,823.7982177734375,0.07089012116193771,686.3465838509317,826.6291925465838,1608,1000,1000,FALSE,FALSE,-0.25578402074600776,no issue,FALSE
frame625__s224903,C:/R_projects/spat_1f_noise/processed_feed\rep65\processed_rep65__cam4_s224903_rank625.jpg,processed_rep65__cam4_s224903_rank625.jpg,TRUE,rep65,cam4,224903,625,0.9979981780052184,651.53314208984375,835.63116455078125,2.149637222290039,692.54156494140625,825.8740234375,0.05941005051136017,728.579345703125,823.43475341796875,0.07036947458982468,689.465770953295,826.0799744081894,1562.5,1000,1000,FALSE,FALSE,-0.38275286753846033,no issue,FALSE
frame626__s225264,C:/R_projects/spat_1f_noise/processed_feed\rep65\processed_rep65__cam4_s225264_rank626.jpg,processed_rep65__cam4_s225264_rank626.jpg,TRUE,rep65,cam4,225264,626,0.9981852173805236,636.7318115234375,834.4188232421875,0.02950257994234562,691.53802490234375,825.854248046875,0.08047331869602203,727.66021728515625,823.4072265625,0.07241421937942505,685.9872650090964,826.4505761067313,1647.5,1000,1000,FALSE,FALSE,0.021326743733526367,no issue,FALSE
frame627__s225624,C:/R_projects/spat_1f_noise/processed_feed\rep65\processed_rep65__cam4_s225624_rank627.jpg,processed_rep65__cam4_s225624_rank627.jpg,TRUE,rep65,cam4,225624,627,0.9975442290306092,622.66729736328125,824.35638427734375,0.016091173514723778,692.44757080078125,830.37164306640625,5.0983567237854,728.5838623046875,826.762451171875,0.058979086577892303,681.9165237278445,828.2858776443682,1752,1000,1000,FALSE,FALSE,0.5318730607868697,no issue,FALSE
frame628__s225985,C:/R_projects/spat_1f_noise/processed_feed\rep65\processed_rep65__cam4_s225985_rank628.jpg,processed_rep65__cam4_s225985_rank628.jpg,TRUE,rep65,cam4,225985,628,0.9966397285461426,627.03924560546875,827.81365966796875,0.028930017724633217,685.25299072265625,827.81365966796875,0.5596683621406555,727.3651123046875,826.5701904296875,0.057624831795692444,680.9182638105975,826.586809470124,1774,1000,1000,FALSE,FALSE,0.6443569602988257,no issue,FALSE
frame629__s226345,C:/R_projects/spat_1f_noise/processed_feed\rep65\processed_rep65__cam4_s226345_rank629.jpg,processed_rep65__cam4_s226345_rank629.jpg,TRUE,rep65,cam4,226345,629,0.9976175427436828,633.81494140625,828.79974365234375,0.028335845097899437,679.6761474609375,829.9984130859375,0.04556918144226074,725.5372314453125,821.608154296875,0.04651894420385361,683.2272167487685,825.5979064039409,1622,1000,1000,FALSE,FALSE,-0.07710802490766996,no issue,FALSE
frame630__s226706,C:/R_projects/spat_1f_noise/processed_feed\rep65\processed_rep65__cam4_s226706_rank630.jpg,processed_rep65__cam4_s226706_rank630.jpg,TRUE,rep65,cam4,226706,630,0.9975761771202089,621.8741455078125,819.35693359375,0.02487998828291893,680.61334228515625,831.3922119140625,0.03546641767024994,726.8548583984375,819.35693359375,0.06757865101099014,679.0505772402419,825.7658053875756,1820.5,1000,1000,FALSE,FALSE,0.7566821833729812,no issue,FALSE
frame631__s227066,C:/R_projects/spat_1f_noise/processed_feed\rep65\processed_rep65__cam4_s227066_rank631.jpg,processed_rep65__cam4_s227066_rank631.jpg,TRUE,rep65,cam4,227066,631,0.9982341527938844,637.0057373046875,833.08685302734375,0.0379154346883297,688.21563720703125,835.558837890625,0.06426221877336502,728.184326171875,818.2547607421875,0.10186009854078293,686.9077828646174,830.858077174624,1531,1000,1000,FALSE,FALSE,-0.5375413131135878,no issue,FALSE
frame632__s227427,C:/R_projects/spat_1f_noise/processed_feed\rep65\processed_rep65__cam4_s227427_rank632.jpg,processed_rep65__cam4_s227427_rank632.jpg,TRUE,rep65,cam4,227427,632,0.997631311416626,642.09033203125,836.2608642578125,0.037641074508428574,706.48687744140625,830.08905029296875,0.09101080149412155,728.77801513671875,817.745361328125,0.10672278702259064,688.5109580463369,832.6286787726988,1600.5,1000,1000,FALSE,FALSE,-0.2804943425004485,no issue,FALSE
frame633__s227787,C:/R_projects/spat_1f_noise/processed_feed\rep65\processed_rep65__cam4_s227787_rank633.jpg,processed_rep65__cam4_s227787_rank633.jpg,TRUE,rep65,cam4,227787,633,0.9966515898704528,653.1558837890625,835.1207275390625,0.05748447775840759,697.670166015625,830.28131103515625,0.34423863887786865,728.58282470703125,825.44189453125,0.05652681365609169,690.6313617606603,830.6396148555708,1455.5,1000,1000,FALSE,FALSE,-0.9551071016317504,no issue,FALSE
frame634__s228147,C:/R_projects/spat_1f_noise/processed_feed\rep65\processed_rep65__cam4_s228147_rank634.jpg,processed_rep65__cam4_s228147_rank634.jpg,TRUE,rep65,cam4,228147,634,0.9971006512641908,654.2880859375,831.6434326171875,0.16859006881713867,697.67755126953125,830.44427490234375,0.04045484587550163,728.66998291015625,825.647216796875,0.0601801872253418,690.8893528183717,829.080027835769,1437.5,1000,1000,FALSE,FALSE,-1.115320767785794,no issue,FALSE
frame635__s228508,C:/R_projects/spat_1f_noise/processed_feed\rep65\processed_rep65__cam4_s228508_rank635.jpg,processed_rep65__cam4_s228508_rank635.jpg,TRUE,rep65,cam4,228508,635,0.9971145391464232,639.21929931640625,825.9691162109375,0.03304703161120415,682.49072265625,834.4056396484375,0.04573195055127144,726.9984130859375,825.9691162109375,0.047398652881383896,689.1494404213298,828.1527320605661,1517.5,1000,1000,FALSE,FALSE,-0.7853524413294295,no issue,FALSE
frame636__s228868,C:/R_projects/spat_1f_noise/processed_feed\rep65\processed_rep65__cam4_s228868_rank636.jpg,processed_rep65__cam4_s228868_rank636.jpg,TRUE,rep65,cam4,228868,636,0.9953573346138,651.97052001953125,827.58184814453125,0.33144232630729675,693.03167724609375,827.58184814453125,0.04300863668322563,727.8714599609375,826.3377685546875,0.04578585550189018,689.723474801061,826.551724137931,1508,1000,1000,FALSE,FALSE,-0.8318446316226455,no issue,FALSE
frame637__s229229,C:/R_projects/spat_1f_noise/processed_feed\rep65\processed_rep65__cam4_s229229_rank637.jpg,processed_rep65__cam4_s229229_rank637.jpg,TRUE,rep65,cam4,229229,637,0.9902653098106384,630.38751220703125,828.04595947265625,0.01754053309559822,688.9002685546875,829.226806640625,7.669234752655029,728.73870849609375,826.8651123046875,0.03936956077814102,681.9819662594532,825.9511343804537,1720,1000,1000,FALSE,FALSE,-0.038383753558242036,no issue,FALSE
frame638__s229589,C:/R_projects/spat_1f_noise/processed_feed\rep65\processed_rep65__cam4_s229589_rank638.jpg,processed_rep65__cam4_s229589_rank638.jpg,TRUE,rep65,cam4,229589,638,0.997409999370575,637.80810546875,829.2880859375,0.2619514465332031,677.7861328125,831.7796630859375,0.03971885144710541,729.0079345703125,819.32183837890625,0.04442659765481949,683.0622914349277,826.0689655172414,1796.5,1000,1000,FALSE,FALSE,0.45845685839017836,no issue,FALSE
frame639__s229950,C:/R_projects/spat_1f_noise/processed_feed\rep65\processed_rep65__cam4_s229950_rank639.jpg,processed_rep65__cam4_s229950_rank639.jpg,TRUE,rep65,cam4,229950,639,0.9977571368217468,650.8055419921875,831.89874267578125,0.055814746767282486,685.76751708984375,833.1336669921875,0.034003209322690964,728.22137451171875,819.548828125,0.039692237973213196,689.4102730819246,827.1879063719116,1536.5,1000,1000,FALSE,FALSE,-1.0060080792751793,no issue,FALSE
frame640__s230310,C:/R_projects/spat_1f_noise/processed_feed\rep65\processed_rep65__cam4_s230310_rank640.jpg,processed_rep65__cam4_s230310_rank640.jpg,TRUE,rep65,cam4,230310,640,0.9965027570724488,647.165771484375,830.9281005859375,0.023342866450548172,687.900146484375,832.1336669921875,0.033631518483161926,726.165771484375,817.667236328125,0.05495027080178261,688.233418367347,826.640943877551,1565,1000,1000,FALSE,FALSE,-0.8580993705158615,no issue,FALSE
frame641__s230670,C:/R_projects/spat_1f_noise/processed_feed\rep65\processed_rep65__cam4_s230670_rank641.jpg,processed_rep65__cam4_s230670_rank641.jpg,TRUE,rep65,cam4,230670,641,0.9977770447731018,638.67950439453125,830.2640380859375,0.023715686053037643,684.85296630859375,832.75091552734375,0.03377063199877739,727.2825927734375,819.07293701171875,0.06566489487886429,685.4462269756388,827.3963161021985,1686,1000,1000,FALSE,FALSE,-0.20353621727843388,no issue,FALSE
frame642__s231031,C:/R_projects/spat_1f_noise/processed_feed\rep65\processed_rep65__cam4_s231031_rank642.jpg,processed_rep65__cam4_s231031_rank642.jpg,TRUE,rep65,cam4,231031,642,0.9982712268829346,630.83740234375,831.79754638671875,0.028117317706346512,685.6180419921875,833.040283203125,0.04130544140934944,727.9486083984375,819.3704833984375,0.07113736867904663,682.7904599659284,827.8722316865417,1760.5,1000,1000,FALSE,FALSE,0.13633680368046527,no issue,FALSE
frame643__s231391,C:/R_projects/spat_1f_noise/processed_feed\rep65\processed_rep65__cam4_s231391_rank643.jpg,processed_rep65__cam4_s231391_rank643.jpg,TRUE,rep65,cam4,231391,643,0.9973909258842468,624.87371826171875,831.4583740234375,0.027838757261633873,683.2476806640625,832.67645263671875,0.04278816282749176,726.7176513671875,819.2769775390625,0.061208683997392654,677.8241645244216,827.8,1944.5,1000,1000,FALSE,FALSE,1.1237739561122038,no issue,FALSE
frame644__s231752,C:/R_projects/spat_1f_noise/processed_feed\rep65\processed_rep65__cam4_s231752_rank644.jpg,processed_rep65__cam4_s231752_rank644.jpg,TRUE,rep65,cam4,231752,644,0.9978741407394408,626.291015625,830.404541015625,0.02593913860619068,678.46868896484375,832.84912109375,0.05267442762851715,726.91943359375,819.40380859375,0.0663466826081276,678.1752797016516,826.9877464038359,1876,1000,1000,FALSE,FALSE,0.7072267726531819,no issue,FALSE
frame645__s232112,C:/R_projects/spat_1f_noise/processed_feed\rep65\processed_rep65__cam4_s232112_rank645.jpg,processed_rep65__cam4_s232112_rank645.jpg,TRUE,rep65,cam4,232112,645,0.9935414791107178,622.19293212890625,825.53656005859375,0.013560247607529163,683.0333251953125,830.43341064453125,0.021954145282506943,725.24908447265625,830.43341064453125,0.17282573878765106,676.2295430393199,826.1833156216791,1882,1000,1000,FALSE,FALSE,0.7289287941110973,no issue,FALSE
frame646__s232472,C:/R_projects/spat_1f_noise/processed_feed\rep65\processed_rep65__cam4_s232472_rank646.jpg,processed_rep65__cam4_s232472_rank646.jpg,TRUE,rep65,cam4,232472,646,0.9962658286094666,620.3409423828125,816.96380615234375,0.021235289052128792,677.3582763671875,831.501220703125,0.04319671168923378,726.9384765625,827.86688232421875,0.06233933940529823,674.3081107814046,825.0865479723046,2022.5,1000,1000,FALSE,FALSE,1.3343019056040646,no issue,FALSE
frame647__s232833,C:/R_projects/spat_1f_noise/processed_feed\rep65\processed_rep65__cam4_s232833_rank647.jpg,processed_rep65__cam4_s232833_rank647.jpg,TRUE,rep65,cam4,232833,647,0.997243881225586,618.55029296875,816.08203125,0.03213337063789368,678.53338623046875,830.79522705078125,0.03152817115187645,722.27105712890625,828.343017578125,0.0642383024096489,675.198773633112,824.1900868676546,1955,1000,1000,FALSE,FALSE,0.8938829308764941,no issue,FALSE
frame648__s233193,C:/R_projects/spat_1f_noise/processed_feed\rep65\processed_rep65__cam4_s233193_rank648.jpg,processed_rep65__cam4_s233193_rank648.jpg,TRUE,rep65,cam4,233193,648,0.996062695980072,613.343505859375,815.23681640625,0.02827521041035652,679.4427490234375,830.01837158203125,0.827443540096283,726.83465576171875,827.5548095703125,0.06018250435590744,675.7970459518599,823.5054704595186,1827.5,1000,1000,FALSE,FALSE,0.2252734285956627,no issue,FALSE
frame649__s233554,C:/R_projects/spat_1f_noise/processed_feed\rep65\processed_rep65__cam4_s233554_rank649.jpg,processed_rep65__cam4_s233554_rank649.jpg,TRUE,rep65,cam4,233554,649,0.997992753982544,606.3106689453125,809.2998046875,0.029317505657672882,678.169677734375,826.39862060546875,1.3343157768249512,725.24969482421875,827.61993408203125,0.08804566413164139,670.4632098765433,820.5965432098766,2024,1000,1000,FALSE,FALSE,1.1391344677628392,no issue,FALSE
frame650__s233914,C:/R_projects/spat_1f_noise/processed_feed\rep65\processed_rep65__cam4_s233914_rank650.jpg,processed_rep65__cam4_s233914_rank650.jpg,TRUE,rep65,cam4,233914,650,0.9966121315956116,614.354248046875,811.898681640625,0.023980768397450447,680.59228515625,826.34552001953125,1.4202499389648438,725.58416748046875,827.5494384765625,0.05847926437854767,673.719979024646,821.4001048767698,1905,1000,1000,FALSE,FALSE,0.430582385684818,no issue,FALSE
frame651__s234274,C:/R_projects/spat_1f_noise/processed_feed\rep65\processed_rep65__cam4_s234274_rank651.jpg,processed_rep65__cam4_s234274_rank651.jpg,TRUE,rep65,cam4,234274,651,0.9954532384872437,614.1575927734375,813.2078857421875,0.024065135046839714,679.11798095703125,827.92626953125,0.497987300157547,726.58905029296875,827.92626953125,0.05931636691093445,672.2457086807259,821.153997057381,2038.5,1000,1000,FALSE,FALSE,1.0171390500758841,no issue,FALSE
frame652__s234635,C:/R_projects/spat_1f_noise/processed_feed\rep65\processed_rep65__cam4_s234635_rank652.jpg,processed_rep65__cam4_s234635_rank652.jpg,TRUE,rep65,cam4,234635,652,0.9945418238639832,624.85321044921875,816.40673828125,0.01187815424054861,682.3226318359375,828.46435546875,0.8053612112998962,727.2987060546875,828.46435546875,0.051983870565891266,680.1023391812865,822.9444444444445,1708,1000,1000,FALSE,FALSE,-0.7955169261911151,no issue,FALSE
frame653__s234995,C:/R_projects/spat_1f_noise/processed_feed\rep65\processed_rep65__cam4_s234995_rank653.jpg,processed_rep65__cam4_s234995_rank653.jpg,TRUE,rep65,cam4,234995,653,0.9951876401901244,636.34625244140625,815.6544189453125,0.03207307681441307,687.5836181640625,827.87445068359375,0.2654200792312622,725.07440185546875,826.65252685546875,0.06837471574544907,684.570253164557,822.506329113924,1577,1000,1000,FALSE,FALSE,-1.450419725591087,no issue,FALSE
frame654__s235356,C:/R_projects/spat_1f_noise/processed_feed\rep65\processed_rep65__cam4_s235356_rank654.jpg,processed_rep65__cam4_s235356_rank654.jpg,TRUE,rep65,cam4,235356,654,0.9931187629699708,635.9754638671875,815.2152099609375,0.024892712011933327,688.295166015625,827.6619873046875,2.0054821968078613,726.91192626953125,827.6619873046875,0.06054384261369705,685.0058252427184,822.1779935275081,1542,1000,1000,FALSE,FALSE,-1.6241760823704379,no issue,FALSE
frame655__s235716,C:/R_projects/spat_1f_noise/processed_feed\rep65\processed_rep65__cam4_s235716_rank655.jpg,processed_rep65__cam4_s235716_rank655.jpg,TRUE,rep65,cam4,235716,655,0.9947933554649352,632.83685302734375,816.7789306640625,0.019041970372200012,687.6171875,827.58843994140625,2.4384102821350098,727.4573974609375,829.9906005859375,0.07110858708620071,682.3746223564955,822.4809667673716,1653,1000,1000,FALSE,FALSE,-1.2460040434762854,no issue,FALSE
frame656__s236077,C:/R_projects/spat_1f_noise/processed_feed\rep65\processed_rep65__cam4_s236077_rank656.jpg,processed_rep65__cam4_s236077_rank656.jpg,TRUE,rep65,cam4,236077,656,0.9948871731758118,625.1707763671875,821.7440185546875,0.011153175495564938,687.27685546875,827.99310302734375,5.676197528839111,727.024658203125,830.49267578125,0.06476543843746185,680.8260355029586,823.3698224852071,1689,1000,1000,FALSE,FALSE,-1.2029563585305882,no issue,FALSE
frame657__s236437,C:/R_projects/spat_1f_noise/processed_feed\rep65\processed_rep65__cam4_s236437_rank657.jpg,processed_rep65__cam4_s236437_rank657.jpg,TRUE,rep65,cam4,236437,657,0.9977184534072876,619.34173583984375,802.6158447265625,0.02173633500933647,671.34814453125,831.0062255859375,0.05134439468383789,724.5927734375,829.7718505859375,0.06809964776039124,671.4085188770571,822.4433688286545,2064.5,1000,1000,FALSE,FALSE,0.5172616296528527,no issue,FALSE
frame658__s236798,C:/R_projects/spat_1f_noise/processed_feed\rep65\processed_rep65__cam4_s236798_rank658.jpg,processed_rep65__cam4_s236798_rank658.jpg,TRUE,rep65,cam4,236798,658,0.9922539591789246,635.28759765625,817.0980224609375,0.025274189189076424,680.21337890625,830.6065673828125,0.04043988510966301,726.3870849609375,823.23828125,0.04750066623091698,684.2177827799662,824.3066966797974,1774,1000,1000,FALSE,FALSE,-0.9281994550387509,no issue,FALSE
frame659__s237158,C:/R_projects/spat_1f_noise/processed_feed\rep65\processed_rep65__cam4_s237158_rank659.jpg,processed_rep65__cam4_s237158_rank659.jpg,TRUE,rep65,cam4,237158,659,0.9976444840431212,621.5380859375,816.40570068359375,0.023600898683071136,681.4915771484375,829.78875732421875,0.32633429765701294,725.2076416015625,828.57208251953125,0.05720935016870499,674.0102092904543,823.3660030627872,1957,1000,1000,FALSE,FALSE,-0.09934086975008932,no issue,FALSE
frame660__s237518,C:/R_projects/spat_1f_noise/processed_feed\rep65\processed_rep65__cam4_s237518_rank660.jpg,processed_rep65__cam4_s237518_rank660.jpg,TRUE,rep65,cam4,237518,660,0.9966771602630616,626.5452880859375,815.54248046875,0.025059055536985397,683.88555908203125,830.1163330078125,0.5709362030029297,726.2674560546875,830.1163330078125,0.0628119632601738,679.7090163934427,823.6674473067916,1707,1000,1000,FALSE,FALSE,-1.2923596103373602,no issue,FALSE
frame661__s237879,C:/R_projects/spat_1f_noise/processed_feed\rep65\processed_rep65__cam4_s237879_rank661.jpg,processed_rep65__cam4_s237879_rank661.jpg,TRUE,rep65,cam4,237879,661,0.9972414970397948,619.6756591796875,813.10638427734375,0.023569423705339432,681.971435546875,830.09088134765625,0.6631665229797363,725.578369140625,830.09088134765625,0.07392596453428268,671.806844819503,822.8082512892639,2133.5,1000,1000,FALSE,FALSE,0.6770973405965954,no issue,FALSE
frame662__s238239,C:/R_projects/spat_1f_noise/processed_feed\rep65\processed_rep65__cam4_s238239_rank662.jpg,processed_rep65__cam4_s238239_rank662.jpg,TRUE,rep65,cam4,238239,662,0.9986446499824524,619.49371337890625,809.2589111328125,0.021230502054095268,674.03515625,831.61041259765625,0.06789848208427429,726.0975341796875,827.88519287109375,0.05669647455215454,673.6091346153846,823.6927884615385,2077.5,1000,1000,FALSE,FALSE,0.34053496230555924,no issue,FALSE
frame663__s238600,C:/R_projects/spat_1f_noise/processed_feed\rep65\processed_rep65__cam4_s238600_rank663.jpg,processed_rep65__cam4_s238600_rank663.jpg,TRUE,rep65,cam4,238600,663,0.9977286458015442,620.2100830078125,810.749755859375,0.03045632690191269,676.10540771484375,832.76971435546875,0.04554286599159241,724.54803466796875,827.8763427734375,0.05759192630648613,675.8955696202531,824.7943037974684,1894.5,1000,1000,FALSE,FALSE,-0.49681160129613705,no issue,FALSE
frame664__s238960,C:/R_projects/spat_1f_noise/processed_feed\rep65\processed_rep65__cam4_s238960_rank664.jpg,processed_rep65__cam4_s238960_rank664.jpg,TRUE,rep65,cam4,238960,664,0.998769223690033,621.4979248046875,810.953857421875,0.027162855491042137,678.47930908203125,832.88507080078125,0.04923824220895767,718.1185302734375,829.2298583984375,0.10053723305463791,674.8025987006497,824.3988005997002,1999,1000,1000,FALSE,FALSE,-0.012057596932599975,no issue,FALSE
frame665__s239321,C:/R_projects/spat_1f_noise/processed_feed\rep65\processed_rep65__cam4_s239321_rank665.jpg,processed_rep65__cam4_s239321_rank665.jpg,TRUE,rep65,cam4,239321,665,0.9992511868476868,618.11138916015625,806.69976806640625,0.031211145222187042,673.82373046875,834.1209716796875,0.03979874402284622,727.0599365234375,830.3817138671875,0.0788959488272667,672.4600188146754,824.7412982126058,2126,1000,1000,FALSE,FALSE,0.4326673304844969,no issue,FALSE
frame666__s239681,C:/R_projects/spat_1f_noise/processed_feed\rep65\processed_rep65__cam4_s239681_rank666.jpg,processed_rep65__cam4_s239681_rank666.jpg,TRUE,rep65,cam4,239681,666,0.9992893934249878,616.1280517578125,805.69580078125,0.04164653643965721,669.372314453125,831.28759765625,0.041895024478435516,726.331298828125,831.28759765625,0.09730824828147888,672.0602240896359,824.1699346405229,2140,1000,1000,FALSE,FALSE,0.46181171054213205,no issue,FALSE
frame667__s240041,C:/R_projects/spat_1f_noise/processed_feed\rep65\processed_rep65__cam4_s240041_rank667.jpg,processed_rep65__cam4_s240041_rank667.jpg,TRUE,rep65,cam4,240041,667,0.9993776679039,617.18145751953125,807.07244873046875,0.03918705880641937,670.77093505859375,831.81549072265625,0.044273052364587784,728.0992431640625,834.289794921875,0.07202498614788055,671.098560837331,824.7182730047972,2294,1000,1000,FALSE,FALSE,0.9088780493449592,no issue,FALSE
frame668__s240402,C:/R_projects/spat_1f_noise/processed_feed\rep65\processed_rep65__cam4_s240402_rank668.jpg,processed_rep65__cam4_s240402_rank668.jpg,TRUE,rep65,cam4,240402,668,0.9989771842956544,614.44061279296875,801.0528564453125,0.05072571337223053,676.3818359375,830.995361328125,0.07288522273302078,723.4571533203125,833.49053955078125,0.33528539538383484,672.0623106880139,822.609692773691,2310.5,1000,1000,FALSE,FALSE,0.9678270238188319,no issue,FALSE
frame669__s240762,C:/R_projects/spat_1f_noise/processed_feed\rep65\processed_rep65__cam4_s240762_rank669.jpg,processed_rep65__cam4_s240762_rank669.jpg,TRUE,rep65,cam4,240762,669,0.9990098476409912,616.64697265625,808.57122802734375,0.044487398117780685,675.13116455078125,832.8201904296875,0.06674498319625854,728.63800048828125,830.395263671875,0.10232798010110855,673.629981884058,823.7771739130435,2207.5,1000,1000,FALSE,FALSE,0.5258301843046084,no issue,FALSE
frame670__s241123,C:/R_projects/spat_1f_noise/processed_feed\rep65\processed_rep65__cam4_s241123_rank670.jpg,processed_rep65__cam4_s241123_rank670.jpg,TRUE,rep65,cam4,241123,670,0.9990330934524536,618.1156005859375,807.25885009765625,0.04097985103726387,679.034423828125,830.89239501953125,0.07546589523553848,728.7640380859375,830.89239501953125,0.07107525318861008,673.8539802166745,823.049458313707,2122,1000,1000,FALSE,FALSE,0.1998377294338357,no issue,FALSE
frame671__s241483,C:/R_projects/spat_1f_noise/processed_feed\rep65\processed_rep65__cam4_s241483_rank671.jpg,processed_rep65__cam4_s241483_rank671.jpg,TRUE,rep65,cam4,241483,671,0.998808741569519,612.768798828125,807.34625244140625,0.04422643408179283,675.2576904296875,830.41326904296875,0.05889022350311279,721.49951171875,830.41326904296875,0.23438559472560883,671.0098360655737,822.8407494145199,2134,1000,1000,FALSE,FALSE,0.22526018778152201,no issue,FALSE
frame672__s241843,C:/R_projects/spat_1f_noise/processed_feed\rep65\processed_rep65__cam4_s241843_rank672.jpg,processed_rep65__cam4_s241843_rank672.jpg,TRUE,rep65,cam4,241843,672,0.99929678440094,614.1431884765625,805.51361083984375,0.04198575019836426,676.193603515625,831.0054931640625,0.07869461178779602,720.86981201171875,829.7916259765625,0.0924689769744873,669.8837412587412,822.1398601398602,2290,1000,1000,FALSE,FALSE,0.8234198987892652,no issue,FALSE
frame673__s242204,C:/R_projects/spat_1f_noise/processed_feed\rep65\processed_rep65__cam4_s242204_rank673.jpg,processed_rep65__cam4_s242204_rank673.jpg,TRUE,rep65,cam4,242204,673,0.9990440011024476,614.05126953125,804.0482177734375,0.03859792277216911,672.73919677734375,831.003173828125,0.06434237957000732,726.432373046875,829.7779541015625,0.10677992552518845,670.2395925597874,822.6054030115146,2259.5,1000,1000,FALSE,FALSE,0.689275628393077,no issue,FALSE
frame674__s242564,C:/R_projects/spat_1f_noise/processed_feed\rep65\processed_rep65__cam4_s242564_rank674.jpg,processed_rep65__cam4_s242564_rank674.jpg,TRUE,rep65,cam4,242564,674,0.9990216493606568,616.48699951171875,808.69256591796875,0.026337232440710068,673.9058837890625,830.78240966796875,0.050833314657211304,726.331787109375,830.78240966796875,0.08677517622709274,673.5060747663551,824.003738317757,2140.5,1000,1000,FALSE,FALSE,0.009407711244410179,no issue,FALSE
frame675__s242925,C:/R_projects/spat_1f_noise/processed_feed\rep65\processed_rep65__cam4_s242925_rank675.jpg,processed_rep65__cam4_s242925_rank675.jpg,TRUE,rep65,cam4,242925,675,0.9992715716362,620.00543212890625,813.06591796875,0.031203607097268105,672.47003173828125,832.89666748046875,0.051472097635269165,726.18377685546875,836.61492919921875,0.07958946377038956,672.5376955903272,826.3513513513514,2109.5,1000,1000,FALSE,FALSE,-0.14971885296959778,no issue,FALSE
frame676__s243285,C:/R_projects/spat_1f_noise/processed_feed\rep65\processed_rep65__cam4_s243285_rank676.jpg,processed_rep65__cam4_s243285_rank676.jpg,TRUE,rep65,cam4,243285,676,0.9987890124320984,623.23583984375,815.3646240234375,0.03650834038853645,693.92877197265625,827.4801025390625,0.12334217876195908,724.9344482421875,835.96099853515625,0.07409831881523132,673.558702368692,822.4613800205973,1940.5,1000,1000,FALSE,FALSE,-0.7763333377412115,no issue,FALSE
frame677__s243646,C:/R_projects/spat_1f_noise/processed_feed\rep65\processed_rep65__cam4_s243646_rank677.jpg,processed_rep65__cam4_s243646_rank677.jpg,TRUE,rep65,cam4,243646,677,0.9972625970840454,612.374755859375,817.091796875,0.007478042971342802,685.713134765625,830.5452880859375,0.48620128631591797,731.70501708984375,835.4373779296875,0.07191762328147888,668.2407330279051,822.3115368596418,2400.5,1000,1000,FALSE,FALSE,0.628845235192532,no issue,FALSE
frame678__s244006,C:/R_projects/spat_1f_noise/processed_feed\rep65\processed_rep65__cam4_s244006_rank678.jpg,processed_rep65__cam4_s244006_rank678.jpg,TRUE,rep65,cam4,244006,678,0.9972097277641296,616.46343994140625,816.22802734375,0.017878487706184387,677.334716796875,830.8074951171875,0.06278238445520401,724.54107666015625,833.23736572265625,0.07789060473442078,673.7794508414526,825.4499557130204,2256,1000,1000,FALSE,FALSE,0.20340802993068463,no issue,FALSE
frame679__s244367,C:/R_projects/spat_1f_noise/processed_feed\rep65\processed_rep65__cam4_s244367_rank679.jpg,processed_rep65__cam4_s244367_rank679.jpg,TRUE,rep65,cam4,244367,679,0.9875172972679138,651.7442626953125,829.87310791015625,0.1542121320962906,695.44189453125,832.3377685546875,0.10352453589439392,730.40008544921875,834.8023681640625,0.04335800185799599,689.7645202020202,829.1723484848485,1585.5,1000,1000,FALSE,FALSE,-1.810355515559999,no issue,FALSE
frame680__s244727,C:/R_projects/spat_1f_noise/processed_feed\rep65\processed_rep65__cam4_s244727_rank680.jpg,processed_rep65__cam4_s244727_rank680.jpg,TRUE,rep65,cam4,244727,680,0.9962034821510316,612.17645263671875,816.7962646484375,0.016346458345651627,686.82562255859375,828.9859619140625,2.345489263534546,729.1268310546875,835.08087158203125,0.0639776885509491,668.3408163265306,823.2036734693878,2449,1000,1000,FALSE,FALSE,0.7229393809309353,no issue,FALSE
frame681__s245087,C:/R_projects/spat_1f_noise/processed_feed\rep65\processed_rep65__cam4_s245087_rank681.jpg,processed_rep65__cam4_s245087_rank681.jpg,TRUE,rep65,cam4,245087,681,0.9979203343391418,689.5325927734375,704.08441162109375,0.05837325006723404,673.77978515625,764.8856201171875,0.0424681231379509,670.14453125,807.07421875,1.5090795755386353,676.4566966398486,758.3132986275438,2112.5,1000,1000,FALSE,FALSE,-0.3242464418472584,no issue,FALSE
frame682__s245448,C:/R_projects/spat_1f_noise/processed_feed\rep65\processed_rep65__cam4_s245448_rank682.jpg,processed_rep65__cam4_s245448_rank682.jpg,TRUE,rep65,cam4,245448,682,0.9978037476539612,961.626708984375,756.18310546875,0.07492529600858688,922.03240966796875,808.3592529296875,0.1461891382932663,860.166259765625,826.9935302734375,0.08275365084409714,915.5088981446422,799.9769026883756,2636.5,1000,1000,FALSE,FALSE,1.1641325084525027,no issue,FALSE
frame683__s245808,C:/R_projects/spat_1f_noise/processed_feed\rep65\processed_rep65__cam4_s245808_rank683.jpg,processed_rep65__cam4_s245808_rank683.jpg,TRUE,rep65,cam4,245808,683,0.9931339025497437,912.65106201171875,979.1048583984375,0.20864304900169373,911.448974609375,932.911865234375,0.1285625696182251,907.8426513671875,899.20343017578125,0.030254753306508064,911.7169197396963,940.4761388286335,1845,1000,1000,TRUE,FALSE,-1.0885337949116334,no issue,FALSE
frame684__s246169,C:/R_projects/spat_1f_noise/processed_feed\rep65\processed_rep65__cam4_s246169_rank684.jpg,processed_rep65__cam4_s246169_rank684.jpg,TRUE,rep65,cam4,246169,684,0.9924206137657166,840.36767578125,953.95013427734375,0.02474006824195385,887.74224853515625,961.40533447265625,0.05146735906600952,913.9228515625,973.830810546875,0.035465870052576065,883.8939591481965,961.148196436332,2302,1000,1000,TRUE,FALSE,0.15501055288867768,no issue,FALSE
frame685__s246529,C:/R_projects/spat_1f_noise/processed_feed\rep65\processed_rep65__cam4_s246529_rank685.jpg,processed_rep65__cam4_s246529_rank685.jpg,TRUE,rep65,cam4,246529,685,0.9932293891906738,922.18621826171875,981.7503662109375,0.7319064140319824,905.00030517578125,970.512451171875,0.030412187799811363,918.50347900390625,984.2476806640625,0.6800306439399719,898.2001295336787,963.729274611399,1547.5,1000,1000,TRUE,FALSE,-1.899210405013127,no issue,FALSE
frame686__s246889,C:/R_projects/spat_1f_noise/processed_feed\rep65\processed_rep65__cam4_s246889_rank686.jpg,processed_rep65__cam4_s246889_rank686.jpg,TRUE,rep65,cam4,246889,686,0.9971519708633424,854.64141845703125,942.7353515625,0.06694355607032776,893.03887939453125,963.638916015625,0.05675433203577995,914.095458984375,975.93511962890625,0.6074800491333008,890.4660297239915,960.7436305732484,1881.5,1000,1000,TRUE,FALSE,-1.0417637177894612,no issue,FALSE
frame687__s247250,C:/R_projects/spat_1f_noise/processed_feed\rep65\processed_rep65__cam4_s247250_rank687.jpg,processed_rep65__cam4_s247250_rank687.jpg,TRUE,rep65,cam4,247250,687,0.9970982074737548,858.1383056640625,938.91351318359375,0.07999297976493835,888.9630126953125,962.32269287109375,0.058601442724466324,909.923828125,977.10748291015625,0.4853251874446869,890.585482330468,960.896370582617,2097,1000,1000,TRUE,FALSE,-0.5218245910959268,no issue,FALSE
frame688__s247610,C:/R_projects/spat_1f_noise/processed_feed\rep65\processed_rep65__cam4_s247610_rank688.jpg,processed_rep65__cam4_s247610_rank688.jpg,TRUE,rep65,cam4,247610,688,0.9981133937835692,909.6998291015625,979.62005615234375,0.03599526733160019,868.84466552734375,949.8790283203125,0.09526042640209198,837.89373779296875,927.57318115234375,0.13455404341220856,872.2822921559417,950.7116016909347,2127.5,1000,1000,TRUE,FALSE,-0.4708523282627211,no issue,FALSE
frame689__s247971,C:/R_projects/spat_1f_noise/processed_feed\rep65\processed_rep65__cam4_s247971_rank689.jpg,processed_rep65__cam4_s247971_rank689.jpg,TRUE,rep65,cam4,247971,689,0.9984411597251892,843.02801513671875,941.07305908203125,0.0781647190451622,880.508544921875,916.17340087890625,0.08635471761226654,888.00469970703125,857.6590576171875,0.15252390503883362,873.282268170426,910.2446741854636,3183.5,1000,1000,FALSE,FALSE,2.102225992442448,too big,FALSE
frame690__s248331,C:/R_projects/spat_1f_noise/processed_feed\rep65\processed_rep65__cam4_s248331_rank690.jpg,processed_rep65__cam4_s248331_rank690.jpg,TRUE,rep65,cam4,248331,690,0.996137797832489,869.40240478515625,883.8604736328125,0.09747730195522308,886.8948974609375,929.99664306640625,0.04040507599711418,838.16583251953125,948.700439453125,0.07726190984249115,869.5077044646384,929.2734097194784,2529,1000,1000,FALSE,FALSE,0.4461350070181021,no issue,FALSE
frame691__s248692,C:/R_projects/spat_1f_noise/processed_feed\rep65\processed_rep65__cam4_s248692_rank691.jpg,processed_rep65__cam4_s248692_rank691.jpg,TRUE,rep65,cam4,248692,691,0.9975793957710266,838.9437255859375,946.0435791015625,0.04857107624411583,880.829833984375,914.81329345703125,0.07802034914493561,879.597900390625,852.35296630859375,0.14621849358081818,871.114619080302,910.5195607412492,2905.5,1000,1000,FALSE,FALSE,1.3185455326756759,no issue,FALSE
frame692__s249052,C:/R_projects/spat_1f_noise/processed_feed\rep65\processed_rep65__cam4_s249052_rank692.jpg,processed_rep65__cam4_s249052_rank692.jpg,TRUE,rep65,cam4,249052,692,0.998234748840332,897.252685546875,831.93267822265625,0.06524407863616943,859.1630859375,873.1456298828125,9.127586364746094,845.6474609375,898.12310791015625,0.04646679386496544,865.2013201320132,860.3752946723243,2127,1000,1000,FALSE,FALSE,-0.6449208090420628,no issue,FALSE
frame693__s249412,C:/R_projects/spat_1f_noise/processed_feed\rep65\processed_rep65__cam4_s249412_rank693.jpg,processed_rep65__cam4_s249412_rank693.jpg,TRUE,rep65,cam4,249412,693,0.9959075450897216,899.427490234375,791.4783935546875,0.079378642141819,887.10455322265625,831.09918212890625,0.04944424703717232,862.458740234375,860.8148193359375,0.06388324499130249,882.2869198312236,827.668776371308,1893.5,1000,1000,FALSE,FALSE,-1.2299972075398427,no issue,FALSE
frame694__s249773,C:/R_projects/spat_1f_noise/processed_feed\rep65\processed_rep65__cam4_s249773_rank694.jpg,processed_rep65__cam4_s249773_rank694.jpg,TRUE,rep65,cam4,249773,694,0.997019350528717,901.712890625,792.88482666015625,0.036595188081264496,874.578369140625,847.3157958984375,0.10518107563257217,861.0111083984375,864.634765625,0.05402187258005142,879.4496499730749,833.1017770597738,1858.5,1000,1000,FALSE,FALSE,-1.3416282753053645,no issue,FALSE
frame695__s250133,C:/R_projects/spat_1f_noise/processed_feed\rep65\processed_rep65__cam4_s250133_rank695.jpg,processed_rep65__cam4_s250133_rank695.jpg,TRUE,rep65,cam4,250133,695,0.9965386390686036,912.700927734375,767.5224609375,0.08596161007881165,882.96112060546875,831.04095458984375,3.5720953941345215,866.85205078125,862.1776123046875,0.06338440626859665,886.6164383561644,815.2399217221135,2555.5,1000,1000,FALSE,FALSE,0.3122286005919712,no issue,FALSE
frame696__s250494,C:/R_projects/spat_1f_noise/processed_feed\rep65\processed_rep65__cam4_s250494_rank696.jpg,processed_rep65__cam4_s250494_rank696.jpg,TRUE,rep65,cam4,250494,696,0.9973859190940856,918.84466552734375,759.91265869140625,0.16667801141738892,887.7252197265625,818.2073974609375,0.15102514624595642,864.074462890625,864.0989990234375,0.07332341372966766,888.7088562208677,811.5030476873432,2789.5,1000,1000,FALSE,FALSE,0.9231131937363704,no issue,FALSE
frame697__s250854,C:/R_projects/spat_1f_noise/processed_feed\rep65\processed_rep65__cam4_s250854_rank697.jpg,processed_rep65__cam4_s250854_rank697.jpg,TRUE,rep65,cam4,250854,697,0.9969658255577089,905.0765380859375,805.8870849609375,0.04814793914556503,872.80157470703125,840.7535400390625,1.110231637954712,864.1121826171875,865.658203125,0.059934671968221664,879.7798861480076,828.1873814041745,2110.5,1000,1000,FALSE,FALSE,-0.9178319240950948,no issue,FALSE
frame698__s251215,C:/R_projects/spat_1f_noise/processed_feed\rep65\processed_rep65__cam4_s251215_rank698.jpg,processed_rep65__cam4_s251215_rank698.jpg,TRUE,rep65,cam4,251215,698,0.9961920976638794,906.53759765625,739.1929931640625,0.056745681911706924,887.878173828125,801.30120849609375,0.07778848707675934,881.65838623046875,839.808349609375,0.05396774038672447,891.4802867383513,789.9458383114297,2511,1000,1000,FALSE,FALSE,0.16042816125284304,no issue,FALSE
frame699__s251575,C:/R_projects/spat_1f_noise/processed_feed\rep65\processed_rep65__cam4_s251575_rank699.jpg,processed_rep65__cam4_s251575_rank699.jpg,TRUE,rep65,cam4,251575,699,0.9975094795227052,916.46875,729.5601806640625,0.11653400212526321,891.645263671875,791.7684326171875,0.14706271886825562,881.7159423828125,831.5816650390625,2.191556453704834,893.3705075954057,785.9573916265283,2697,1000,1000,FALSE,FALSE,0.6363592618291675,no issue,FALSE
frame700__s251936,C:/R_projects/spat_1f_noise/processed_feed\rep65\processed_rep65__cam4_s251936_rank700.jpg,processed_rep65__cam4_s251936_rank700.jpg,TRUE,rep65,cam4,251936,700,0.99739670753479,918.83087158203125,726.3443603515625,0.12427720427513123,892.685302734375,790.05767822265625,0.12326344847679138,885.2152099609375,828.78533935546875,22.546649932861328,895.7578181818182,782.3592727272727,2748,1000,1000,FALSE,FALSE,0.7612162480323214,no issue,FALSE
frame701__s252296,C:/R_projects/spat_1f_noise/processed_feed\rep65\processed_rep65__cam4_s252296_rank701.jpg,processed_rep65__cam4_s252296_rank701.jpg,TRUE,rep65,cam4,252296,701,0.9955710768699646,914.53887939453125,728.47265625,0.12031770497560501,893.4544677734375,790.7191162109375,0.10135221481323242,883.5323486328125,830.556884765625,1.8636525869369507,893.889213893967,785.689945155393,2732,1000,1000,FALSE,FALSE,0.7270361654817638,no issue,FALSE
frame702__s252657,C:/R_projects/spat_1f_noise/processed_feed\rep65\processed_rep65__cam4_s252657_rank702.jpg,processed_rep65__cam4_s252657_rank702.jpg,TRUE,rep65,cam4,252657,702,0.9966811537742616,916.214111328125,731.08001708984375,0.12154065817594528,892.9588623046875,793.0030517578125,0.14731383323669434,883.1671142578125,830.1568603515625,3.4674715995788574,894.0942427576091,787.3978731206454,2723.5,1000,1000,FALSE,FALSE,0.6965738329669453,no issue,FALSE
frame703__s253017,C:/R_projects/spat_1f_noise/processed_feed\rep65\processed_rep65__cam4_s253017_rank703.jpg,processed_rep65__cam4_s253017_rank703.jpg,TRUE,rep65,cam4,253017,703,0.9958314299583436,916.24725341796875,733.01849365234375,0.11576643586158752,893.76837158203125,792.84515380859375,0.1473597139120102,885.02655029296875,831.483154296875,0.6683593988418579,894.1920675725303,787.7017994858612,2721,1000,1000,FALSE,FALSE,0.668492879976522,no issue,FALSE
frame704__s253377,C:/R_projects/spat_1f_noise/processed_feed\rep65\processed_rep65__cam4_s253377_rank704.jpg,processed_rep65__cam4_s253377_rank704.jpg,TRUE,rep65,cam4,253377,704,0.9961883425712584,914.62957763671875,731.0020751953125,0.1326875537633896,893.63983154296875,791.7252197265625,0.13155515491962433,882.527587890625,831.38116455078125,3.922668933868408,893.8106032906765,786.8489945155393,2732.5,1000,1000,FALSE,FALSE,0.7047113662993958,no issue,FALSE
frame705__s253738,C:/R_projects/spat_1f_noise/processed_feed\rep65\processed_rep65__cam4_s253738_rank705.jpg,processed_rep65__cam4_s253738_rank705.jpg,TRUE,rep65,cam4,253738,705,0.9946803450584412,908.30029296875,727.52740478515625,0.12827610969543457,893.44061279296875,792.0731201171875,0.09766922146081924,883.53424072265625,828.06982421875,0.5640224814414978,892.5909433962264,785.9875471698114,2648,1000,1000,FALSE,FALSE,0.5463085360441065,no issue,FALSE
frame706__s254098,C:/R_projects/spat_1f_noise/processed_feed\rep65\processed_rep65__cam4_s254098_rank706.jpg,processed_rep65__cam4_s254098_rank706.jpg,TRUE,rep65,cam4,254098,706,0.9963106513023376,909.51116943359375,729.2525634765625,0.10268113762140274,893.35357666015625,794.080810546875,0.09394557774066925,884.6533203125,832.728515625,0.8490440845489502,892.9566840926065,787.0448095593727,2676.5,1000,1000,FALSE,FALSE,0.6728204748019183,no issue,FALSE
frame707__s254458,C:/R_projects/spat_1f_noise/processed_feed\rep65\processed_rep65__cam4_s254458_rank707.jpg,processed_rep65__cam4_s254458_rank707.jpg,TRUE,rep65,cam4,254458,707,0.996180772781372,910.53857421875,729.1336669921875,0.09001503884792328,893.3314208984375,793.6705322265625,0.10320979356765747,884.72784423828125,832.14447021484375,0.9224997758865356,892.9111111111112,787.4858757062146,2652.5,1000,1000,FALSE,FALSE,0.6689323700321135,no issue,FALSE
frame708__s254819,C:/R_projects/spat_1f_noise/processed_feed\rep65\processed_rep65__cam4_s254819_rank708.jpg,processed_rep65__cam4_s254819_rank708.jpg,TRUE,rep65,cam4,254819,708,0.997475564479828,904.4459228515625,729.5413818359375,0.07126224786043167,893.268798828125,792.82501220703125,0.09797490388154984,883.33349609375,831.29150390625,0.11341141909360886,891.3678837848449,787.581075775422,2546.5,1000,1000,FALSE,FALSE,0.20063058262484457,no issue,FALSE
frame709__s255179,C:/R_projects/spat_1f_noise/processed_feed\rep65\processed_rep65__cam4_s255179_rank709.jpg,processed_rep65__cam4_s255179_rank709.jpg,TRUE,rep65,cam4,255179,709,0.995844542980194,908.45794677734375,730.37628173828125,0.08860566467046738,893.4700927734375,793.817138671875,0.09406636655330658,883.47808837890625,829.891357421875,0.6131576895713806,892.3874385168369,788.0185395384033,2640.5,1000,1000,FALSE,FALSE,0.6178742269951246,no issue,FALSE
frame710__s255540,C:/R_projects/spat_1f_noise/processed_feed\rep65\processed_rep65__cam4_s255540_rank710.jpg,processed_rep65__cam4_s255540_rank710.jpg,TRUE,rep65,cam4,255540,710,0.9960059523582458,905.05303955078125,733.092529296875,0.0796685442328453,892.8138427734375,793.8663330078125,0.09562955796718597,884.24652099609375,832.31512451171875,1.3230528831481934,891.3944811504081,788.9269335406141,2572.5,1000,1000,FALSE,FALSE,0.24390311974775597,no issue,FALSE
frame711__s255900,C:/R_projects/spat_1f_noise/processed_feed\rep65\processed_rep65__cam4_s255900_rank711.jpg,processed_rep65__cam4_s255900_rank711.jpg,TRUE,rep65,cam4,255900,711,0.9972164630889891,902.838623046875,732.87774658203125,0.06319600343704224,893.0426025390625,793.6416015625,0.08780883252620697,884.47113037109375,833.32403564453125,0.04705468565225601,890.7403731639539,788.9428344581183,2518.5,1000,1000,FALSE,FALSE,-0.03815264297367608,no issue,FALSE
frame712__s256261,C:/R_projects/spat_1f_noise/processed_feed\rep65\processed_rep65__cam4_s256261_rank712.jpg,processed_rep65__cam4_s256261_rank712.jpg,TRUE,rep65,cam4,256261,712,0.9961382746696472,906.58258056640625,735.288818359375,0.07417993992567062,893.0018310546875,794.9693603515625,0.07392220944166183,883.12493896484375,831.02630615234375,0.21276354789733887,892.0566910913999,788.5445430003856,2592,1000,1000,FALSE,FALSE,0.4822222492917898,no issue,FALSE
frame713__s256621,C:/R_projects/spat_1f_noise/processed_feed\rep65\processed_rep65__cam4_s256621_rank713.jpg,processed_rep65__cam4_s256621_rank713.jpg,TRUE,rep65,cam4,256621,713,0.9967682361602784,906.28387451171875,732.586181640625,0.06443632394075394,892.8492431640625,794.625,0.07860789448022842,886.74267578125,835.5706787109375,0.14400222897529602,891.3264495631454,789.9003177124703,2516.5,1000,1000,FALSE,FALSE,-0.04518865843227491,no issue,FALSE
frame714__s256982,C:/R_projects/spat_1f_noise/processed_feed\rep65\processed_rep65__cam4_s256982_rank714.jpg,processed_rep65__cam4_s256982_rank714.jpg,TRUE,rep65,cam4,256982,714,0.996818780899048,903.14483642578125,738.40576171875,0.06009499356150627,893.2403564453125,794.26080322265625,0.07331957668066025,877.1456298828125,842.66845703125,0.044485967606306076,890.6321839080459,791.448275862069,2435,1000,1000,FALSE,FALSE,-0.5335319076219354,no issue,FALSE
frame715__s257342,C:/R_projects/spat_1f_noise/processed_feed\rep65\processed_rep65__cam4_s257342_rank715.jpg,processed_rep65__cam4_s257342_rank715.jpg,TRUE,rep65,cam4,257342,715,0.9965375661849976,905.1300048828125,736.82861328125,0.07065119594335556,893.88720703125,792.71112060546875,0.0753980427980423,886.3919677734375,833.6915283203125,0.6243175864219666,891.1784445321753,790.253059613107,2531.5,1000,1000,FALSE,FALSE,0.17887065698920862,no issue,FALSE
frame716__s257702,C:/R_projects/spat_1f_noise/processed_feed\rep65\processed_rep65__cam4_s257702_rank716.jpg,processed_rep65__cam4_s257702_rank716.jpg,TRUE,rep65,cam4,257702,716,0.9968587160110474,902.81298828125,738.7574462890625,0.061432335525751114,892.91680908203125,794.891845703125,0.08145742118358612,876.83544921875,843.54156494140625,0.03974670171737671,890.6717462932455,791.5642504118616,2428.5,1000,1000,FALSE,FALSE,-0.4180364228568299,no issue,FALSE
frame717__s258063,C:/R_projects/spat_1f_noise/processed_feed\rep65\processed_rep65__cam4_s258063_rank717.jpg,processed_rep65__cam4_s258063_rank717.jpg,TRUE,rep65,cam4,258063,717,0.9969403743743896,899.47607421875,740.399658203125,0.060427211225032806,892.0240478515625,797.655029296875,0.07123219966888428,877.119873046875,843.70819091796875,0.04654635488986969,889.8488569009314,792.6155800169348,2363,1000,1000,FALSE,FALSE,-0.7833832864401524,no issue,FALSE
frame718__s258423,C:/R_projects/spat_1f_noise/processed_feed\rep65\processed_rep65__cam4_s258423_rank718.jpg,processed_rep65__cam4_s258423_rank718.jpg,TRUE,rep65,cam4,258423,718,0.996759593486786,904.80224609375,737.534912109375,0.05933500826358795,893.6900634765625,793.73590087890625,0.07492288947105408,883.8125,828.705322265625,0.16284297406673431,891.2142571085302,790.6764116940328,2496,1000,1000,FALSE,FALSE,0.2169604001432828,no issue,FALSE
frame719__s258784,C:/R_projects/spat_1f_noise/processed_feed\rep65\processed_rep65__cam4_s258784_rank719.jpg,processed_rep65__cam4_s258784_rank719.jpg,TRUE,rep65,cam4,258784,719,0.996824026107788,901.19256591796875,740.34454345703125,0.04678560420870781,892.4952392578125,797.37841796875,0.07815301418304443,883.7979736328125,832.0946044921875,0.2421257346868515,890.731853116994,791.3475661827498,2342.5,1000,1000,FALSE,FALSE,-0.848852862462784,no issue,FALSE
frame720__s259144,C:/R_projects/spat_1f_noise/processed_feed\rep65\processed_rep65__cam4_s259144_rank720.jpg,processed_rep65__cam4_s259144_rank720.jpg,TRUE,rep65,cam4,259144,720,0.9973389506340028,899.14697265625,739.84320068359375,0.06847098469734192,892.92242431640625,795.8662109375,0.05549100413918495,885.4530029296875,833.21502685546875,0.21728625893592834,889.4674147604661,792.7324126025032,2319,1000,1000,FALSE,FALSE,-0.9939408386775921,no issue,FALSE
frame721__s259504,C:/R_projects/spat_1f_noise/processed_feed\rep65\processed_rep65__cam4_s259504_rank721.jpg,processed_rep65__cam4_s259504_rank721.jpg,TRUE,rep65,cam4,259504,721,0.9969846606254578,902.3531494140625,742.04400634765625,0.06103316321969032,892.60546875,796.70361328125,0.08394202589988708,885.294677734375,832.72943115234375,0.48856374621391296,890.5237899917965,792.2990155865464,2438.5,1000,1000,FALSE,FALSE,0.04783008703879631,no issue,FALSE
frame722__s259865,C:/R_projects/spat_1f_noise/processed_feed\rep65\processed_rep65__cam4_s259865_rank722.jpg,processed_rep65__cam4_s259865_rank722.jpg,TRUE,rep65,cam4,259865,722,0.996742308139801,899.172607421875,741.7357177734375,0.05422850325703621,893.09320068359375,795.4515380859375,0.06189940124750137,883.36602783203125,827.93084716796875,0.06641629338264465,890.1116645911167,791.8244084682441,2412,1000,1000,FALSE,FALSE,-0.08805165259116687,no issue,FALSE
frame723__s260225,C:/R_projects/spat_1f_noise/processed_feed\rep65\processed_rep65__cam4_s260225_rank723.jpg,processed_rep65__cam4_s260225_rank723.jpg,TRUE,rep65,cam4,260225,723,0.9965193271636964,900.25152587890625,742.3900146484375,0.061526667326688766,891.62054443359375,797.37481689453125,0.07109373807907104,876.8245849609375,843.612060546875,0.0424661748111248,889.6456624946051,792.7829089339664,2317,1000,1000,FALSE,FALSE,-0.9033848309209006,no issue,FALSE
frame724__s260586,C:/R_projects/spat_1f_noise/processed_feed\rep65\processed_rep65__cam4_s260586_rank724.jpg,processed_rep65__cam4_s260586_rank724.jpg,TRUE,rep65,cam4,260586,724,0.9969139099121094,903.461669921875,741.59716796875,0.06535598635673523,892.37908935546875,796.2076416015625,0.08987303078174591,884.9906005859375,832.200927734375,0.8917467594146729,890.6460509820309,792.0288340994567,2392,1000,1000,FALSE,FALSE,-0.10930488498579852,no issue,FALSE
frame725__s260946,C:/R_projects/spat_1f_noise/processed_feed\rep65\processed_rep65__cam4_s260946_rank725.jpg,processed_rep65__cam4_s260946_rank725.jpg,TRUE,rep65,cam4,260946,725,0.9961905479431152,900.13275146484375,742.7484130859375,0.07173674553632736,891.4619140625,797.5965576171875,0.07447469234466553,881.55242919921875,831.2535400390625,0.3992513120174408,889.42114164904865,793.6114164904862,2364.5,1000,1000,FALSE,FALSE,-0.3020888209052353,no issue,FALSE
frame726__s261306,C:/R_projects/spat_1f_noise/processed_feed\rep65\processed_rep65__cam4_s261306_rank726.jpg,processed_rep65__cam4_s261306_rank726.jpg,TRUE,rep65,cam4,261306,726,0.9965204000473022,898.8372802734375,743.90234375,0.05842074751853943,891.33795166015625,797.43408203125,0.05486799404025078,878.839111328125,841.0064697265625,0.03429171070456505,889.195831524099,794.1259227095094,2303,1000,1000,FALSE,FALSE,-0.9276249017475727,no issue,FALSE
frame727__s261667,C:/R_projects/spat_1f_noise/processed_feed\rep65\processed_rep65__cam4_s261667_rank727.jpg,processed_rep65__cam4_s261667_rank727.jpg,TRUE,rep65,cam4,261667,727,0.99698406457901,902.8377685546875,739.1651611328125,0.05220269784331322,892.85107421875,795.100341796875,0.07669871300458908,876.62286376953125,842.33447265625,0.04878002032637596,890.5219492549336,791.380587998389,2483,1000,1000,FALSE,FALSE,1.2642132919991909,no issue,FALSE
frame728__s262027,C:/R_projects/spat_1f_noise/processed_feed\rep65\processed_rep65__cam4_s262027_rank728.jpg,processed_rep65__cam4_s262027_rank728.jpg,TRUE,rep65,cam4,262027,728,0.995284378528595,900.1573486328125,743.57489013671875,0.051032550632953644,891.51068115234375,797.16436767578125,0.061713721603155136,876.6878662109375,843.2762451171875,0.045939184725284576,889.4418999151824,793.1263782866836,2359.5,1000,1000,FALSE,FALSE,-0.10372776614526348,no issue,FALSE
frame729__s262388,C:/R_projects/spat_1f_noise/processed_feed\rep65\processed_rep65__cam4_s262388_rank729.jpg,processed_rep65__cam4_s262388_rank729.jpg,TRUE,rep65,cam4,262388,729,0.9963088631629944,899.84552001953125,743.38592529296875,0.06028076633810997,892.49609375,795.60400390625,0.06286952644586563,885.14678955078125,831.659423828125,0.5319334268569946,889.5654657293497,793.0131810193321,2277,1000,1000,FALSE,FALSE,-1.1804684624072714,no issue,FALSE
frame730__s262748,C:/R_projects/spat_1f_noise/processed_feed\rep65\processed_rep65__cam4_s262748_rank730.jpg,processed_rep65__cam4_s262748_rank730.jpg,TRUE,rep65,cam4,262748,730,0.9970628619194032,903.9735107421875,741.292236328125,0.06836190819740295,892.973388671875,796.22802734375,0.08757971227169037,883.195556640625,829.93865966796875,0.08941695839166641,890.7590870667793,791.991124260355,2366.5,1000,1000,FALSE,FALSE,0.11222290032881477,no issue,FALSE
frame731__s263108,C:/R_projects/spat_1f_noise/processed_feed\rep65\processed_rep65__cam4_s263108_rank731.jpg,processed_rep65__cam4_s263108_rank731.jpg,TRUE,rep65,cam4,263108,731,0.996055006980896,899.4052734375,743.95147705078125,0.06275341659784317,892.13720703125,797.20697021484375,0.061097390949726105,876.38970947265625,845.50848388671875,0.040747758001089096,889.182096069869,794.2707423580786,2288.5,1000,1000,FALSE,FALSE,-1.0017213181803193,no issue,FALSE
frame732__s263469,C:/R_projects/spat_1f_noise/processed_feed\rep65\processed_rep65__cam4_s263469_rank732.jpg,processed_rep65__cam4_s263469_rank732.jpg,TRUE,rep65,cam4,263469,732,0.9963465332984924,901.15533447265625,743.5712890625,0.06385291367769241,892.511474609375,797.2684326171875,0.08315249532461166,882.63275146484375,829.7364501953125,0.15102548897266388,890.0632635253054,793.0082897033159,2294,1000,1000,FALSE,FALSE,-0.8889451407093238,no issue,FALSE
frame733__s263829,C:/R_projects/spat_1f_noise/processed_feed\rep65\processed_rep65__cam4_s263829_rank733.jpg,processed_rep65__cam4_s263829_rank733.jpg,TRUE,rep65,cam4,263829,733,0.9958855509757996,903.63348388671875,740.83856201171875,0.07438481599092484,892.68804931640625,795.4288330078125,0.09055522084236145,882.9588623046875,828.927490234375,0.14752228558063507,890.3075339645944,791.863318237958,2428.5,1000,1000,FALSE,FALSE,1.2962630673566706,no issue,FALSE
frame734__s264190,C:/R_projects/spat_1f_noise/processed_feed\rep65\processed_rep65__cam4_s264190_rank734.jpg,processed_rep65__cam4_s264190_rank734.jpg,TRUE,rep65,cam4,264190,734,0.9957626461982728,900.5494384765625,743.57269287109375,0.05953244864940643,891.9844970703125,797.20849609375,0.07310808449983597,885.86663818359375,835.876220703125,0.14253930747509003,889.4693965517241,793.7823275862069,2320,1000,1000,FALSE,FALSE,-0.25709944662399414,no issue,FALSE
frame735__s264550,C:/R_projects/spat_1f_noise/processed_feed\rep65\processed_rep65__cam4_s264550_rank735.jpg,processed_rep65__cam4_s264550_rank735.jpg,TRUE,rep65,cam4,264550,735,0.9956579208374025,901.01629638671875,742.20709228515625,0.06133600324392319,892.2803955078125,795.94482421875,0.06114356964826584,877.3046875,842.184326171875,0.04202035814523697,889.7937123169681,793.411714039621,2322.5,1000,1000,FALSE,FALSE,-0.27130719021995137,no issue,FALSE
frame736__s264911,C:/R_projects/spat_1f_noise/processed_feed\rep65\processed_rep65__cam4_s264911_rank736.jpg,processed_rep65__cam4_s264911_rank736.jpg,TRUE,rep65,cam4,264911,736,0.9967682361602784,903.3917236328125,741.7916259765625,0.0728534534573555,892.2940673828125,796.39404296875,0.0826810970902443,877.49725341796875,842.3096923828125,0.045498721301555634,890.320692497939,792.8223413025556,2424.5,1000,1000,FALSE,FALSE,1.2057425203074847,no issue,FALSE
frame737__s265271,C:/R_projects/spat_1f_noise/processed_feed\rep65\processed_rep65__cam4_s265271_rank737.jpg,processed_rep65__cam4_s265271_rank737.jpg,TRUE,rep65,cam4,265271,737,0.99674654006958,898.5106201171875,744.411865234375,0.056430842727422714,892.3096923828125,797.7686767578125,0.059845950454473495,877.4276123046875,842.4395751953125,0.04374869167804718,889.3062015503876,793.4711455641689,2321.5,1000,1000,FALSE,FALSE,-0.12304753697562885,no issue,FALSE
frame738__s265632,C:/R_projects/spat_1f_noise/processed_feed\rep65\processed_rep65__cam4_s265632_rank738.jpg,processed_rep65__cam4_s265632_rank738.jpg,TRUE,rep65,cam4,265632,738,0.9968289732933044,897.85980224609375,743.30712890625,0.054782163351774216,891.7415771484375,796.714111328125,0.06347200274467468,877.057861328125,842.66900634765625,0.03564982861280441,888.905892700088,792.8812664907651,2276,1000,1000,FALSE,FALSE,-0.6955757124586553,no issue,FALSE
frame739__s265992,C:/R_projects/spat_1f_noise/processed_feed\rep65\processed_rep65__cam4_s265992_rank739.jpg,processed_rep65__cam4_s265992_rank739.jpg,TRUE,rep65,cam4,265992,739,0.9972724318504332,899.0574951171875,742.6859130859375,0.06355031579732895,887.84814453125,808.7767333984375,0.11607612669467926,879.12969970703125,839.95166015625,0.03491123393177986,889.1492537313433,792.2349680170576,2345.5,1000,1000,FALSE,FALSE,0.29718014540056736,no issue,FALSE
frame740__s266352,C:/R_projects/spat_1f_noise/processed_feed\rep65\processed_rep65__cam4_s266352_rank740.jpg,processed_rep65__cam4_s266352_rank740.jpg,TRUE,rep65,cam4,266352,740,0.9965289235115052,898.5313720703125,741.2498779296875,0.06595276296138763,892.4329833984375,795.941162109375,0.07068424671888351,885.11505126953125,831.98779296875,0.4294879734516144,889.1212516297262,792.2033898305085,2301.5,1000,1000,FALSE,FALSE,-0.23369991614015356,no issue,FALSE
frame741__s266713,C:/R_projects/spat_1f_noise/processed_feed\rep65\processed_rep65__cam4_s266713_rank741.jpg,processed_rep65__cam4_s266713_rank741.jpg,TRUE,rep65,cam4,266713,741,0.9960706233978271,897.6824951171875,742.70135498046875,0.06166554614901543,891.5303955078125,796.135009765625,0.0629502534866333,885.3782958984375,832.17169189453125,1.12711501121521,888.637712789175,793.4858140549978,2292,1000,1000,FALSE,FALSE,-0.32310808760757237,no issue,FALSE
frame742__s267073,C:/R_projects/spat_1f_noise/processed_feed\rep65\processed_rep65__cam4_s267073_rank742.jpg,processed_rep65__cam4_s267073_rank742.jpg,TRUE,rep65,cam4,267073,742,0.996848165988922,896.54541015625,744.9600830078125,0.045942388474941254,891.62713623046875,797.19970703125,0.05424800515174866,878.10186767578125,840.73272705078125,0.039761871099472046,888.5443946188341,792.896860986547,2231.5,1000,1000,FALSE,FALSE,-1.123823012798834,no issue,FALSE
frame743__s267434,C:/R_projects/spat_1f_noise/processed_feed\rep65\processed_rep65__cam4_s267434_rank743.jpg,processed_rep65__cam4_s267434_rank743.jpg,TRUE,rep65,cam4,267434,743,0.9967216849327089,896.52618408203125,743.281494140625,0.06478766351938248,891.5460205078125,796.77435302734375,0.06587299704551697,877.8504638671875,841.55914306640625,0.03679654002189636,888.603002502085,792.5179316096747,2400,1000,1000,FALSE,FALSE,1.2738061505171967,no issue,FALSE
frame744__s267794,C:/R_projects/spat_1f_noise/processed_feed\rep65\processed_rep65__cam4_s267794_rank744.jpg,processed_rep65__cam4_s267794_rank744.jpg,TRUE,rep65,cam4,267794,744,0.9960404634475708,892.28564453125,741.9681396484375,0.04833217337727547,891.07049560546875,796.50079345703125,0.06198509782552719,877.7041015625,842.3577880859375,0.0381227508187294,887.4757822546078,792.8405486498071,2335,1000,1000,FALSE,FALSE,0.3997281323500069,no issue,FALSE
frame745__s268155,C:/R_projects/spat_1f_noise/processed_feed\rep65\processed_rep65__cam4_s268155_rank745.jpg,processed_rep65__cam4_s268155_rank745.jpg,TRUE,rep65,cam4,268155,745,0.996547520160675,892.6910400390625,743.0697021484375,0.047870371490716934,890.2197265625,796.7362060546875,0.05484798550605774,884.041259765625,832.929931640625,1.5383763313293457,887.4925117672229,792.127513906718,2342,1000,1000,FALSE,FALSE,0.48867391498094864,no issue,FALSE
frame746__s268515,C:/R_projects/spat_1f_noise/processed_feed\rep65\processed_rep65__cam4_s268515_rank746.jpg,processed_rep65__cam4_s268515_rank746.jpg,TRUE,rep65,cam4,268515,746,0.99696546792984,890.78546142578125,742.109375,0.06088949367403984,890.78546142578125,796.607666015625,0.0659264624118805,877.50494384765625,842.43585205078125,0.03562284633517265,887.0090791180286,793.0060527453523,2316,1000,1000,FALSE,FALSE,0.1933674669946193,no issue,FALSE
frame747__s268875,C:/R_projects/spat_1f_noise/processed_feed\rep65\processed_rep65__cam4_s268875_rank747.jpg,processed_rep65__cam4_s268875_rank747.jpg,TRUE,rep65,cam4,268875,747,0.9963350296020508,892.47894287109375,740.27764892578125,0.045079633593559265,891.25732421875,795.04217529296875,0.053855497390031815,877.8192138671875,842.3388671875,0.04187793657183647,887.4989274989275,791.049335049335,2335,1000,1000,FALSE,FALSE,0.4839806162126696,no issue,FALSE
frame748__s269236,C:/R_projects/spat_1f_noise/processed_feed\rep65\processed_rep65__cam4_s269236_rank748.jpg,processed_rep65__cam4_s269236_rank748.jpg,TRUE,rep65,cam4,269236,748,0.9964474439620972,890.136962890625,741.572021484375,0.050712477415800095,890.136962890625,797.2872314453125,0.06202254816889763,877.79107666015625,841.85943603515625,0.032187920063734055,886.7798742138365,793.2250673854447,2231,1000,1000,FALSE,FALSE,-0.7600682816155261,no issue,FALSE
frame749__s269596,C:/R_projects/spat_1f_noise/processed_feed\rep65\processed_rep65__cam4_s269596_rank749.jpg,processed_rep65__cam4_s269596_rank749.jpg,TRUE,rep65,cam4,269596,749,0.995970904827118,890.25665283203125,741.81298828125,0.059546541422605515,890.25665283203125,797.910400390625,0.06149037927389145,878.06103515625,842.788330078125,0.033876705914735794,886.9456912028726,793.6517055655296,2231.5,1000,1000,FALSE,FALSE,-0.6797476880607873,no issue,FALSE
frame750__s269957,C:/R_projects/spat_1f_noise/processed_feed\rep65\processed_rep65__cam4_s269957_rank750.jpg,processed_rep65__cam4_s269957_rank750.jpg,TRUE,rep65,cam4,269957,750,0.9970648884773254,895.24102783203125,737.4039306640625,0.05344615876674652,891.543701171875,793.5791015625,0.07394101470708847,877.987060546875,841.01593017578125,0.04028214514255524,888.3668261562998,789.1786283891547,2510.5,1000,1000,FALSE,FALSE,2.790773398804889,too big,FALSE
frame751__s270317,C:/R_projects/spat_1f_noise/processed_feed\rep65\processed_rep65__cam4_s270317_rank751.jpg,processed_rep65__cam4_s270317_rank751.jpg,TRUE,rep65,cam4,270317,751,0.9967490434646606,891.989990234375,743.042724609375,0.05302765220403671,890.74578857421875,797.75341796875,0.06721007823944092,877.0595703125,842.51678466796875,0.035226136445999146,887.3290408525755,793.6904973357016,2256,1000,1000,FALSE,FALSE,-0.2289200609592263,no issue,FALSE
frame752__s270677,C:/R_projects/spat_1f_noise/processed_feed\rep65\processed_rep65__cam4_s270677_rank752.jpg,processed_rep65__cam4_s270677_rank752.jpg,TRUE,rep65,cam4,270677,752,0.9962096214294434,891.563720703125,745.6287841796875,0.040777094662189484,890.3516845703125,798.9530029296875,0.05460849404335022,877.01934814453125,842.3564453125,0.03890345245599747,886.743093922652,795.628453038674,2172.5,1000,1000,FALSE,FALSE,-1.232066434808223,no issue,FALSE
frame753__s271038,C:/R_projects/spat_1f_noise/processed_feed\rep65\processed_rep65__cam4_s271038_rank753.jpg,processed_rep65__cam4_s271038_rank753.jpg,TRUE,rep65,cam4,271038,753,0.9960992336273192,895.21490478515625,744.77117919921875,0.056608039885759354,890.30450439453125,797.0938720703125,0.050652533769607544,878.0284423828125,840.6961669921875,0.03703080490231514,887.7923211169284,793.706369982548,2293,1000,1000,FALSE,FALSE,0.3363289519720712,no issue,FALSE
frame754__s271398,C:/R_projects/spat_1f_noise/processed_feed\rep65\processed_rep65__cam4_s271398_rank754.jpg,processed_rep65__cam4_s271398_rank754.jpg,TRUE,rep65,cam4,271398,754,0.996293008327484,891.28411865234375,744.77325439453125,0.051499199122190475,890.0521240234375,798.436767578125,0.055706001818180084,877.732177734375,842.1163330078125,0.03594034165143967,886.6848623853211,795.1275229357798,2182.5,1000,1000,FALSE,FALSE,-0.9508733686434043,no issue,FALSE
frame755__s271759,C:/R_projects/spat_1f_noise/processed_feed\rep65\processed_rep65__cam4_s271759_rank755.jpg,processed_rep65__cam4_s271759_rank755.jpg,TRUE,rep65,cam4,271759,755,0.9966566562652588,889.78076171875,740.50872802734375,0.05205756053328514,889.78076171875,796.5726318359375,0.05869763717055321,878.7066650390625,840.1778564453125,0.030852042138576508,886.5898778359511,793.0479930191972,2296.5,1000,1000,FALSE,FALSE,0.47995719919759183,no issue,FALSE
frame756__s272119,C:/R_projects/spat_1f_noise/processed_feed\rep65\processed_rep65__cam4_s272119_rank756.jpg,processed_rep65__cam4_s272119_rank756.jpg,TRUE,rep65,cam4,272119,756,0.9962995648384094,891.6517333984375,742.5521240234375,0.0453842394053936,890.4251708984375,797.2105712890625,0.06485920399427414,878.1588134765625,841.93115234375,0.03143756091594696,887.054457619675,793.1805006587615,2280.5,1000,1000,FALSE,FALSE,0.32769797244031335,no issue,FALSE
frame757__s272480,C:/R_projects/spat_1f_noise/processed_feed\rep65\processed_rep65__cam4_s272480_rank757.jpg,processed_rep65__cam4_s272480_rank757.jpg,TRUE,rep65,cam4,272480,757,0.9965745210647584,894.95025634765625,743.7425537109375,0.05327688157558441,891.2381591796875,796.10772705078125,0.05826057866215706,877.627197265625,839.745361328125,0.03799789398908615,887.7888841016803,793.3326152520465,2322,1000,1000,FALSE,FALSE,0.8622524761164463,no issue,FALSE
frame758__s272840,C:/R_projects/spat_1f_noise/processed_feed\rep65\processed_rep65__cam4_s272840_rank758.jpg,processed_rep65__cam4_s272840_rank758.jpg,TRUE,rep65,cam4,272840,758,0.9969105124473572,890.0693359375,741.32452392578125,0.04657689854502678,890.0693359375,797.0401611328125,0.057306770235300064,877.76513671875,841.6126708984375,0.03159062936902046,886.8538771851188,793.4424025100851,2235.5,1000,1000,FALSE,FALSE,-0.09045066747403338,no issue,FALSE
frame759__s273200,C:/R_projects/spat_1f_noise/processed_feed\rep65\processed_rep65__cam4_s273200_rank759.jpg,processed_rep65__cam4_s273200_rank759.jpg,TRUE,rep65,cam4,273200,759,0.9971078038215636,890.9569091796875,742.53265380859375,0.04414304345846176,889.72119140625,797.50213623046875,0.06464774906635284,877.36480712890625,841.2279052734375,0.036291249096393585,886.4855008787346,792.6709138840071,2279,1000,1000,FALSE,FALSE,0.4736510244359249,no issue,FALSE
frame760__s273561,C:/R_projects/spat_1f_noise/processed_feed\rep65\processed_rep65__cam4_s273561_rank760.jpg,processed_rep65__cam4_s273561_rank760.jpg,TRUE,rep65,cam4,273561,760,0.996368646621704,894.94744873046875,744.68475341796875,0.05730122700333595,890.04669189453125,798.10369873046875,0.053625330328941345,877.7947998046875,840.3419189453125,0.032724201679229736,887.6621739130435,793.1752173913044,2302,1000,1000,FALSE,FALSE,0.8019976529609739,no issue,FALSE
frame761__s273921,C:/R_projects/spat_1f_noise/processed_feed\rep65\processed_rep65__cam4_s273921_rank761.jpg,processed_rep65__cam4_s273921_rank761.jpg,TRUE,rep65,cam4,273921,761,0.9964346885681152,891.0211181640625,745.44305419921875,0.04573012515902519,889.80682373046875,798.703369140625,0.055827584117650986,876.44970703125,843.29345703125,0.03153456002473831,886.5043319653442,795.3620611035112,2195,1000,1000,FALSE,FALSE,-0.4523714883028395,no issue,FALSE
frame762__s274282,C:/R_projects/spat_1f_noise/processed_feed\rep65\processed_rep65__cam4_s274282_rank762.jpg,processed_rep65__cam4_s274282_rank762.jpg,TRUE,rep65,cam4,274282,762,0.9960552453994752,891.34698486328125,746.34039306640625,0.048331886529922485,890.13031005859375,798.57568359375,0.053220104426145554,877.9637451171875,840.861328125,0.033197369426488876,886.7702325581396,796.1027906976744,2152,1000,1000,FALSE,FALSE,-0.9289732745392308,no issue,FALSE
frame763__s274642,C:/R_projects/spat_1f_noise/processed_feed\rep65\processed_rep65__cam4_s274642_rank763.jpg,processed_rep65__cam4_s274642_rank763.jpg,TRUE,rep65,cam4,274642,763,0.9950385689735411,891.1314697265625,746.2647705078125,0.04668351635336876,889.9139404296875,798.2730712890625,0.05282069742679596,877.73956298828125,840.375,0.03236446529626846,886.6651162790698,795.3944186046512,2152.5,1000,1000,FALSE,FALSE,-0.8515295925272756,no issue,FALSE
frame764__s275003,C:/R_projects/spat_1f_noise/processed_feed\rep65\processed_rep65__cam4_s275003_rank764.jpg,processed_rep65__cam4_s275003_rank764.jpg,TRUE,rep65,cam4,275003,764,0.9964534044265748,891.5352783203125,747.7537841796875,0.041188497096300125,890.3270263671875,798.6259765625,0.060364190489053726,877.036376953125,842.053466796875,0.03494337201118469,887.106295620438,795.1993613138686,2195,1000,1000,FALSE,FALSE,-0.2913398472115688,no issue,FALSE
frame765__s275363,C:/R_projects/spat_1f_noise/processed_feed\rep65\processed_rep65__cam4_s275363_rank765.jpg,processed_rep65__cam4_s275363_rank765.jpg,TRUE,rep65,cam4,275363,765,0.9949557185173036,893.18060302734375,751.333740234375,0.04532696306705475,889.53033447265625,800.0108642578125,0.04181686043739319,877.362548828125,842.447265625,0.03867265209555626,886.7806691449814,796.8973048327138,2154,1000,1000,FALSE,FALSE,-0.7766002412697441,no issue,FALSE
frame766__s275723,C:/R_projects/spat_1f_noise/processed_feed\rep65\processed_rep65__cam4_s275723_rank766.jpg,processed_rep65__cam4_s275723_rank766.jpg,TRUE,rep65,cam4,275723,766,0.9959102869033812,893.529541015625,747.949951171875,0.04530724510550499,889.8597412109375,799.98968505859375,0.0533919520676136,877.6275634765625,842.1170654296875,0.040394723415374756,886.9733087896917,796.1813161527841,2173,1000,1000,FALSE,FALSE,-0.5937426892780924,no issue,FALSE
frame767__s276084,C:/R_projects/spat_1f_noise/processed_feed\rep65\processed_rep65__cam4_s276084_rank767.jpg,processed_rep65__cam4_s276084_rank767.jpg,TRUE,rep65,cam4,276084,767,0.9961718916893004,895.4521484375,748.89886474609375,0.05535326898097992,890.57061767578125,797.1776123046875,0.05276701599359512,877.1466064453125,841.74261474609375,0.035539787262678146,887.7481351469943,794.2272926722246,2281,1000,1000,FALSE,FALSE,1.2405448599077542,no issue,FALSE
frame768__s276444,C:/R_projects/spat_1f_noise/processed_feed\rep65\processed_rep65__cam4_s276444_rank768.jpg,processed_rep65__cam4_s276444_rank768.jpg,TRUE,rep65,cam4,276444,768,0.996065318584442,892.351318359375,747.14263916015625,0.04637008532881737,891.13531494140625,797.9805908203125,0.052119720727205276,877.759765625,841.3787841796875,0.037426747381687164,887.2047134935304,795.5596118299445,2166.5,1000,1000,FALSE,FALSE,-0.6613655950050774,no issue,FALSE
frame769__s276805,C:/R_projects/spat_1f_noise/processed_feed\rep65\processed_rep65__cam4_s276805_rank769.jpg,processed_rep65__cam4_s276805_rank769.jpg,TRUE,rep65,cam4,276805,769,0.9963006973266602,893.2608642578125,749.1370849609375,0.05291733145713806,890.84686279296875,798.6416015625,0.057944923639297485,877.5697021484375,841.9580078125,0.0390266552567482,887.038942976356,796.3203523412146,2158,1000,1000,FALSE,FALSE,-0.7847540727665044,no issue,FALSE
frame770__s277165,C:/R_projects/spat_1f_noise/processed_feed\rep65\processed_rep65__cam4_s277165_rank770.jpg,processed_rep65__cam4_s277165_rank770.jpg,TRUE,rep65,cam4,277165,770,0.9962154030799866,893.86083984375,747.93182373046875,0.048401717096567154,890.15814208984375,799.10791015625,0.05278726667165756,877.81591796875,841.546630859375,0.03565235435962677,887.4736117485085,795.0105553005966,2181,1000,1000,FALSE,FALSE,-0.3126759787991566,no issue,FALSE
frame771__s277526,C:/R_projects/spat_1f_noise/processed_feed\rep65\processed_rep65__cam4_s277526_rank771.jpg,processed_rep65__cam4_s277526_rank771.jpg,TRUE,rep65,cam4,277526,771,0.996692419052124,895.88995361328125,747.185302734375,0.04335949569940567,889.843017578125,797.1484375,0.05015536770224571,877.7489013671875,840.86614990234375,0.03423098474740982,887.5382862351869,794.0337283500456,2195.5,1000,1000,FALSE,FALSE,-0.010040733636396766,no issue,FALSE
frame772__s277886,C:/R_projects/spat_1f_noise/processed_feed\rep65\processed_rep65__cam4_s277886_rank772.jpg,processed_rep65__cam4_s277886_rank772.jpg,TRUE,rep65,cam4,277886,772,0.9963722229003906,893.6427001953125,750.50347900390625,0.04245216026902199,889.9228515625,800.4205322265625,0.06126079335808754,877.52325439453125,841.60205078125,0.038789067417383194,887.1666666666666,796.3090569561158,2143.5,1000,1000,FALSE,FALSE,-0.8740765787312024,no issue,FALSE
frame773__s278246,C:/R_projects/spat_1f_noise/processed_feed\rep65\processed_rep65__cam4_s278246_rank773.jpg,processed_rep65__cam4_s278246_rank773.jpg,TRUE,rep65,cam4,278246,773,0.9968992471694946,894.291015625,750.686279296875,0.04608176648616791,889.3232421875,800.6492919921875,0.05848534405231476,878.14581298828125,841.8687744140625,0.04114140197634697,887.3013435700576,796.1453934740883,2086,1000,1000,FALSE,FALSE,-1.9587461986514603,no issue,FALSE
frame774__s278607,C:/R_projects/spat_1f_noise/processed_feed\rep65\processed_rep65__cam4_s278607_rank774.jpg,processed_rep65__cam4_s278607_rank774.jpg,TRUE,rep65,cam4,278607,774,0.9966712594032288,892.901611328125,746.02105712890625,0.042272619903087616,890.46112060546875,798.27996826171875,0.06285722553730011,877.03826904296875,841.8291015625,0.03251460939645767,887.3235031277927,794.2596067917784,2241,1000,1000,FALSE,FALSE,0.7907503395985278,no issue,FALSE
frame775__s278967,C:/R_projects/spat_1f_noise/processed_feed\rep65\processed_rep65__cam4_s278967_rank775.jpg,processed_rep65__cam4_s278967_rank775.jpg,TRUE,rep65,cam4,278967,775,0.9966428279876708,898.1546630859375,746.0335693359375,0.0642809122800827,891.918212890625,797.03131103515625,0.052899084985256195,875.70318603515625,843.0537109375,0.03136306628584862,888.7768780926675,793.4655870445345,2225,1000,1000,FALSE,FALSE,0.3391675489335943,no issue,FALSE
frame776__s279328,C:/R_projects/spat_1f_noise/processed_feed\rep65\processed_rep65__cam4_s279328_rank776.jpg,processed_rep65__cam4_s279328_rank776.jpg,TRUE,rep65,cam4,279328,776,0.9971174001693726,895.19805908203125,747.05621337890625,0.058809805661439896,890.21551513671875,799.303955078125,0.05840719863772392,876.5135498046875,842.8438720703125,0.04570230841636658,887.2857142857143,795.7441964285714,2241,1000,1000,FALSE,FALSE,0.43154267424613263,no issue,FALSE
frame777__s279688,C:/R_projects/spat_1f_noise/processed_feed\rep65\processed_rep65__cam4_s279688_rank777.jpg,processed_rep65__cam4_s279688_rank777.jpg,TRUE,rep65,cam4,279688,777,0.9951350092887878,895.236572265625,748.8538818359375,0.042787715792655945,890.3004150390625,799.730224609375,0.049800459295511246,877.9599609375,841.92022705078125,0.03988901153206825,887.5201295696437,795.6534012031467,2163.5,1000,1000,FALSE,FALSE,-0.5295100267576314,no issue,FALSE
frame778__s280048,C:/R_projects/spat_1f_noise/processed_feed\rep65\processed_rep65__cam4_s280048_rank778.jpg,processed_rep65__cam4_s280048_rank778.jpg,TRUE,rep65,cam4,280048,778,0.9963579773902892,894.0302734375,749.610595703125,0.05651533976197243,890.347900390625,802.09747314453125,0.052120838314294815,876.84576416015625,843.33709716796875,0.047250062227249146,887.2401500938087,797.4033771106942,2133.5,1000,1000,FALSE,FALSE,-0.8193132943721904,no issue,FALSE
frame779__s280409,C:/R_projects/spat_1f_noise/processed_feed\rep65\processed_rep65__cam4_s280409_rank779.jpg,processed_rep65__cam4_s280409_rank779.jpg,TRUE,rep65,cam4,280409,779,0.9951451420783995,894.5341796875,750.1884765625,0.0514504574239254,890.89898681640625,798.91455078125,0.04943827912211418,877.57025146484375,841.3936767578125,0.03790765628218651,887.3434762563393,795.840479483633,2170,1000,1000,FALSE,FALSE,-0.5467649837551192,no issue,FALSE
frame780__s280769,C:/R_projects/spat_1f_noise/processed_feed\rep65\processed_rep65__cam4_s280769_rank780.jpg,processed_rep65__cam4_s280769_rank780.jpg,TRUE,rep65,cam4,280769,780,0.9956561326980592,893.62908935546875,749.51531982421875,0.03954575955867767,889.9759521484375,799.49127197265625,0.052839264273643494,877.799072265625,841.97076416015625,0.03758392482995987,887.2302025782689,795.7375690607735,2174,1000,1000,FALSE,FALSE,-0.5506018685387696,no issue,FALSE
frame781__s281130,C:/R_projects/spat_1f_noise/processed_feed\rep65\processed_rep65__cam4_s281130_rank781.jpg,processed_rep65__cam4_s281130_rank781.jpg,TRUE,rep65,cam4,281130,781,0.9964606165885924,895.9979248046875,747.6279296875,0.04632639139890671,891.10040283203125,797.1353759765625,0.05781512334942818,877.63238525390625,841.6920166015625,0.03907213732600212,887.7164244826067,795.005284015852,2272,1000,1000,FALSE,FALSE,0.02828506723754466,no issue,FALSE
frame782__s281490,C:/R_projects/spat_1f_noise/processed_feed\rep65\processed_rep65__cam4_s281490_rank782.jpg,processed_rep65__cam4_s281490_rank782.jpg,TRUE,rep65,cam4,281490,782,0.9963110089302064,895.51751708984375,746.549072265625,0.054046232253313065,890.52130126953125,797.5096435546875,0.057448916137218475,878.03094482421875,841.01251220703125,0.03867470100522041,887.4604185623294,794.6405823475887,2200.5,1000,1000,FALSE,FALSE,-0.48249534061865756,no issue,FALSE
frame783__s281851,C:/R_projects/spat_1f_noise/processed_feed\rep65\processed_rep65__cam4_s281851_rank783.jpg,processed_rep65__cam4_s281851_rank783.jpg,TRUE,rep65,cam4,281851,783,0.9964727759361268,895.16571044921875,750.68048095703125,0.048816531896591187,891.500732421875,799.05157470703125,0.0547303780913353,876.840576171875,842.4615478515625,0.03835998848080635,887.9064245810056,796.2858472998138,2151,1000,1000,FALSE,FALSE,-0.8073122066416941,no issue,FALSE
frame784__s282211,C:/R_projects/spat_1f_noise/processed_feed\rep65\processed_rep65__cam4_s282211_rank784.jpg,processed_rep65__cam4_s282211_rank784.jpg,TRUE,rep65,cam4,282211,784,0.9961567521095276,894.0552978515625,749.6846923828125,0.044746674597263336,890.38665771484375,798.02032470703125,0.05733581259846687,876.93487548828125,842.637939453125,0.03996283933520317,887.2324103495234,795.9087607807535,2206.5,1000,1000,FALSE,FALSE,-0.5299330819077261,no issue,FALSE
frame785__s282571,C:/R_projects/spat_1f_noise/processed_feed\rep65\processed_rep65__cam4_s282571_rank785.jpg,processed_rep65__cam4_s282571_rank785.jpg,TRUE,rep65,cam4,282571,785,0.9970046877861024,892.49749755859375,751.981201171875,0.04585279896855354,890.05010986328125,801.7471923828125,0.05657836049795151,876.5894775390625,842.8040771484375,0.042194996029138565,886.9875120076849,797.9596541786743,2083.5,1000,1000,FALSE,FALSE,-1.3046576369014489,no issue,FALSE
frame786__s282932,C:/R_projects/spat_1f_noise/processed_feed\rep65\processed_rep65__cam4_s282932_rank786.jpg,processed_rep65__cam4_s282932_rank786.jpg,TRUE,rep65,cam4,282932,786,0.9960463643074036,896.09869384765625,750.484619140625,0.04921387881040573,890.05255126953125,798.97796630859375,0.048542968928813934,877.96026611328125,840.0107421875,0.03672737628221512,888.1016166281755,795.8836027713626,2165.5,1000,1000,FALSE,FALSE,-0.8738921601619788,no issue,FALSE
frame787__s283292,C:/R_projects/spat_1f_noise/processed_feed\rep65\processed_rep65__cam4_s283292_rank787.jpg,processed_rep65__cam4_s283292_rank787.jpg,TRUE,rep65,cam4,283292,787,0.9961146116256714,895.76611328125,747.0240478515625,0.051334843039512634,890.92840576171875,798.18603515625,0.05645495280623436,876.41510009765625,841.86090087890625,0.02919892780482769,888.2278710848842,793.4748070812528,2204.5,1000,1000,FALSE,FALSE,-0.6939791594378659,no issue,FALSE
frame788__s283653,C:/R_projects/spat_1f_noise/processed_feed\rep65\processed_rep65__cam4_s283653_rank788.jpg,processed_rep65__cam4_s283653_rank788.jpg,TRUE,rep65,cam4,283653,788,0.9960673451423644,898.040283203125,744.1353759765625,0.06779499351978302,890.567626953125,797.43402099609375,0.06204719468951225,884.3404541015625,832.14013671875,2.200000286102295,888.5002205558006,793.472871636524,2268,1000,1000,FALSE,FALSE,-0.3624237420156693,no issue,FALSE
frame789__s284013,C:/R_projects/spat_1f_noise/processed_feed\rep65\processed_rep65__cam4_s284013_rank789.jpg,processed_rep65__cam4_s284013_rank789.jpg,TRUE,rep65,cam4,284013,789,0.9962271451950072,902.045654296875,740.052001953125,0.06645721942186356,892.24639892578125,794.8248291015625,0.07656457275152206,876.32257080078125,843.37353515625,0.04019807651638985,889.724063710719,792.0551011622902,2323,1000,1000,FALSE,FALSE,-0.07084321348406968,no issue,FALSE
frame790__s284374,C:/R_projects/spat_1f_noise/processed_feed\rep65\processed_rep65__cam4_s284374_rank790.jpg,processed_rep65__cam4_s284374_rank790.jpg,TRUE,rep65,cam4,284374,790,0.9928224682807922,839.23345947265625,801.2626953125,0.13980095088481903,889.1502685546875,818.52593994140625,1.7327752113342285,881.6627197265625,846.8870849609375,0.0999985858798027,876.0958792329661,805.6336189310485,2450,1000,1000,FALSE,FALSE,0.6979707140569518,no issue,FALSE
frame791__s284734,C:/R_projects/spat_1f_noise/processed_feed\rep65\processed_rep65__cam4_s284734_rank791.jpg,processed_rep65__cam4_s284734_rank791.jpg,TRUE,rep65,cam4,284734,791,0.9913452863693236,835.85638427734375,791.3685302734375,0.10008030384778976,890.58099365234375,820.07379150390625,0.1224600300192833,881.8748779296875,846.282958984375,0.10624852031469345,875.5564186426819,804.5249386753884,2447,1000,1000,FALSE,FALSE,0.6646339649348908,no issue,FALSE
frame792__s285094,C:/R_projects/spat_1f_noise/processed_feed\rep65\processed_rep65__cam4_s285094_rank792.jpg,processed_rep65__cam4_s285094_rank792.jpg,TRUE,rep65,cam4,285094,792,0.9933834671974182,835.5909423828125,782.7342529296875,0.09121669828891754,891.46112060546875,818.54498291015625,0.21568085253238678,881.52862548828125,846.94671630859375,0.09686566144227982,876.6182572614108,803.1780082987552,2410,1000,1000,FALSE,FALSE,0.41083519359215687,no issue,FALSE
frame793__s285455,C:/R_projects/spat_1f_noise/processed_feed\rep65\processed_rep65__cam4_s285455_rank793.jpg,processed_rep65__cam4_s285455_rank793.jpg,TRUE,rep65,cam4,285455,793,0.9957299828529358,835.5911865234375,772.151611328125,0.09672389179468155,891.54736328125,814.62554931640625,0.2135295271873474,881.59967041015625,845.8563232421875,0.11852028965950012,876.1221020092736,799.3423493044822,2587.5,1000,1000,FALSE,FALSE,1.5213983198934709,no issue,FALSE
frame794__s285815,C:/R_projects/spat_1f_noise/processed_feed\rep65\processed_rep65__cam4_s285815_rank794.jpg,processed_rep65__cam4_s285815_rank794.jpg,TRUE,rep65,cam4,285815,794,0.9967543482780457,842.418212890625,766.83868408203125,0.1254841536283493,892.08221435546875,816.488037109375,1.0082122087478638,882.1494140625,845.0364990234375,0.12117276340723038,877.4390532544379,799.0461538461539,2537,1000,1000,FALSE,FALSE,1.208715493190869,no issue,FALSE
frame795__s286176,C:/R_projects/spat_1f_noise/processed_feed\rep65\processed_rep65__cam4_s286176_rank795.jpg,processed_rep65__cam4_s286176_rank795.jpg,TRUE,rep65,cam4,286176,795,0.998544692993164,839.7425537109375,756.83563232421875,0.0991743728518486,890.61956787109375,802.56256103515625,0.06731200963258743,883.17413330078125,835.9307861328125,0.4047767221927643,876.6347558631296,796.0107650903499,2602.5,1000,1000,FALSE,FALSE,1.6134733860353079,no issue,FALSE
frame796__s286536,C:/R_projects/spat_1f_noise/processed_feed\rep65\processed_rep65__cam4_s286536_rank796.jpg,processed_rep65__cam4_s286536_rank796.jpg,TRUE,rep65,cam4,286536,796,0.9985753297805786,844.3836669921875,752.60345458984375,0.12501868605613708,888.93994140625,798.444580078125,0.11124411225318909,885.22698974609375,838.0909423828125,0.3171103298664093,877.3255375330065,794.7389664277631,2653.5,1000,1000,FALSE,FALSE,1.965439646954704,no issue,FALSE
frame797__s286897,C:/R_projects/spat_1f_noise/processed_feed\rep65\processed_rep65__cam4_s286897_rank797.jpg,processed_rep65__cam4_s286897_rank797.jpg,TRUE,rep65,cam4,286897,797,0.9984074234962464,849.32318115234375,748.19268798828125,0.11074063926935196,888.55908203125,796.716064453125,0.10062657296657562,882.42852783203125,834.041748046875,0.1612933725118637,878.7669053301512,794.4196499602227,2516.5,1000,1000,FALSE,FALSE,1.046224576415579,no issue,FALSE
frame798__s287257,C:/R_projects/spat_1f_noise/processed_feed\rep65\processed_rep65__cam4_s287257_rank798.jpg,processed_rep65__cam4_s287257_rank798.jpg,TRUE,rep65,cam4,287257,798,0.9982700347900392,853.2420654296875,748.594970703125,0.10902314633131027,889.48291015625,799.5010986328125,0.11093173176050186,883.2344970703125,836.74957275390625,3.578366756439209,879.7154213036566,794.6220190779014,2519.5,1000,1000,FALSE,FALSE,1.0624163667997155,no issue,FALSE
frame799__s287617,C:/R_projects/spat_1f_noise/processed_feed\rep65\processed_rep65__cam4_s287617_rank799.jpg,processed_rep65__cam4_s287617_rank799.jpg,TRUE,rep65,cam4,287617,799,0.9983276724815368,858.8167724609375,741.09063720703125,0.06720100343227386,889.4332275390625,806.82281494140625,3.4389591217041016,880.860595703125,842.7894287109375,0.07198846340179443,880.3488654781199,792.4396272285251,2475,1000,1000,FALSE,FALSE,0.7667604991165269,no issue,FALSE
frame800__s287978,C:/R_projects/spat_1f_noise/processed_feed\rep65\processed_rep65__cam4_s287978_rank800.jpg,processed_rep65__cam4_s287978_rank800.jpg,TRUE,rep65,cam4,287978,800,0.997368335723877,856.1180419921875,741.2666015625,0.10877937823534012,888.37066650390625,798.74945068359375,0.10758332908153534,883.40875244140625,839.98712158203125,7.1125054359436035,879.383207321926,792.7982491046558,2520.5,1000,1000,FALSE,FALSE,1.0737349756763883,no issue,FALSE
frame801__s288338,C:/R_projects/spat_1f_noise/processed_feed\rep65\processed_rep65__cam4_s288338_rank801.jpg,processed_rep65__cam4_s288338_rank801.jpg,TRUE,rep65,cam4,288338,801,0.9981858134269714,860.6214599609375,744.2119140625,0.07294103503227234,889.06121826171875,807.80267333984375,0.28259098529815674,880.4056396484375,843.96209716796875,0.06130567193031311,880.2592901878915,794.2150313152401,2402,1000,1000,FALSE,FALSE,0.25913430788772723,no issue,FALSE
frame802__s288699,C:/R_projects/spat_1f_noise/processed_feed\rep65\processed_rep65__cam4_s288699_rank802.jpg,processed_rep65__cam4_s288699_rank802.jpg,TRUE,rep65,cam4,288699,802,0.9982467889785768,858.00537109375,743.3187255859375,0.07336222380399704,888.88818359375,800.25360107421875,0.08592739701271057,881.476318359375,838.622802734375,20.122827529907227,880.077519379845,794.1538147694819,2457.5,1000,1000,FALSE,FALSE,0.6479148764620754,no issue,FALSE
frame803__s289059,C:/R_projects/spat_1f_noise/processed_feed\rep65\processed_rep65__cam4_s289059_rank803.jpg,processed_rep65__cam4_s289059_rank803.jpg,TRUE,rep65,cam4,289059,803,0.9973545074462892,864.251708984375,745.5311279296875,0.0704818069934845,888.549072265625,800.5269775390625,0.07855267822742462,884.9044189453125,840.5238037109375,5.304042339324951,881.0364583333334,796.5138888888889,2312,1000,1000,FALSE,FALSE,-0.4282655395028444,no issue,FALSE
frame804__s289420,C:/R_projects/spat_1f_noise/processed_feed\rep65\processed_rep65__cam4_s289420_rank804.jpg,processed_rep65__cam4_s289420_rank804.jpg,TRUE,rep65,cam4,289420,804,0.9976406097412108,864.22796630859375,744.665283203125,0.06251563131809235,887.3250732421875,804.05609130859375,1.07632315158844,881.24688720703125,842.41259765625,0.048090118914842606,881.3866666666667,795.3071111111111,2257.5,1000,1000,FALSE,FALSE,-0.8078685262670968,no issue,FALSE
frame805__s289780,C:/R_projects/spat_1f_noise/processed_feed\rep65\processed_rep65__cam4_s289780_rank805.jpg,processed_rep65__cam4_s289780_rank805.jpg,TRUE,rep65,cam4,289780,805,0.9979217648506165,866.6241455078125,744.6046142578125,0.06235141679644585,888.583984375,799.20477294921875,0.075727179646492,880.04400634765625,843.8775634765625,0.04745439440011978,881.834632034632,795.491341991342,2317.5,1000,1000,FALSE,FALSE,-0.3276493535286073,no issue,FALSE
frame806__s290140,C:/R_projects/spat_1f_noise/processed_feed\rep65\processed_rep65__cam4_s290140_rank806.jpg,processed_rep65__cam4_s290140_rank806.jpg,TRUE,rep65,cam4,290140,806,0.9979228377342224,864.0579833984375,743.9437255859375,0.07430870085954666,888.551513671875,798.66748046875,0.08015042543411255,882.4281005859375,838.46649169921875,10.33842945098877,881.2342536669543,794.8188093183779,2326.5,1000,1000,FALSE,FALSE,-0.2322877833367086,no issue,FALSE
frame807__s290501,C:/R_projects/spat_1f_noise/processed_feed\rep65\processed_rep65__cam4_s290501_rank807.jpg,processed_rep65__cam4_s290501_rank807.jpg,TRUE,rep65,cam4,290501,807,0.99776029586792,865.45654296875,742.04168701171875,0.062158964574337006,888.65625,799.3702392578125,0.08049371093511581,882.551025390625,838.0047607421875,17.07267189025879,881.0676818950931,794.0423011844332,2370,1000,1000,FALSE,FALSE,0.12892570528337371,no issue,FALSE
frame808__s290861,C:/R_projects/spat_1f_noise/processed_feed\rep65\processed_rep65__cam4_s290861_rank808.jpg,processed_rep65__cam4_s290861_rank808.jpg,TRUE,rep65,cam4,290861,808,0.9968066215515136,866.6298828125,746.88385009765625,0.07715308666229248,888.76318359375,801.5294189453125,0.08429418504238129,881.38543701171875,843.7554931640625,0.0489463172852993,882.1136999068034,797.760018639329,2153.5,1000,1000,FALSE,FALSE,-1.3442354492442352,no issue,FALSE
frame809__s291222,C:/R_projects/spat_1f_noise/processed_feed\rep65\processed_rep65__cam4_s291222_rank809.jpg,processed_rep65__cam4_s291222_rank809.jpg,TRUE,rep65,cam4,291222,809,0.9987486600875854,912.51959228515625,744.3126220703125,0.0657029002904892,886.390625,805.3009033203125,4.236368179321289,878.9251708984375,840.1513671875,0.06397208571434021,890.7284275076654,791.7998247919404,2281.5,1000,1000,FALSE,FALSE,-0.4339740601566339,no issue,FALSE
frame810__s291582,C:/R_projects/spat_1f_noise/processed_feed\rep65\processed_rep65__cam4_s291582_rank810.jpg,processed_rep65__cam4_s291582_rank810.jpg,TRUE,rep65,cam4,291582,810,0.998382806777954,907.13995361328125,738.49249267578125,0.062203846871852875,886.265380859375,802.111328125,11.552279472351074,878.89794921875,842.029052734375,0.06893772631883621,889.3213101160862,790.8009950248756,2410.5,1000,1000,FALSE,FALSE,0.5546241003597928,no issue,FALSE
frame811__s291943,C:/R_projects/spat_1f_noise/processed_feed\rep65\processed_rep65__cam4_s291943_rank811.jpg,processed_rep65__cam4_s291943_rank811.jpg,TRUE,rep65,cam4,291943,811,0.9975605010986328,899.58612060546875,736.65582275390625,0.052138157188892365,888.6768798828125,793.78228759765625,0.06587773561477661,877.7677001953125,842.215576171875,0.041688982397317886,887.8713475795901,791.2359354557349,2292.5,1000,1000,FALSE,FALSE,-0.2940295482464734,no issue,FALSE
frame812__s292303,C:/R_projects/spat_1f_noise/processed_feed\rep65\processed_rep65__cam4_s292303_rank812.jpg,processed_rep65__cam4_s292303_rank812.jpg,TRUE,rep65,cam4,292303,812,0.9962434768676758,895.7366943359375,741.2322998046875,0.045566216111183167,888.4215087890625,795.98870849609375,0.044438354671001434,879.88714599609375,840.7894287109375,0.03332662209868431,887.3806593406593,791.8967032967033,2276,1000,1000,FALSE,FALSE,-0.4132723885049018,no issue,FALSE
frame813__s292663,C:/R_projects/spat_1f_noise/processed_feed\rep65\processed_rep65__cam4_s292663_rank813.jpg,processed_rep65__cam4_s292663_rank813.jpg,TRUE,rep65,cam4,292663,813,0.994883358478546,892.8125,744.00299072265625,0.044934313744306564,889.1505126953125,796.0980224609375,0.03905593976378441,878.164794921875,841.9913330078125,0.03478112444281578,886.6438547486033,793.8840782122905,2149,1000,1000,FALSE,FALSE,-1.5573315781253065,no issue,FALSE
frame814__s293024,C:/R_projects/spat_1f_noise/processed_feed\rep65\processed_rep65__cam4_s293024_rank814.jpg,processed_rep65__cam4_s293024_rank814.jpg,TRUE,rep65,cam4,293024,814,0.9962879419326782,892.72735595703125,741.1197509765625,0.03879500925540924,888.9893798828125,794.7843017578125,0.05792497098445892,879.021484375,839.7127685546875,0.0292511023581028,886.5702702702703,792.7405405405406,2221.5,1000,1000,FALSE,FALSE,-0.9058089654771733,no issue,FALSE
frame815__s293384,C:/R_projects/spat_1f_noise/processed_feed\rep65\processed_rep65__cam4_s293384_rank815.jpg,processed_rep65__cam4_s293384_rank815.jpg,TRUE,rep65,cam4,293384,815,0.9972543120384216,889.6396484375,743.05596923828125,0.03771505132317543,888.406494140625,796.5489501953125,0.043212227523326874,883.47406005859375,835.1136474609375,1.1557457447052002,886.3423180592991,792.1680143755616,2230.5,1000,1000,FALSE,FALSE,-0.8219844972253996,no issue,FALSE
frame816__s293745,C:/R_projects/spat_1f_noise/processed_feed\rep65\processed_rep65__cam4_s293745_rank816.jpg,processed_rep65__cam4_s293745_rank816.jpg,TRUE,rep65,cam4,293745,816,0.9955319166183472,888.97332763671875,741.926025390625,0.052540965378284454,888.97332763671875,796.82855224609375,0.05277567356824875,877.93280029296875,841.748779296875,0.03296999633312225,886.2662068965517,794.1089655172414,2179,1000,1000,FALSE,FALSE,-1.3376174121962408,no issue,FALSE
frame817__s294105,C:/R_projects/spat_1f_noise/processed_feed\rep65\processed_rep65__cam4_s294105_rank817.jpg,processed_rep65__cam4_s294105_rank817.jpg,TRUE,rep65,cam4,294105,817,0.994295060634613,891.4359130859375,742.57452392578125,0.0506858266890049,890.19378662109375,795.81610107421875,0.04482310265302658,879.01458740234375,841.6285400390625,0.026271788403391838,886.6471395881007,794.0951945080092,2189,1000,1000,FALSE,FALSE,-1.23926927720619,no issue,FALSE
frame818__s294465,C:/R_projects/spat_1f_noise/processed_feed\rep65\processed_rep65__cam4_s294465_rank818.jpg,processed_rep65__cam4_s294465_rank818.jpg,TRUE,rep65,cam4,294465,818,0.9953906536102296,897.0179443359375,739.74884033203125,0.045567095279693604,889.71533203125,793.2987060546875,0.06421129405498505,879.978515625,839.37652587890625,0.03420091047883034,888.410623946037,790.4987352445194,2372,1000,1000,FALSE,FALSE,0.6427237913833496,no issue,FALSE
frame819__s294826,C:/R_projects/spat_1f_noise/processed_feed\rep65\processed_rep65__cam4_s294826_rank819.jpg,processed_rep65__cam4_s294826_rank819.jpg,TRUE,rep65,cam4,294826,819,0.9957916736602784,894.82659912109375,741.61285400390625,0.04435502737760544,889.83447265625,795.297119140625,0.056452419608831406,878.6019287109375,841.490478515625,0.03202490508556366,887.3969534050179,792.6769713261649,2232,1000,1000,FALSE,FALSE,-0.7623158708775757,no issue,FALSE
frame820__s295186,C:/R_projects/spat_1f_noise/processed_feed\rep65\processed_rep65__cam4_s295186_rank820.jpg,processed_rep65__cam4_s295186_rank820.jpg,TRUE,rep65,cam4,295186,820,0.9945108890533448,892.96478271484375,744.84564208984375,0.05050326883792877,889.32489013671875,797.17919921875,0.04601355269551277,878.40521240234375,843.2825927734375,0.029199790209531784,887.1706073249884,794.808066759388,2158.5,1000,1000,FALSE,FALSE,-1.5178442263175982,no issue,FALSE
frame821__s295547,C:/R_projects/spat_1f_noise/processed_feed\rep65\processed_rep65__cam4_s295547_rank821.jpg,processed_rep65__cam4_s295547_rank821.jpg,TRUE,rep65,cam4,295547,821,0.9965999722480774,895.69451904296875,741.9007568359375,0.04408549517393112,889.5098876953125,795.21392822265625,0.07028715312480927,878.3775634765625,841.0880126953125,0.038350075483322144,887.457627118644,792.167753150804,2299.5,1000,1000,FALSE,FALSE,-0.06973523876387969,no issue,FALSE
frame822__s295907,C:/R_projects/spat_1f_noise/processed_feed\rep65\processed_rep65__cam4_s295907_rank822.jpg,processed_rep65__cam4_s295907_rank822.jpg,TRUE,rep65,cam4,295907,822,0.9955844283103944,891.14263916015625,741.41650390625,0.03332630544900894,888.64599609375,797.2647705078125,0.04426969587802887,878.659423828125,843.18450927734375,0.031522005796432495,886.4852670349908,793.9682320441989,2174,1000,1000,FALSE,FALSE,-1.2640522860960008,no issue,FALSE
frame823__s296267,C:/R_projects/spat_1f_noise/processed_feed\rep65\processed_rep65__cam4_s296267_rank823.jpg,processed_rep65__cam4_s296267_rank823.jpg,TRUE,rep65,cam4,296267,823,0.9957939386367798,894.73211669921875,738.67156982421875,0.048293400555849075,889.888916015625,793.3038330078125,0.06519225239753723,880.20233154296875,839.24462890625,0.031741637736558914,887.6578505457599,790.8782535684298,2382.5,1000,1000,FALSE,FALSE,0.8198579718678162,no issue,FALSE
frame824__s296628,C:/R_projects/spat_1f_noise/processed_feed\rep65\processed_rep65__cam4_s296628_rank824.jpg,processed_rep65__cam4_s296628_rank824.jpg,TRUE,rep65,cam4,296628,824,0.9979190230369568,927.75140380859375,766.23162841796875,0.09007460623979568,884.42108154296875,814.67462158203125,0.3276500999927521,925.27532958984375,767.4737548828125,0.06564770638942719,892.1082474226804,799.8775773195877,2335,1000,1000,FALSE,FALSE,0.30839771067557936,no issue,FALSE
frame825__s296988,C:/R_projects/spat_1f_noise/processed_feed\rep65\processed_rep65__cam4_s296988_rank825.jpg,processed_rep65__cam4_s296988_rank825.jpg,TRUE,rep65,cam4,296988,825,0.9980729818344116,869.2080078125,854.7999267578125,0.060201920568943024,886.430419921875,796.76123046875,0.06966376304626465,924.56573486328125,765.8895263671875,0.08353810012340546,891.6494006849315,799.1605308219179,2341,1000,1000,FALSE,FALSE,0.39837627394150604,no issue,FALSE
frame826__s297349,C:/R_projects/spat_1f_noise/processed_feed\rep65\processed_rep65__cam4_s297349_rank826.jpg,processed_rep65__cam4_s297349_rank826.jpg,TRUE,rep65,cam4,297349,826,0.9983099699020386,869.4146728515625,854.220703125,0.062381427735090256,885.45416259765625,799.4615478515625,0.07192056626081467,920.000732421875,758.39202880859375,0.06777305901050568,890.8539419087136,797.7045643153527,2413.5,1000,1000,FALSE,FALSE,1.1942249226316508,no issue,FALSE
frame827__s297709,C:/R_projects/spat_1f_noise/processed_feed\rep65\processed_rep65__cam4_s297709_rank827.jpg,processed_rep65__cam4_s297709_rank827.jpg,TRUE,rep65,cam4,297709,827,0.9986490607261658,921.544921875,750.239990234375,0.08995970338582993,886.9617919921875,797.45263671875,0.11306720972061157,880.78619384765625,833.4832763671875,0.1615411341190338,891.5215252152522,795.1988519885199,2442,1000,1000,FALSE,FALSE,1.489514595782992,no issue,FALSE
frame828__s298070,C:/R_projects/spat_1f_noise/processed_feed\rep65\processed_rep65__cam4_s298070_rank828.jpg,processed_rep65__cam4_s298070_rank828.jpg,TRUE,rep65,cam4,298070,828,0.9981006979942322,918.1116943359375,747.11273193359375,0.09260287135839462,888.122314453125,795.6849365234375,0.10405124723911285,881.87451171875,835.5390625,1.0696579217910767,891.0191212367779,795.2750203417412,2457.5,1000,1000,FALSE,FALSE,1.636207730170222,no issue,FALSE
frame829__s298430,C:/R_projects/spat_1f_noise/processed_feed\rep65\processed_rep65__cam4_s298430_rank829.jpg,processed_rep65__cam4_s298430_rank829.jpg,TRUE,rep65,cam4,298430,829,0.998242735862732,917.52685546875,742.91046142578125,0.05517827719449997,887.5498046875,795.0164794921875,0.14141984283924103,882.5537109375,834.71630859375,0.6489800810813904,890.8072289156627,794.0775100401606,2488,1000,1000,FALSE,FALSE,1.953774709327602,no issue,FALSE
frame830__s298790,C:/R_projects/spat_1f_noise/processed_feed\rep65\processed_rep65__cam4_s298790_rank830.jpg,processed_rep65__cam4_s298790_rank830.jpg,TRUE,rep65,cam4,298790,830,0.998137593269348,913.67584228515625,742.40960693359375,0.08220213651657104,886.42822265625,806.04486083984375,0.1936418116092682,877.758544921875,844.72509765625,0.063864566385746,890.3297297297297,793.139708939709,2403.5,1000,1000,FALSE,FALSE,1.1110927646215285,no issue,FALSE
frame831__s299151,C:/R_projects/spat_1f_noise/processed_feed\rep65\processed_rep65__cam4_s299151_rank831.jpg,processed_rep65__cam4_s299151_rank831.jpg,TRUE,rep65,cam4,299151,831,0.997905969619751,910.612548828125,741.61767578125,0.06590911000967026,886.8641357421875,803.8453369140625,0.5349581837654114,879.36468505859375,842.42645263671875,0.072490595281124115,889.7662976629766,793.3472734727347,2437,1000,1000,FALSE,FALSE,1.40068244746667,no issue,FALSE
frame832__s299511,C:/R_projects/spat_1f_noise/processed_feed\rep65\processed_rep65__cam4_s299511_rank832.jpg,processed_rep65__cam4_s299511_rank832.jpg,TRUE,rep65,cam4,299511,832,0.9978315234184264,907.07061767578125,738.75213623046875,0.060443248599767685,887.4093017578125,808.36065673828125,0.3408248722553253,878.80743408203125,843.1649169921875,0.061415404081344604,889.32,792.25875,2399,1000,1000,FALSE,FALSE,1.0254194982500653,no issue,FALSE
frame833__s299872,C:/R_projects/spat_1f_noise/processed_feed\rep65\processed_rep65__cam4_s299872_rank833.jpg,processed_rep65__cam4_s299872_rank833.jpg,TRUE,rep65,cam4,299872,833,0.997140645980835,903.0267333984375,738.3427734375,0.05985964462161064,886.78680419921875,805.68731689453125,0.06768129765987396,879.29150390625,843.10107421875,0.06214062124490738,887.7855887521969,794.2341827768014,2273.5,1000,1000,FALSE,FALSE,-0.03507355059074996,no issue,FALSE
frame834__s300232,C:/R_projects/spat_1f_noise/processed_feed\rep65\processed_rep65__cam4_s300232_rank834.jpg,processed_rep65__cam4_s300232_rank834.jpg,TRUE,rep65,cam4,300232,834,0.993458926677704,899.0750732421875,742.6004638671875,0.050638437271118164,886.6322021484375,804.69573974609375,0.10401240736246109,879.16650390625,843.19482421875,0.04347473382949829,887.2100840336135,795.8261831048209,2259.5,1000,1000,FALSE,FALSE,-0.08676479675958211,no issue,FALSE
frame835__s300592,C:/R_projects/spat_1f_noise/processed_feed\rep65\processed_rep65__cam4_s300592_rank835.jpg,processed_rep65__cam4_s300592_rank835.jpg,TRUE,rep65,cam4,300592,835,0.99346524477005,893.47833251953125,753.69140625,0.07284563034772873,888.600830078125,792.2528076171875,0.05048878863453865,880.06524658203125,843.25341796875,0.04138392582535744,887.0566783831283,794.9336555360281,2276.5,1000,1000,FALSE,FALSE,0.09639468789143693,no issue,FALSE
frame836__s300953,C:/R_projects/spat_1f_noise/processed_feed\rep65\processed_rep65__cam4_s300953_rank836.jpg,processed_rep65__cam4_s300953_rank836.jpg,TRUE,rep65,cam4,300953,836,0.9931307435035706,896.4229736328125,742.9127197265625,0.05174405500292778,887.7706298828125,794.02227783203125,0.049826908856630325,879.1182861328125,842.63861083984375,0.045188628137111664,887.3862736471623,793.4183897932248,2273.5,1000,1000,FALSE,FALSE,0.07746290749764902,no issue,FALSE
frame837__s301313,C:/R_projects/spat_1f_noise/processed_feed\rep65\processed_rep65__cam4_s301313_rank837.jpg,processed_rep65__cam4_s301313_rank837.jpg,TRUE,rep65,cam4,301313,837,0.9938913583755492,896.2562255859375,747.8299560546875,0.040350690484046936,889.01727294921875,796.380859375,0.04259730130434036,879.3653564453125,844.931640625,0.04254642501473427,886.8642824392481,796.6474094452086,2180.5,1000,1000,FALSE,FALSE,-0.5426437579606355,no issue,FALSE
frame838__s301674,C:/R_projects/spat_1f_noise/processed_feed\rep65\processed_rep65__cam4_s301674_rank838.jpg,processed_rep65__cam4_s301674_rank838.jpg,TRUE,rep65,cam4,301674,838,0.9918643236160278,900.5633544921875,739.24993896484375,0.05376536026597023,889.5091552734375,791.638916015625,0.07339268922805786,879.68316650390625,841.533203125,0.04137522727251053,888.4598540145986,792.2928295405753,2326.5,1000,1000,FALSE,FALSE,0.536192385076607,no issue,FALSE
frame839__s302034,C:/R_projects/spat_1f_noise/processed_feed\rep65\processed_rep65__cam4_s302034_rank839.jpg,processed_rep65__cam4_s302034_rank839.jpg,TRUE,rep65,cam4,302034,839,0.9905999302864076,897.14349365234375,742.33447265625,0.04798053577542305,888.39422607421875,791.89300537109375,0.05121138319373131,879.64501953125,842.6905517578125,0.049694232642650604,887.3467706978761,792.5231902904204,2307.5,1000,1000,FALSE,FALSE,0.4675615131607644,no issue,FALSE
frame840__s302395,C:/R_projects/spat_1f_noise/processed_feed\rep65\processed_rep65__cam4_s302395_rank840.jpg,processed_rep65__cam4_s302395_rank840.jpg,TRUE,rep65,cam4,302395,840,0.992824912071228,895.205078125,749.4012451171875,0.03757006302475929,884.18890380859375,806.87432861328125,0.15309327840805054,879.2928466796875,844.35675048828125,0.045136772096157074,886.6428239665582,797.5931258708779,2150.5,1000,1000,FALSE,FALSE,-0.6129047854670314,no issue,FALSE
frame841__s302755,C:/R_projects/spat_1f_noise/processed_feed\rep65\processed_rep65__cam4_s302755_rank841.jpg,processed_rep65__cam4_s302755_rank841.jpg,TRUE,rep65,cam4,302755,841,0.9939549565315248,896.750244140625,746.51214599609375,0.04120475798845291,889.3525390625,795.02752685546875,0.05066489055752754,879.48907470703125,843.54296875,0.04216166213154793,887.3145197997269,795.7796995903504,2196.5,1000,1000,FALSE,FALSE,-0.21465326386197314,no issue,FALSE
frame842__s303116,C:/R_projects/spat_1f_noise/processed_feed\rep65\processed_rep65__cam4_s303116_rank842.jpg,processed_rep65__cam4_s303116_rank842.jpg,TRUE,rep65,cam4,303116,842,0.9922592043876648,896.436767578125,746.33917236328125,0.057288579642772675,889.1678466796875,795.0675048828125,0.0519566610455513,879.47601318359375,842.54638671875,0.04000728577375412,887.5042581801882,793.9238009861049,2233,1000,1000,FALSE,FALSE,0.12099207875368645,no issue,FALSE
frame843__s303476,C:/R_projects/spat_1f_noise/processed_feed\rep65\processed_rep65__cam4_s303476_rank843.jpg,processed_rep65__cam4_s303476_rank843.jpg,TRUE,rep65,cam4,303476,843,0.9930134415626526,895.87066650390625,745.1583251953125,0.0470845028758049,889.68414306640625,793.6866455078125,0.04630160331726074,879.78582763671875,842.215087890625,0.036601364612579346,887.4155483572421,794.427117075428,2160,1000,1000,FALSE,FALSE,-0.3179554454737092,no issue,FALSE
frame844__s303836,C:/R_projects/spat_1f_noise/processed_feed\rep65\processed_rep65__cam4_s303836_rank844.jpg,processed_rep65__cam4_s303836_rank844.jpg,TRUE,rep65,cam4,303836,844,0.9929614663124084,895.70428466796875,746.587646484375,0.042270369827747345,885.81427001953125,806.3125,0.12361813336610794,879.633056640625,843.64044189453125,0.039619527757167816,887.1122171945701,795.1882352941177,2210.5,1000,1000,FALSE,FALSE,0.11244659180155014,no issue,FALSE
frame845__s304197,C:/R_projects/spat_1f_noise/processed_feed\rep65\processed_rep65__cam4_s304197_rank845.jpg,processed_rep65__cam4_s304197_rank845.jpg,TRUE,rep65,cam4,304197,845,0.9953153133392334,895.6824951171875,743.525390625,0.04791465401649475,888.237060546875,793.15673828125,0.059575825929641724,879.55072021484375,841.54736328125,0.0365421399474144,887.1530657256286,793.3325981473313,2268.5,1000,1000,FALSE,FALSE,0.715622896196973,no issue,FALSE
frame846__s304557,C:/R_projects/spat_1f_noise/processed_feed\rep65\processed_rep65__cam4_s304557_rank846.jpg,processed_rep65__cam4_s304557_rank846.jpg,TRUE,rep65,cam4,304557,846,0.994149923324585,891.7645263671875,757.0338134765625,0.09421396255493164,884.36614990234375,807.92352294921875,0.05157065391540527,878.2008056640625,843.9185791015625,0.037875380367040634,885.8064516129032,799.1892152142514,2077,1000,1000,FALSE,FALSE,-0.9262693019824525,no issue,FALSE
frame847__s304918,C:/R_projects/spat_1f_noise/processed_feed\rep65\processed_rep65__cam4_s304918_rank847.jpg,processed_rep65__cam4_s304918_rank847.jpg,TRUE,rep65,cam4,304918,847,0.9928026795387268,891.08795166015625,757.35406494140625,1.1970396041870117,887.3436279296875,798.577880859375,0.03198408707976341,878.60662841796875,844.798583984375,0.031204594299197197,885.8438409311348,799.0082444228904,2062.5,1000,1000,FALSE,FALSE,-1.0950408266958853,no issue,FALSE
frame848__s305278,C:/R_projects/spat_1f_noise/processed_feed\rep65\processed_rep65__cam4_s305278_rank848.jpg,processed_rep65__cam4_s305278_rank848.jpg,TRUE,rep65,cam4,305278,848,0.9939979314804076,890.035400390625,756.3948974609375,0.09428174048662186,888.80908203125,798.68310546875,0.027999859303236008,880.224609375,843.4588623046875,0.028453132137656212,885.8827313211282,799.9302325581396,2019.5,1000,1000,FALSE,FALSE,-1.578467925123805,no issue,FALSE
frame849__s305639,C:/R_projects/spat_1f_noise/processed_feed\rep65\processed_rep65__cam4_s305639_rank849.jpg,processed_rep65__cam4_s305639_rank849.jpg,TRUE,rep65,cam4,305639,849,0.9919140338897704,889.774169921875,755.9110107421875,0.07458595931529999,887.3248291015625,798.10943603515625,0.030726918950676918,879.976806640625,842.79022216796875,0.02794516086578369,885.9597189695551,797.9737704918033,2136,1000,1000,FALSE,FALSE,-0.34793607305612323,no issue,FALSE
frame850__s305999,C:/R_projects/spat_1f_noise/processed_feed\rep65\processed_rep65__cam4_s305999_rank850.jpg,processed_rep65__cam4_s305999_rank850.jpg,TRUE,rep65,cam4,305999,850,0.9929942488670348,887.861572265625,755.8935546875,0.16707701981067657,887.861572265625,795.76239013671875,0.03776731714606285,880.565185546875,843.1065673828125,0.02813163958489895,885.2791380999021,799.5582761998041,2043,1000,1000,FALSE,FALSE,-1.3076500717616186,no issue,FALSE
frame851__s306359,C:/R_projects/spat_1f_noise/processed_feed\rep65\processed_rep65__cam4_s306359_rank851.jpg,processed_rep65__cam4_s306359_rank851.jpg,TRUE,rep65,cam4,306359,851,0.9928510189056396,890.02874755859375,753.89215087890625,0.05058356374502182,887.53656005859375,796.2218017578125,0.03562551364302635,878.813720703125,843.53125,0.032146889716386795,885.9415614773259,797.0635811126695,2140,1000,1000,FALSE,FALSE,-0.2306605114006453,no issue,FALSE
frame852__s306720,C:/R_projects/spat_1f_noise/processed_feed\rep65\processed_rep65__cam4_s306720_rank852.jpg,processed_rep65__cam4_s306720_rank852.jpg,TRUE,rep65,cam4,306720,852,0.9886217713356018,888.48455810546875,754.9810791015625,0.38016125559806824,888.48455810546875,795.86358642578125,0.024556709453463554,879.82427978515625,842.9404296875,0.029795018956065178,885.177953534355,800.1468116658428,2023.5,1000,1000,FALSE,FALSE,-1.5242472260164341,no issue,FALSE
frame853__s307080,C:/R_projects/spat_1f_noise/processed_feed\rep65\processed_rep65__cam4_s307080_rank853.jpg,processed_rep65__cam4_s307080_rank853.jpg,TRUE,rep65,cam4,307080,853,0.9949488639831544,888.3861083984375,753.7296142578125,0.12273386120796204,888.3861083984375,795.9088134765625,0.027872234582901,879.8253173828125,844.29083251953125,0.031554438173770905,885.0204567078972,799.4058039961941,2104,1000,1000,FALSE,FALSE,-0.603430947468617,no issue,FALSE
frame854__s307441,C:/R_projects/spat_1f_noise/processed_feed\rep65\processed_rep65__cam4_s307441_rank854.jpg,processed_rep65__cam4_s307441_rank854.jpg,TRUE,rep65,cam4,307441,854,0.9932788014411926,888.35260009765625,756.0714111328125,0.07226872444152832,888.35260009765625,796.947509765625,0.030340053141117096,879.6488037109375,844.016845703125,0.028744706884026527,885.2092457420924,798.7474452554744,2057.5,1000,1000,FALSE,FALSE,-1.1464627002788585,no issue,FALSE
frame855__s307801,C:/R_projects/spat_1f_noise/processed_feed\rep65\processed_rep65__cam4_s307801_rank855.jpg,processed_rep65__cam4_s307801_rank855.jpg,TRUE,rep65,cam4,307801,855,0.9935064315795898,888.44573974609375,744.43896484375,0.03293314576148987,888.44573974609375,796.4403076171875,0.037379875779151917,881.23651123046875,841.0128173828125,0.027056122198700905,885.9889094269871,796.0512939001849,2165.5,1000,1000,FALSE,FALSE,0.1375655669103552,no issue,FALSE
frame856__s308162,C:/R_projects/spat_1f_noise/processed_feed\rep65\processed_rep65__cam4_s308162_rank856.jpg,processed_rep65__cam4_s308162_rank856.jpg,TRUE,rep65,cam4,308162,856,0.9954481720924376,869.64361572265625,855.3985595703125,0.04800323024392128,883.28485107421875,806.93896484375,0.06647411733865738,879.56451416015625,844.215576171875,0.03060176968574524,885.3411306042885,798.2261208576998,2053.5,1000,1000,FALSE,FALSE,-1.1338946065255584,no issue,FALSE
frame857__s308522,C:/R_projects/spat_1f_noise/processed_feed\rep65\processed_rep65__cam4_s308522_rank857.jpg,processed_rep65__cam4_s308522_rank857.jpg,TRUE,rep65,cam4,308522,857,0.995142698287964,888.94970703125,747.45721435546875,0.03339169919490814,886.52679443359375,813.04229736328125,0.03445557504892349,879.25787353515625,843.97857666015625,0.030780311673879623,885.4550724637681,798.519806763285,2069.5,1000,1000,FALSE,FALSE,-0.9694187535335678,no issue,FALSE
frame858__s308882,C:/R_projects/spat_1f_noise/processed_feed\rep65\processed_rep65__cam4_s308882_rank858.jpg,processed_rep65__cam4_s308882_rank858.jpg,TRUE,rep65,cam4,308882,858,0.994461178779602,888.4490966796875,752.7138671875,0.19475826621055603,887.19940185546875,794.86505126953125,0.028292153030633926,879.701416015625,843.2149658203125,0.03069339506328106,885.2902284880895,798.9586776859504,2058,1000,1000,FALSE,FALSE,-1.085102786668123,no issue,FALSE
frame859__s309243,C:/R_projects/spat_1f_noise/processed_feed\rep65\processed_rep65__cam4_s309243_rank859.jpg,processed_rep65__cam4_s309243_rank859.jpg,TRUE,rep65,cam4,309243,859,0.99499773979187,891.3388671875,744.6661376953125,0.035732701420784,887.7279052734375,798.261474609375,0.03608649596571922,878.0985107421875,844.37841796875,0.030959270894527435,886.081908190819,795.6237623762377,2223,1000,1000,FALSE,FALSE,0.49585507199180023,no issue,FALSE
frame860__s309603,C:/R_projects/spat_1f_noise/processed_feed\rep65\processed_rep65__cam4_s309603_rank860.jpg,processed_rep65__cam4_s309603_rank860.jpg,TRUE,rep65,cam4,309603,860,0.9945111274719238,888.610595703125,750.643310546875,0.12911538779735565,886.14654541015625,804.02838134765625,1.225985050201416,879.9864501953125,842.51531982421875,0.03220335766673088,885.5548780487804,795.3874296435272,2134.5,1000,1000,FALSE,FALSE,-0.373705853125467,no issue,FALSE
frame861__s309964,C:/R_projects/spat_1f_noise/processed_feed\rep65\processed_rep65__cam4_s309964_rank861.jpg,processed_rep65__cam4_s309964_rank861.jpg,TRUE,rep65,cam4,309964,861,0.9943460822105408,888.5440673828125,745.0968017578125,0.04127314314246178,886.05987548828125,805.935546875,0.11678134649991989,881.09161376953125,841.9420166015625,0.028815049678087234,885.3325892857143,795.2125,2243,1000,1000,FALSE,FALSE,0.6833741717632111,no issue,FALSE
frame862__s310324,C:/R_projects/spat_1f_noise/processed_feed\rep65\processed_rep65__cam4_s310324_rank862.jpg,processed_rep65__cam4_s310324_rank862.jpg,TRUE,rep65,cam4,310324,862,0.9953302145004272,889.75531005859375,739.20892333984375,0.04446256905794144,888.51220703125,794.0557861328125,0.05492202192544937,881.05352783203125,842.66998291015625,0.028512198477983475,886.414907367514,792.3395088323998,2324.5,1000,1000,FALSE,FALSE,1.4192597858054044,no issue,FALSE
frame863__s310685,C:/R_projects/spat_1f_noise/processed_feed\rep65\processed_rep65__cam4_s310685_rank863.jpg,processed_rep65__cam4_s310685_rank863.jpg,TRUE,rep65,cam4,310685,863,0.995866060256958,886.81121826171875,742.8726806640625,0.05657379329204559,888.03680419921875,796.10711669921875,0.037542641162872314,880.68353271484375,841.9134521484375,0.03080744482576847,885.1713636363636,793.7227272727273,2203.5,1000,1000,FALSE,FALSE,0.2023294174273469,no issue,FALSE
frame864__s311045,C:/R_projects/spat_1f_noise/processed_feed\rep65\processed_rep65__cam4_s311045_rank864.jpg,processed_rep65__cam4_s311045_rank864.jpg,TRUE,rep65,cam4,311045,864,0.9952902793884276,886.84698486328125,745.05242919921875,0.052953142672777176,888.04803466796875,797.17657470703125,0.03412600979208946,879.640869140625,843.095458984375,0.02815820835530758,884.607476635514,794.7222963951936,2252.5,1000,1000,FALSE,FALSE,0.6635325876254885,no issue,FALSE
frame865__s311405,C:/R_projects/spat_1f_noise/processed_feed\rep65\processed_rep65__cam4_s311405_rank865.jpg,processed_rep65__cam4_s311405_rank865.jpg,TRUE,rep65,cam4,311405,865,0.9953964352607728,887.1844482421875,743.91241455078125,0.0584803968667984,885.9444580078125,805.0982666015625,0.2741275131702423,880.98443603515625,841.310302734375,0.03371459245681763,885.451810061119,794.789844851904,2130.5,1000,1000,FALSE,FALSE,-0.6494316498530902,no issue,FALSE
frame866__s311766,C:/R_projects/spat_1f_noise/processed_feed\rep65\processed_rep65__cam4_s311766_rank866.jpg,processed_rep65__cam4_s311766_rank866.jpg,TRUE,rep65,cam4,311766,866,0.9956336617469788,886.583251953125,742.13446044921875,0.04461035504937172,887.808837890625,796.76513671875,0.0446690209209919,879.229736328125,842.70452880859375,0.0328250527381897,884.8871866295265,794.1559888579387,2160.5,1000,1000,FALSE,FALSE,-0.4487394368296004,no issue,FALSE
frame867__s312126,C:/R_projects/spat_1f_noise/processed_feed\rep65\processed_rep65__cam4_s312126_rank867.jpg,processed_rep65__cam4_s312126_rank867.jpg,TRUE,rep65,cam4,312126,867,0.9941100478172302,889.00933837890625,741.3321533203125,0.04605378210544586,887.807373046875,795.04449462890625,0.03468450531363487,880.5958251953125,841.2620849609375,0.03178718313574791,885.5306762203314,793.896999552172,2233,1000,1000,FALSE,FALSE,0.2355193442948366,no issue,FALSE
frame868__s312486,C:/R_projects/spat_1f_noise/processed_feed\rep65\processed_rep65__cam4_s312486_rank868.jpg,processed_rep65__cam4_s312486_rank868.jpg,TRUE,rep65,cam4,312486,868,0.9923639297485352,889.6812744140625,753.6705322265625,0.04117276519536972,885.99725341796875,803.6248779296875,0.1880500763654709,882.313232421875,843.58837890625,0.036929305642843246,885.8746478873239,797.8835680751174,2128.5,1000,1000,FALSE,FALSE,-0.9331643594559877,no issue,FALSE
frame869__s312847,C:/R_projects/spat_1f_noise/processed_feed\rep65\processed_rep65__cam4_s312847_rank869.jpg,processed_rep65__cam4_s312847_rank869.jpg,TRUE,rep65,cam4,312847,869,0.9925073981285096,889.47906494140625,740.73272705078125,0.03307076171040535,884.52490234375,799.1651611328125,0.2801932394504547,882.04779052734375,843.921875,0.03793695196509361,884.9129454217411,794.4930085701399,2219,1000,1000,FALSE,FALSE,0.012397706979280724,no issue,FALSE
frame870__s313207,C:/R_projects/spat_1f_noise/processed_feed\rep65\processed_rep65__cam4_s313207_rank870.jpg,processed_rep65__cam4_s313207_rank870.jpg,TRUE,rep65,cam4,313207,870,0.9903870224952698,886.1199951171875,748.41485595703125,0.17576481401920319,884.92156982421875,800.7994384765625,2.325640916824341,882.52471923828125,843.20587158203125,0.033043697476387024,884.090034965035,793.7972027972028,2292.5,1000,1000,FALSE,FALSE,0.792778837149513,no issue,FALSE
frame871__s313568,C:/R_projects/spat_1f_noise/processed_feed\rep65\processed_rep65__cam4_s313568_rank871.jpg,processed_rep65__cam4_s313568_rank871.jpg,TRUE,rep65,cam4,313568,871,0.9926562905311584,886.99163818359375,738.74908447265625,0.04562157392501831,884.5809326171875,794.73480224609375,0.38314804434776306,882.17010498046875,842.0115966796875,0.033795591443777084,884.4511993382961,790.5922249793217,2418.5,1000,1000,FALSE,FALSE,2.2411143957176636,too big,FALSE
frame872__s313928,C:/R_projects/spat_1f_noise/processed_feed\rep65\processed_rep65__cam4_s313928_rank872.jpg,processed_rep65__cam4_s313928_rank872.jpg,TRUE,rep65,cam4,313928,872,0.9898865222930908,881.92254638671875,745.4783935546875,0.28698208928108215,884.33966064453125,798.9945068359375,1.935268759727478,883.131103515625,842.55419921875,0.02711055614054203,883.0947641713544,791.8823020337517,2320.5,1000,1000,FALSE,FALSE,1.103279858980446,no issue,FALSE
frame873__s314289,C:/R_projects/spat_1f_noise/processed_feed\rep65\processed_rep65__cam4_s314289_rank873.jpg,processed_rep65__cam4_s314289_rank873.jpg,TRUE,rep65,cam4,314289,873,0.9905806183815002,882.8355712890625,746.45111083984375,0.10988077521324158,884.08203125,796.38555908203125,0.7847142815589905,882.8355712890625,841.32659912109375,0.025154002010822296,882.8905141843971,792.0797872340426,2265,1000,1000,FALSE,FALSE,0.4210883001658127,no issue,FALSE
frame874__s314649,C:/R_projects/spat_1f_noise/processed_feed\rep65\processed_rep65__cam4_s314649_rank874.jpg,processed_rep65__cam4_s314649_rank874.jpg,TRUE,rep65,cam4,314649,874,0.9907163381576538,882.36663818359375,746.7220458984375,0.18506047129631042,884.79339599609375,799.00335693359375,0.25998637080192566,883.58001708984375,842.57110595703125,0.031971562653779984,882.9363756033348,793.2518648530057,2287.5,1000,1000,FALSE,FALSE,0.6155609929965892,no issue,FALSE
frame875__s315009,C:/R_projects/spat_1f_noise/processed_feed\rep65\processed_rep65__cam4_s315009_rank875.jpg,processed_rep65__cam4_s315009_rank875.jpg,TRUE,rep65,cam4,315009,875,0.9905235171318054,882.723876953125,746.583984375,0.04291865974664688,885.14739990234375,800.14617919921875,0.613209068775177,882.723876953125,841.2520751953125,0.028910242021083832,882.8174568010634,793.5143996455472,2265,1000,1000,FALSE,FALSE,0.4579666738678441,no issue,FALSE
frame876__s315370,C:/R_projects/spat_1f_noise/processed_feed\rep65\processed_rep65__cam4_s315370_rank876.jpg,processed_rep65__cam4_s315370_rank876.jpg,TRUE,rep65,cam4,315370,876,0.986588180065155,882.30987548828125,750.0584716796875,0.5586783289909363,884.73602294921875,794.63916015625,1.9865171909332275,883.52294921875,840.4581298828125,0.02854037843644619,882.9261261261262,793.3225225225225,2229.5,1000,1000,FALSE,FALSE,0.25158473772254974,no issue,FALSE
frame877__s315730,C:/R_projects/spat_1f_noise/processed_feed\rep65\processed_rep65__cam4_s315730_rank877.jpg,processed_rep65__cam4_s315730_rank877.jpg,TRUE,rep65,cam4,315730,877,0.9903197884559632,881.2960205078125,750.71649169921875,0.05340239033102989,886.07958984375,800.4996337890625,0.23042380809783936,882.491943359375,841.57073974609375,0.027734389528632164,882.8107507774323,792.9235895157708,2260,1000,1000,FALSE,FALSE,0.4914297353609868,no issue,FALSE
frame878__s316091,C:/R_projects/spat_1f_noise/processed_feed\rep65\processed_rep65__cam4_s316091_rank878.jpg,processed_rep65__cam4_s316091_rank878.jpg,TRUE,rep65,cam4,316091,878,0.990752100944519,882.3642578125,748.05535888671875,0.29133716225624084,884.77667236328125,800.393310546875,0.04525047913193703,882.3642578125,841.5159912109375,0.029031898826360703,882.9066183136899,794.3921124206709,2214,1000,1000,FALSE,FALSE,0.2965405373187279,no issue,FALSE
frame879__s316451,C:/R_projects/spat_1f_noise/processed_feed\rep65\processed_rep65__cam4_s316451_rank879.jpg,processed_rep65__cam4_s316451_rank879.jpg,TRUE,rep65,cam4,316451,879,0.9909045100212096,882.294189453125,752.407470703125,0.5741299986839294,884.713623046875,802.04217529296875,1.396157145500183,882.294189453125,842.99072265625,0.032255180180072784,882.8799816765918,795.7352267521759,2190.5,1000,1000,FALSE,FALSE,0.19549176948615588,no issue,FALSE
frame880__s316812,C:/R_projects/spat_1f_noise/processed_feed\rep65\processed_rep65__cam4_s316812_rank880.jpg,processed_rep65__cam4_s316812_rank880.jpg,TRUE,rep65,cam4,316812,880,0.9914618730545044,879.392822265625,735.75408935546875,0.027487268671393394,884.361083984375,794.49102783203125,0.5118469595909119,883.1190185546875,841.9805908203125,0.03279278054833412,882.6049116760017,792.6389487289961,2329,1000,1000,FALSE,FALSE,1.0122397682185942,no issue,FALSE
frame881__s317172,C:/R_projects/spat_1f_noise/processed_feed\rep65\processed_rep65__cam4_s317172_rank881.jpg,processed_rep65__cam4_s317172_rank881.jpg,TRUE,rep65,cam4,317172,881,0.9936314225196838,880.8446044921875,733.43621826171875,0.02904597297310829,884.4903564453125,796.923095703125,0.4737394154071808,883.275146484375,842.982177734375,0.03371235355734825,882.9778723404255,792.9906382978724,2357.5,1000,1000,FALSE,FALSE,1.0904191349363945,no issue,FALSE
frame882__s317532,C:/R_projects/spat_1f_noise/processed_feed\rep65\processed_rep65__cam4_s317532_rank882.jpg,processed_rep65__cam4_s317532_rank882.jpg,TRUE,rep65,cam4,317532,882,0.9921324849128724,881.42034912109375,734.353515625,0.027770405635237694,885.122314453125,798.7919921875,1.9013396501541138,882.65435791015625,842.16400146484375,0.03161480650305748,883.195432586737,792.0377689942908,2284.5,1000,1000,FALSE,FALSE,0.6600979052190551,no issue,FALSE
frame883__s317893,C:/R_projects/spat_1f_noise/processed_feed\rep65\processed_rep65__cam4_s317893_rank883.jpg,processed_rep65__cam4_s317893_rank883.jpg,TRUE,rep65,cam4,317893,883,0.992767333984375,882.3709716796875,749.63262939453125,0.07805071026086807,884.78509521484375,795.6805419921875,0.5647012591362,882.3709716796875,841.728515625,0.030398424714803696,882.8520036429873,793.4230418943533,2203,1000,1000,FALSE,FALSE,0.1897765583697513,no issue,FALSE
frame884__s318253,C:/R_projects/spat_1f_noise/processed_feed\rep65\processed_rep65__cam4_s318253_rank884.jpg,processed_rep65__cam4_s318253_rank884.jpg,TRUE,rep65,cam4,318253,884,0.9928900003433228,879.8616943359375,735.54803466796875,0.02567380480468273,884.7652587890625,801.4388427734375,0.12429417669773102,883.53936767578125,841.221923828125,0.02860094979405403,882.8627992633518,794.5824125230203,2180.5,1000,1000,FALSE,FALSE,0.018487153691664676,no issue,FALSE
frame885__s318614,C:/R_projects/spat_1f_noise/processed_feed\rep65\processed_rep65__cam4_s318614_rank885.jpg,processed_rep65__cam4_s318614_rank885.jpg,TRUE,rep65,cam4,318614,885,0.9932001233100892,878.44921875,732.16973876953125,0.026777854189276695,884.6077880859375,799.383544921875,0.7761847376823425,882.1444091796875,844.19281005859375,0.03240033611655235,882.7170231729056,792.969696969697,2252,1000,1000,FALSE,FALSE,0.3360099492325089,no issue,FALSE
frame886__s318974,C:/R_projects/spat_1f_noise/processed_feed\rep65\processed_rep65__cam4_s318974_rank886.jpg,processed_rep65__cam4_s318974_rank886.jpg,TRUE,rep65,cam4,318974,886,0.9907568097114564,915.306640625,756.7635498046875,0.05110391229391098,890.408203125,812.675048828125,6.705760955810547,880.44873046875,843.7369384765625,0.06870047748088837,892.9193763919822,801.3875278396437,2244,1000,1000,FALSE,FALSE,0.2828241496508325,no issue,FALSE
frame887__s319335,C:/R_projects/spat_1f_noise/processed_feed\rep65\processed_rep65__cam4_s319335_rank887.jpg,processed_rep65__cam4_s319335_rank887.jpg,TRUE,rep65,cam4,319335,887,0.9984381794929504,921.191650390625,784.13641357421875,0.06259254366159439,885.37664794921875,802.83935546875,0.05291932448744774,873.0267333984375,843.98583984375,0.05587955191731453,889.2982541222115,807.5431619786615,2069,1000,1000,FALSE,FALSE,-0.5718810928530057,no issue,FALSE
frame888__s319695,C:/R_projects/spat_1f_noise/processed_feed\rep65\processed_rep65__cam4_s319695_rank888.jpg,processed_rep65__cam4_s319695_rank888.jpg,TRUE,rep65,cam4,319695,888,0.9976250529289246,914.093017578125,778.9642333984375,0.061828091740608215,880.94122314453125,816.0614013671875,0.17044520378112793,874.802001953125,843.2659912109375,0.053876470774412155,886.45796460177,808.9358407079646,1812,1000,1000,FALSE,FALSE,-1.678028123464471,no issue,FALSE
frame889__s320055,C:/R_projects/spat_1f_noise/processed_feed\rep65\processed_rep65__cam4_s320055_rank889.jpg,processed_rep65__cam4_s320055_rank889.jpg,TRUE,rep65,cam4,320055,889,0.9980870485305786,914.3121337890625,776.21697998046875,0.0688466876745224,883.1654052734375,817.4083251953125,0.09402560442686081,874.4444580078125,843.6209716796875,0.0536811500787735,887.6837160751566,806.2327766179541,1920,1000,1000,FALSE,FALSE,-1.1014987909001246,no issue,FALSE
frame890__s320416,C:/R_projects/spat_1f_noise/processed_feed\rep65\processed_rep65__cam4_s320416_rank890.jpg,processed_rep65__cam4_s320416_rank890.jpg,TRUE,rep65,cam4,320416,890,0.9965274930000304,909.882080078125,773.8277587890625,0.05336377024650574,883.73175048828125,819.5263671875,13.532130241394043,875.0150146484375,844.2283935546875,0.053618453443050385,885.8989955357143,808.0022321428571,1794,1000,1000,FALSE,FALSE,-1.5256091760545538,no issue,FALSE
frame891__s320776,C:/R_projects/spat_1f_noise/processed_feed\rep65\processed_rep65__cam4_s320776_rank891.jpg,processed_rep65__cam4_s320776_rank891.jpg,TRUE,rep65,cam4,320776,891,0.99601811170578,906.8489990234375,773.706787109375,0.04659644141793251,885.60784912109375,819.829833984375,0.21099984645843506,875.612060546875,843.5146484375,0.0510452538728714,886.3781232648529,807.0277623542477,1803,1000,1000,FALSE,FALSE,-1.4743711259470282,no issue,FALSE
frame892__s321137,C:/R_projects/spat_1f_noise/processed_feed\rep65\processed_rep65__cam4_s321137_rank892.jpg,processed_rep65__cam4_s321137_rank892.jpg,TRUE,rep65,cam4,321137,892,0.994231641292572,906.6978759765625,772.08551025390625,0.051937270909547806,885.924560546875,818.02435302734375,0.8016666769981384,876.1488037109375,842.856201171875,0.05348948761820793,886.1262872628727,806.4569105691057,1846.5,1000,1000,FALSE,FALSE,-1.294300904782657,no issue,FALSE
frame893__s321497,C:/R_projects/spat_1f_noise/processed_feed\rep65\processed_rep65__cam4_s321497_rank893.jpg,processed_rep65__cam4_s321497_rank893.jpg,TRUE,rep65,cam4,321497,893,0.9958784580230712,906.8997802734375,769.94354248046875,0.05288223922252655,884.44775390625,814.66607666015625,4.6272101402282715,875.7164306640625,841.9964599609375,0.053780537098646164,886.6935571196535,804.9036275040606,1846.5,1000,1000,FALSE,FALSE,-1.297622557047222,no issue,FALSE
frame894__s321858,C:/R_projects/spat_1f_noise/processed_feed\rep65\processed_rep65__cam4_s321858_rank894.jpg,processed_rep65__cam4_s321858_rank894.jpg,TRUE,rep65,cam4,321858,894,0.9961392283439636,916.3177490234375,760.74737548828125,0.07180263847112656,887.9349365234375,810.449951171875,0.6892839670181274,878.06268310546875,840.271484375,0.06390361487865448,890.730921704658,799.7918731417245,2017.5,1000,1000,FALSE,FALSE,-0.6184148890204176,no issue,FALSE
frame895__s322218,C:/R_projects/spat_1f_noise/processed_feed\rep65\processed_rep65__cam4_s322218_rank895.jpg,processed_rep65__cam4_s322218_rank895.jpg,TRUE,rep65,cam4,322218,895,0.9977983832359314,915.93499755859375,762.2728271484375,0.07456810772418976,889.975830078125,803.325439453125,0.06738007813692093,878.8504638671875,833.181884765625,0.24149903655052185,890.9364599092285,799.5995965708522,1984,1000,1000,FALSE,FALSE,-0.7282425199257737,no issue,FALSE
frame896__s322578,C:/R_projects/spat_1f_noise/processed_feed\rep65\processed_rep65__cam4_s322578_rank896.jpg,processed_rep65__cam4_s322578_rank896.jpg,TRUE,rep65,cam4,322578,896,0.9919750094413756,912.66015625,743.677734375,0.08454915136098862,895.3642578125,797.3087158203125,0.08674345165491104,879.3038330078125,842.208984375,0.0410863421857357,894.6124322069253,793.3587818105966,2395.5,1000,1000,FALSE,FALSE,0.9436940463943078,no issue,FALSE
frame897__s322939,C:/R_projects/spat_1f_noise/processed_feed\rep65\processed_rep65__cam4_s322939_rank897.jpg,processed_rep65__cam4_s322939_rank897.jpg,TRUE,rep65,cam4,322939,897,0.9987847208976746,937.14593505859375,769.5250244140625,0.09092379361391068,888.9859619140625,796.8385009765625,0.07531438022851944,874.16754150390625,840.29180908203125,0.08755291998386383,895.823402417962,798.0928324697754,2320,1000,1000,FALSE,FALSE,0.6940401698364076,no issue,FALSE
frame898__s323299,C:/R_projects/spat_1f_noise/processed_feed\rep65\processed_rep65__cam4_s323299_rank898.jpg,processed_rep65__cam4_s323299_rank898.jpg,TRUE,rep65,cam4,323299,898,0.9985650181770324,931.71923828125,757.55804443359375,0.1036660224199295,889.55413818359375,794.9952392578125,0.12267362326383591,882.1131591796875,827.44085693359375,0.10676278918981552,895.422757475083,794.2230066445183,2411.5,1000,1000,FALSE,FALSE,1.0760887282129836,no issue,FALSE
frame899__s323660,C:/R_projects/spat_1f_noise/processed_feed\rep65\processed_rep65__cam4_s323660_rank899.jpg,processed_rep65__cam4_s323660_rank899.jpg,TRUE,rep65,cam4,323660,899,0.9985853433609008,934.77288818359375,751.4349365234375,0.1310213953256607,892.619873046875,794.8773193359375,0.14415724575519562,881.46173095703125,825.9075927734375,0.07545755803585052,897.5816993464052,791.5784313725491,2449.5,1000,1000,FALSE,FALSE,1.2499203488190664,no issue,FALSE
frame900__s324020,C:/R_projects/spat_1f_noise/processed_feed\rep65\processed_rep65__cam4_s324020_rank900.jpg,processed_rep65__cam4_s324020_rank900.jpg,TRUE,rep65,cam4,324020,900,0.9985191226005554,932.8052978515625,752.15826416015625,0.11184416711330414,894.28765869140625,794.34967041015625,0.1297297179698944,875.6500244140625,837.78192138671875,0.0833231508731842,897.7242374278648,792.4352844187964,2426.5,1000,1000,FALSE,FALSE,1.176911348210633,no issue,FALSE
frame901__s324381,C:/R_projects/spat_1f_noise/processed_feed\rep65\processed_rep65__cam4_s324381_rank901.jpg,processed_rep65__cam4_s324381_rank901.jpg,TRUE,rep65,cam4,324381,901,0.9957846999168396,910.37322998046875,736.329833984375,0.08302130550146103,893.15087890625,793.4290771484375,0.08881600946187973,885.7698974609375,830.66778564453125,0.6514334082603455,892.5532544378698,789.0194420963652,2365.5,1000,1000,FALSE,FALSE,0.9684354719214615,no issue,FALSE
frame902__s324741,C:/R_projects/spat_1f_noise/processed_feed\rep65\processed_rep65__cam4_s324741_rank902.jpg,processed_rep65__cam4_s324741_rank902.jpg,TRUE,rep65,cam4,324741,902,0.9984071850776672,852.2987060546875,742.54736328125,0.13237327337265015,891.85308837890625,786.03082275390625,0.14341454207897186,890.61700439453125,833.2413330078125,0.06929689645767212,882.1703039750585,782.3889321901793,2567.5,1000,1000,FALSE,FALSE,1.795039378944769,no issue,FALSE
frame903__s325101,C:/R_projects/spat_1f_noise/processed_feed\rep65\processed_rep65__cam4_s325101_rank903.jpg,processed_rep65__cam4_s325101_rank903.jpg,TRUE,rep65,cam4,325101,903,0.938527762889862,885.79052734375,825.6236572265625,4.482514381408691,869.625,781.01385498046875,0.013162138871848583,869.625,819.42779541015625,0.023448197171092033,879.4553408676632,793.8487057965731,2742,1000,1000,FALSE,FALSE,2.4228195404875668,too big,FALSE
frame904__s325462,C:/R_projects/spat_1f_noise/processed_feed\rep65\processed_rep65__cam4_s325462_rank904.jpg,processed_rep65__cam4_s325462_rank904.jpg,TRUE,rep65,cam4,325462,904,0.9957852959632874,892.509521484375,808.6146240234375,0.03065481409430504,880.094970703125,762.6773681640625,0.09736296534538269,863.9560546875,757.711181640625,0.10549863427877426,884.9623477297896,777.8089700996678,1799.5,1000,1000,FALSE,FALSE,-1.316845772612236,no issue,FALSE
frame905__s325822,C:/R_projects/spat_1f_noise/processed_feed\rep65\processed_rep65__cam4_s325822_rank905.jpg,processed_rep65__cam4_s325822_rank905.jpg,TRUE,rep65,cam4,325822,905,0.9971574544906616,918.8326416015625,814.40643310546875,0.038646090775728226,897.86065673828125,754.936767578125,0.2923817038536072,911.43072509765625,741.3082275390625,0.06855998933315277,893.8031032637774,771.3461744248261,1870.5,1000,1000,FALSE,FALSE,-1.0973261938855583,no issue,FALSE
frame906__s326183,C:/R_projects/spat_1f_noise/processed_feed\rep65\processed_rep65__cam4_s326183_rank906.jpg,processed_rep65__cam4_s326183_rank906.jpg,TRUE,rep65,cam4,326183,906,0.9970465302467346,877.95037841796875,815.91790771484375,0.02349689044058323,889.1082763671875,768.80279541015625,0.03978542983531952,916.3831787109375,732.84661865234375,0.06580813229084015,895.374060150376,767.7730263157895,2127.5,1000,1000,FALSE,FALSE,-0.21412661643955502,no issue,FALSE
frame907__s326543,C:/R_projects/spat_1f_noise/processed_feed\rep65\processed_rep65__cam4_s326543_rank907.jpg,processed_rep65__cam4_s326543_rank907.jpg,TRUE,rep65,cam4,326543,907,0.997445583343506,877.433349609375,815.3531494140625,0.01982753537595272,888.6680908203125,765.95086669921875,0.058619171380996704,919.8756103515625,730.1341552734375,0.12743450701236725,895.6847926267282,764.7046082949308,2174,1000,1000,FALSE,FALSE,-0.13285380641936548,no issue,FALSE
frame908__s326904,C:/R_projects/spat_1f_noise/processed_feed\rep65\processed_rep65__cam4_s326904_rank908.jpg,processed_rep65__cam4_s326904_rank908.jpg,TRUE,rep65,cam4,326904,908,0.9962594509124756,892.83575439453125,804.683349609375,0.046355072408914566,887.85650634765625,767.3863525390625,0.06581992655992508,915.24224853515625,725.116455078125,0.113036148250103,894.8913873568096,764.4492999575732,2358.5,1000,1000,FALSE,FALSE,0.49562938915546206,no issue,FALSE
frame909__s327264,C:/R_projects/spat_1f_noise/processed_feed\rep65\processed_rep65__cam4_s327264_rank909.jpg,processed_rep65__cam4_s327264_rank909.jpg,TRUE,rep65,cam4,327264,909,0.99684876203537,888.01849365234375,807.05877685546875,0.026324588805437088,885.5745849609375,771.1571044921875,0.06269671767950058,912.457763671875,725.35150146484375,0.07228871434926987,893.0409356725146,764.8313090418353,2222,1000,1000,FALSE,FALSE,-0.12431283193196913,no issue,FALSE
frame910__s327624,C:/R_projects/spat_1f_noise/processed_feed\rep65\processed_rep65__cam4_s327624_rank910.jpg,processed_rep65__cam4_s327624_rank910.jpg,TRUE,rep65,cam4,327624,910,0.9971919655799866,911.86920166015625,814.4407958984375,0.019166134297847748,883.4771728515625,771.985595703125,0.05382975563406944,905.697021484375,728.2818603515625,0.04246024414896965,890.8296514482081,766.2675503190967,2035,1000,1000,FALSE,FALSE,-0.9100012377057387,no issue,FALSE
frame911__s327985,C:/R_projects/spat_1f_noise/processed_feed\rep65\processed_rep65__cam4_s327985_rank911.jpg,processed_rep65__cam4_s327985_rank911.jpg,TRUE,rep65,cam4,327985,911,0.9974664449691772,903.1688232421875,726.92144775390625,0.04103969410061836,887.08648681640625,773.94232177734375,0.05219097435474396,890.7977294921875,806.114501953125,0.02947891317307949,890.389085396665,768.2546740778171,1978,1000,1000,FALSE,FALSE,-1.1860499596613938,no issue,FALSE
frame912__s328345,C:/R_projects/spat_1f_noise/processed_feed\rep65\processed_rep65__cam4_s328345_rank912.jpg,processed_rep65__cam4_s328345_rank912.jpg,TRUE,rep65,cam4,328345,912,0.997073769569397,891.037353515625,801.98248291015625,0.19547486305236816,884.885986328125,773.24884033203125,0.04774830862879753,902.10992431640625,728.2744140625,0.046422142535448074,890.1101145989038,767.949177877429,2006.5,1000,1000,FALSE,FALSE,-1.0378377704778736,no issue,FALSE
frame913__s328706,C:/R_projects/spat_1f_noise/processed_feed\rep65\processed_rep65__cam4_s328706_rank913.jpg,processed_rep65__cam4_s328706_rank913.jpg,TRUE,rep65,cam4,328706,913,0.9965550899505616,907.39288330078125,716.50323486328125,0.056921277195215225,884.05615234375,767.4771728515625,0.059050723910331726,891.42572021484375,807.26171875,0.037389062345027924,891.0183066361556,764.3734553775744,2181.5,1000,1000,FALSE,FALSE,-0.3650968511862753,no issue,FALSE
frame914__s329066,C:/R_projects/spat_1f_noise/processed_feed\rep65\processed_rep65__cam4_s329066_rank914.jpg,processed_rep65__cam4_s329066_rank914.jpg,TRUE,rep65,cam4,329066,914,0.9947198629379272,903.7332763671875,817.21624755859375,0.01661609299480915,883.86749267578125,772.74383544921875,0.03188750147819519,893.80035400390625,729.5067138671875,0.0308368019759655,888.0661577608142,768.75368956743,1967,1000,1000,FALSE,FALSE,-1.1823524658735194,no issue,FALSE
frame915__s329427,C:/R_projects/spat_1f_noise/processed_feed\rep65\processed_rep65__cam4_s329427_rank915.jpg,processed_rep65__cam4_s329427_rank915.jpg,TRUE,rep65,cam4,329427,915,0.9942432045936584,887.886474609375,808.7552490234375,0.0694274976849556,885.4571533203125,775.092041015625,0.03129126504063606,893.95989990234375,730.20758056640625,0.04895367473363876,888.370887337986,769.784147557328,2005.5,1000,1000,FALSE,FALSE,-1.0384801162284314,no issue,FALSE
frame916__s329787,C:/R_projects/spat_1f_noise/processed_feed\rep65\processed_rep65__cam4_s329787_rank916.jpg,processed_rep65__cam4_s329787_rank916.jpg,TRUE,rep65,cam4,329787,916,0.9970351457595824,886.9271240234375,807.15850830078125,0.08368083089590073,884.52117919921875,774.68353271484375,0.032896336168050766,896.55084228515625,729.7181396484375,0.03660901263356209,889.0926389584376,768.6464697045568,1994.5,1000,1000,FALSE,FALSE,-1.0677321673491904,no issue,FALSE
frame917__s330147,C:/R_projects/spat_1f_noise/processed_feed\rep65\processed_rep65__cam4_s330147_rank917.jpg,processed_rep65__cam4_s330147_rank917.jpg,TRUE,rep65,cam4,330147,917,0.99699866771698,905.20556640625,821.1065673828125,0.014240683056414127,885.46270751953125,773.98687744140625,0.038867462426424026,896.56805419921875,726.86712646484375,0.023373538628220558,890.0130120481928,768.0424096385542,2074,1000,1000,FALSE,FALSE,-0.796853130609112,no issue,FALSE
frame918__s330508,C:/R_projects/spat_1f_noise/processed_feed\rep65\processed_rep65__cam4_s330508_rank918.jpg,processed_rep65__cam4_s330508_rank918.jpg,TRUE,rep65,cam4,330508,918,0.9911258816719056,877.27789306640625,699.27764892578125,0.12830837070941925,889.34149169921875,753.82574462890625,0.1669548898935318,885.722412109375,712.9146728515625,0.03488566726446152,889.4861288945796,758.9543320529236,2341.5,1000,1000,FALSE,FALSE,0.15345640069290054,no issue,FALSE
frame919__s330868,C:/R_projects/spat_1f_noise/processed_feed\rep65\processed_rep65__cam4_s330868_rank919.jpg,processed_rep65__cam4_s330868_rank919.jpg,TRUE,rep65,cam4,330868,919,0.9685954451560974,889.1390380859375,823.68963623046875,0.20915895700454712,877.95220947265625,776.68878173828125,0.012966455891728401,872.98028564453125,826.163330078125,0.04047400504350662,882.1056940826201,796.647562337179,2688.5,1000,1000,FALSE,FALSE,1.4823118211020716,no issue,FALSE
frame920__s331229,C:/R_projects/spat_1f_noise/processed_feed\rep65\processed_rep65__cam4_s331229_rank920.jpg,processed_rep65__cam4_s331229_rank920.jpg,TRUE,rep65,cam4,331229,920,0.9929327964782716,900.0897216796875,818.49365234375,0.17825204133987427,892.66168212890625,793.734130859375,0.03374142944812775,839.4271240234375,775.16448974609375,0.15662707388401031,877.2267946959305,783.7439414723366,2181.5,1000,1000,FALSE,FALSE,-0.47387831277194764,no issue,FALSE
frame921__s331589,C:/R_projects/spat_1f_noise/processed_feed\rep65\processed_rep65__cam4_s331589_rank921.jpg,processed_rep65__cam4_s331589_rank921.jpg,TRUE,rep65,cam4,331589,921,0.9988452196121216,894.32366943359375,818.05615234375,0.1267346292734146,888.1441650390625,778.184326171875,0.06990357488393784,894.32366943359375,818.05615234375,0.5658867359161377,880.5648369132856,769.4765314240254,2515,1000,1000,FALSE,FALSE,0.8102865560857976,no issue,FALSE
frame922__s331949,C:/R_projects/spat_1f_noise/processed_feed\rep65\processed_rep65__cam4_s331949_rank922.jpg,processed_rep65__cam4_s331949_rank922.jpg,TRUE,rep65,cam4,331949,922,0.99889475107193,892.7208251953125,813.19793701171875,0.03772267326712608,886.51171875,772.23504638671875,0.06883277744054794,892.7208251953125,813.19793701171875,1.1237168312072754,880.3384972889233,767.9089852827266,2581,1000,1000,FALSE,FALSE,1.0723155533799997,no issue,FALSE
frame923__s332310,C:/R_projects/spat_1f_noise/processed_feed\rep65\processed_rep65__cam4_s332310_rank923.jpg,processed_rep65__cam4_s332310_rank923.jpg,TRUE,rep65,cam4,332310,923,0.9988731741905212,893.732666015625,816.44403076171875,0.3275768756866455,887.499267578125,774.3453369140625,0.09008829295635223,893.732666015625,816.44403076171875,2.5575475692749023,881.1187250996016,767.5454183266933,2510.5,1000,1000,FALSE,FALSE,0.7720425472572227,no issue,FALSE
frame924__s332670,C:/R_projects/spat_1f_noise/processed_feed\rep65\processed_rep65__cam4_s332670_rank924.jpg,processed_rep65__cam4_s332670_rank924.jpg,TRUE,rep65,cam4,332670,924,0.998653769493103,896.4449462890625,815.377197265625,0.29178503155708313,887.7830810546875,775.6112060546875,0.09781179577112198,896.4449462890625,815.377197265625,5.961668968200684,881.9382524271845,767.851650485437,2576.5,1000,1000,FALSE,FALSE,1.0541713674407336,no issue,FALSE
frame925__s333031,C:/R_projects/spat_1f_noise/processed_feed\rep65\processed_rep65__cam4_s333031_rank925.jpg,processed_rep65__cam4_s333031_rank925.jpg,TRUE,rep65,cam4,333031,925,0.9989374279975892,895.76226806640625,812.3914794921875,0.4722200632095337,888.38494873046875,774.900146484375,0.05428643152117729,863.79388427734375,721.1624755859375,0.11952564120292664,883.5936575052854,768.3175475687103,2364.5,1000,1000,FALSE,FALSE,0.1494237898096715,no issue,FALSE
frame926__s333391,C:/R_projects/spat_1f_noise/processed_feed\rep65\processed_rep65__cam4_s333391_rank926.jpg,processed_rep65__cam4_s333391_rank926.jpg,TRUE,rep65,cam4,333391,926,0.99888414144516,894.46197509765625,817.05780029296875,0.18525849282741547,889.514404296875,778.643798828125,0.05791129171848297,866.0133056640625,726.5989990234375,0.10885749012231827,884.9681093394078,770.867881548975,2195,1000,1000,FALSE,FALSE,-0.590841873123449,no issue,FALSE
frame927__s333751,C:/R_projects/spat_1f_noise/processed_feed\rep65\processed_rep65__cam4_s333751_rank927.jpg,processed_rep65__cam4_s333751_rank927.jpg,TRUE,rep65,cam4,333751,927,0.9957024455070496,897.3717041015625,831.4122314453125,0.023835211992263794,902.357666015625,799.22003173828125,0.0347607359290123,859.97711181640625,776.93310546875,0.05729477480053902,888.8735417638824,790.1740550629958,2140.5,1000,1000,FALSE,FALSE,-0.8409476183689722,no issue,FALSE
frame928__s334112,C:/R_projects/spat_1f_noise/processed_feed\rep65\processed_rep65__cam4_s334112_rank928.jpg,processed_rep65__cam4_s334112_rank928.jpg,TRUE,rep65,cam4,334112,928,0.9941148161888124,899.62518310546875,831.3280029296875,0.030783528462052345,887.15765380859375,774.7535400390625,0.05149587616324425,852.248779296875,811.64990234375,0.07092773169279099,884.2141554177308,793.4622400583729,2741.5,1000,1000,FALSE,FALSE,1.7055655158736025,no issue,FALSE
frame929__s334472,C:/R_projects/spat_1f_noise/processed_feed\rep65\processed_rep65__cam4_s334472_rank929.jpg,processed_rep65__cam4_s334472_rank929.jpg,TRUE,rep65,cam4,334472,929,0.9982671737670898,885.56817626953125,824.03326416015625,0.03889092803001404,899.13970947265625,784.306884765625,0.08455587923526764,958.3609619140625,766.92657470703125,0.14518965780735016,913.2565284178187,782.0499231950845,2605.5,1000,1000,FALSE,FALSE,1.1026519021614838,no issue,FALSE
frame930__s334833,C:/R_projects/spat_1f_noise/processed_feed\rep65\processed_rep65__cam4_s334833_rank930.jpg,processed_rep65__cam4_s334833_rank930.jpg,TRUE,rep65,cam4,334833,930,0.9976373910903932,881.07861328125,826.9466552734375,0.04548529163002968,897.1959228515625,783.1986083984375,0.061512693762779236,952.9864501953125,761.9495849609375,0.14868846535682678,908.8147159740755,781.2603888677087,2627.5,1000,1000,FALSE,FALSE,1.2192614901605485,no issue,FALSE
frame931__s335193,C:/R_projects/spat_1f_noise/processed_feed\rep65\processed_rep65__cam4_s335193_rank931.jpg,processed_rep65__cam4_s335193_rank931.jpg,TRUE,rep65,cam4,335193,931,0.9985552430152892,880.8719482421875,821.0118408203125,0.05158199369907379,895.74493408203125,791.17767333984375,0.10915077477693558,976.3070068359375,778.7467041015625,0.12897171080112457,921.0443967060509,785.1546723952739,2799,1000,1000,TRUE,FALSE,2.0471099217346906,too big,FALSE
frame932__s335554,C:/R_projects/spat_1f_noise/processed_feed\rep65\processed_rep65__cam4_s335554_rank932.jpg,processed_rep65__cam4_s335554_rank932.jpg,TRUE,rep65,cam4,335554,932,0.9979152083396912,881.183349609375,825.54412841796875,0.04092934727668762,889.85504150390625,792.2061767578125,0.05707632005214691,945.60174560546875,772.450439453125,0.11804039776325226,905.0435855263158,785.7676809210526,2439,1000,1000,FALSE,FALSE,0.247901258959579,no issue,FALSE
frame933__s335914,C:/R_projects/spat_1f_noise/processed_feed\rep65\processed_rep65__cam4_s335914_rank933.jpg,processed_rep65__cam4_s335914_rank933.jpg,TRUE,rep65,cam4,335914,933,0.992197811603546,893.47320556640625,807.770751953125,0.1767106056213379,900.96588134765625,759.301025390625,0.5624918937683105,908.45849609375,722.01654052734375,0.0670347660779953,897.6551003344482,771.2625418060201,2390.5,1000,1000,FALSE,FALSE,-0.09783916036009896,no issue,FALSE
frame934__s336274,C:/R_projects/spat_1f_noise/processed_feed\rep65\processed_rep65__cam4_s336274_rank934.jpg,processed_rep65__cam4_s336274_rank934.jpg,TRUE,rep65,cam4,336274,934,0.9932825565338136,894.8963623046875,810.93316650390625,0.021474961191415787,898.507568359375,758.930419921875,0.09214065223932266,904.52587890625,724.261962890625,0.03297171741724014,895.986301369863,770.8895547945206,2336,1000,1000,FALSE,FALSE,-0.0850516317302414,no issue,FALSE
frame935__s336635,C:/R_projects/spat_1f_noise/processed_feed\rep65\processed_rep65__cam4_s336635_rank935.jpg,processed_rep65__cam4_s336635_rank935.jpg,TRUE,rep65,cam4,336635,935,0.9918169379234314,895.328369140625,809.76025390625,0.030728932470083237,897.728759765625,756.254638671875,2.9548656940460205,903.7294921875,721.4136962890625,0.031506508588790894,896.0189075630252,769.5819327731092,2380.5,1000,1000,FALSE,FALSE,0.18080131093105417,no issue,FALSE
frame936__s336995,C:/R_projects/spat_1f_noise/processed_feed\rep65\processed_rep65__cam4_s336995_rank936.jpg,processed_rep65__cam4_s336995_rank936.jpg,TRUE,rep65,cam4,336995,936,0.9983311295509338,891.16180419921875,827.814453125,0.030141472816467285,899.8436279296875,777.00323486328125,0.12897120416164398,935.81103515625,752.21728515625,0.11429383605718613,905.6706192358366,780.796223100571,2281,1000,1000,FALSE,FALSE,-0.014438350148290948,no issue,FALSE
frame937__s337356,C:/R_projects/spat_1f_noise/processed_feed\rep65\processed_rep65__cam4_s337356_rank937.jpg,processed_rep65__cam4_s337356_rank937.jpg,TRUE,rep65,cam4,337356,937,0.9981783628463744,888.77435302734375,827.11328125,0.02353633940219879,898.6685791015625,778.56842041015625,0.075096994638443,937.0086669921875,758.652587890625,0.17678570747375488,904.9025686448184,781.6886625332153,2262,1000,1000,FALSE,FALSE,-0.06047287802895388,no issue,FALSE
frame938__s337716,C:/R_projects/spat_1f_noise/processed_feed\rep65\processed_rep65__cam4_s337716_rank938.jpg,processed_rep65__cam4_s337716_rank938.jpg,TRUE,rep65,cam4,337716,938,0.9982593655586244,885.00970458984375,825.90216064453125,0.03767856955528259,899.80987548828125,779.08538818359375,0.08759210258722305,941.7437744140625,764.30108642578125,0.13527067005634308,906.7768485915493,782.9163732394367,2278,1000,1000,FALSE,FALSE,0.019901733002746107,no issue,FALSE
frame939__s338077,C:/R_projects/spat_1f_noise/processed_feed\rep65\processed_rep65__cam4_s338077_rank939.jpg,processed_rep65__cam4_s338077_rank939.jpg,TRUE,rep65,cam4,338077,939,0.9977782368659972,887.62579345703125,823.22174072265625,0.02363203838467598,898.724609375,780.04644775390625,0.10760003328323364,941.88653564453125,760.30914306640625,0.10009258985519409,907.4939024390244,780.4329268292682,2298,1000,1000,FALSE,FALSE,0.09687468721354053,no issue,FALSE
frame940__s338437,C:/R_projects/spat_1f_noise/processed_feed\rep65\processed_rep65__cam4_s338437_rank940.jpg,processed_rep65__cam4_s338437_rank940.jpg,TRUE,rep65,cam4,338437,940,0.9986292123794556,883.7069091796875,829.86376953125,0.027493992820382118,898.69512939453125,781.61859130859375,0.09371793270111084,944.90875244140625,760.58868408203125,0.14592066407203674,908.3038237738986,781.5236907730673,2409.5,1000,1000,FALSE,FALSE,0.4008377239720149,no issue,FALSE
frame941__s338798,C:/R_projects/spat_1f_noise/processed_feed\rep65\processed_rep65__cam4_s338798_rank941.jpg,processed_rep65__cam4_s338798_rank941.jpg,TRUE,rep65,cam4,338798,941,0.9927635788917542,888.2054443359375,827.71246337890625,0.014940869063138962,899.31915283203125,772.90313720703125,0.028821440413594246,891.9100341796875,730.550537109375,0.013276425190269947,895.5682640144665,776.508137432188,2210.5,1000,1000,FALSE,FALSE,-0.05219271162610973,no issue,FALSE
frame942__s339158,C:/R_projects/spat_1f_noise/processed_feed\rep65\processed_rep65__cam4_s339158_rank942.jpg,processed_rep65__cam4_s339158_rank942.jpg,TRUE,rep65,cam4,339158,942,0.9980777502059937,883.54437255859375,828.37652587890625,0.026276975870132446,908.0540771484375,777.269775390625,0.04826018959283829,927.6617431640625,771.037109375,0.11687196791172028,899.2987714987715,789.8850122850123,2040,1000,1000,FALSE,FALSE,-0.4467177195825181,no issue,FALSE
frame943__s339518,C:/R_projects/spat_1f_noise/processed_feed\rep65\processed_rep65__cam4_s339518_rank943.jpg,processed_rep65__cam4_s339518_rank943.jpg,TRUE,rep65,cam4,339518,943,0.9774633646011353,885.71905517578125,828.4892578125,0.02533617801964283,918.17620849609375,790.1287841796875,0.03179996833205223,929.411376953125,811.1651611328125,0.08367245644330978,902.2020440251572,793.7401729559748,2548,1000,1000,FALSE,FALSE,0.7604532076242929,no issue,FALSE
frame944__s339879,C:/R_projects/spat_1f_noise/processed_feed\rep65\processed_rep65__cam4_s339879_rank944.jpg,processed_rep65__cam4_s339879_rank944.jpg,TRUE,rep65,cam4,339879,944,0.9985904097557068,883.2574462890625,823.45880126953125,0.032471802085638046,890.68756103515625,781.41363525390625,0.04799081012606621,935.26800537109375,764.1009521484375,0.12910009920597076,901.0083553210202,783.3834652594547,2275.5,1000,1000,FALSE,FALSE,0.18893256890352472,no issue,FALSE
frame945__s340239,C:/R_projects/spat_1f_noise/processed_feed\rep65\processed_rep65__cam4_s340239_rank945.jpg,processed_rep65__cam4_s340239_rank945.jpg,TRUE,rep65,cam4,340239,945,0.99909043312072765,885.2618408203125,821.54656982421875,0.02501486800611019,890.1982421875,780.82183837890625,0.08386190235614777,935.85931396484375,759.8424072265625,0.10770048201084137,902.0810321412404,780.9891353553644,2217.5,1000,1000,FALSE,FALSE,0.09518355542984333,no issue,FALSE
frame946__s340600,C:/R_projects/spat_1f_noise/processed_feed\rep65\processed_rep65__cam4_s340600_rank946.jpg,processed_rep65__cam4_s340600_rank946.jpg,TRUE,rep65,cam4,340600,946,0.9990336894989014,885.2454833984375,825.29449462890625,0.036698345094919205,890.15496826171875,780.379150390625,0.09868406504392624,935.56707763671875,754.1785888671875,0.09997128695249557,902.0118949958983,780.7768662838392,2442,1000,1000,FALSE,FALSE,0.6989907911624278,no issue,FALSE
frame947__s340960,C:/R_projects/spat_1f_noise/processed_feed\rep65\processed_rep65__cam4_s340960_rank947.jpg,processed_rep65__cam4_s340960_rank947.jpg,TRUE,rep65,cam4,340960,947,0.9992557168006896,885.47393798828125,825.2139892578125,0.0404231883585453,892.84619140625,779.4112548828125,0.08770572394132614,934.62249755859375,752.1771240234375,0.11221490055322647,902.2509473684211,779.3983157894737,2380,1000,1000,FALSE,FALSE,0.6364715975170849,no issue,FALSE
frame948__s341320,C:/R_projects/spat_1f_noise/processed_feed\rep65\processed_rep65__cam4_s341320_rank948.jpg,processed_rep65__cam4_s341320_rank948.jpg,TRUE,rep65,cam4,341320,948,0.9962682127952576,884.19683837890625,826.76507568359375,0.02906070463359356,895.2877197265625,780.06500244140625,0.07701172679662704,951.97418212890625,791.12554931640625,0.14489339292049408,906.7885867483723,788.9666794331673,2617.5,1000,1000,FALSE,FALSE,1.2957954452423337,no issue,FALSE
frame949__s341681,C:/R_projects/spat_1f_noise/processed_feed\rep65\processed_rep65__cam4_s341681_rank949.jpg,processed_rep65__cam4_s341681_rank949.jpg,TRUE,rep65,cam4,341681,949,0.9626720547676086,835.98699951171875,989.12713623046875,0.9449963569641113,879.2564697265625,990.3145751953125,0.009664475917816162,843.40460205078125,982.0023193359375,0.016911063343286514,866.4962486602358,987.7202572347267,938,1000,1000,TRUE,FALSE,-2.989263065016236,out_of_frame,FALSE
frame950__s342041,C:/R_projects/spat_1f_noise/processed_feed\rep65\processed_rep65__cam4_s342041_rank950.jpg,processed_rep65__cam4_s342041_rank950.jpg,TRUE,rep65,cam4,342041,950,0.9742291569709778,835.5418701171875,988.50897216796875,1.0457408428192139,878.9945068359375,989.690673828125,0.014391273260116577,842.9908447265625,981.4185791015625,0.012972974218428135,865.867903930131,986.9148471615721,920.5,1000,1000,TRUE,FALSE,-2.9769080440137645,out_of_frame,FALSE
frame951__s342402,C:/R_projects/spat_1f_noise/processed_feed\rep65\processed_rep65__cam4_s342402_rank951.jpg,processed_rep65__cam4_s342402_rank951.jpg,TRUE,rep65,cam4,342402,951,0.9759583473205566,894.77044677734375,756.5791015625,0.1323530375957489,896.0076904296875,792.597412109375,2.124880075454712,899.7193603515625,818.6795654296875,0.011519433930516243,896.3082754264055,783.8629185091598,1582.5,1000,1000,FALSE,FALSE,-1.1985751952146078,no issue,FALSE
frame952__s342762,C:/R_projects/spat_1f_noise/processed_feed\rep65\processed_rep65__cam4_s342762_rank952.jpg,processed_rep65__cam4_s342762_rank952.jpg,TRUE,rep65,cam4,342762,952,0.996901035308838,880.66009521484375,824.0396728515625,0.03197812661528587,891.83502197265625,786.851318359375,0.05186781659722328,956.4012451171875,795.52862548828125,0.06425422430038452,908.340576847096,790.6226787830897,2539,1000,1000,FALSE,FALSE,1.267393660668919,no issue,FALSE
frame953__s343123,C:/R_projects/spat_1f_noise/processed_feed\rep65\processed_rep65__cam4_s343123_rank953.jpg,processed_rep65__cam4_s343123_rank953.jpg,TRUE,rep65,cam4,343123,953,0.9959349632263184,934.1402587890625,817.38525390625,0.0517282709479332,871.91839599609375,823.53216552734375,0.23335853219032288,833.3408203125,819.84405517578125,0.04743412882089615,881.553562531141,823.7977080219233,2007.5,1000,1000,FALSE,FALSE,-0.06510534580976071,no issue,FALSE
frame954__s343483,C:/R_projects/spat_1f_noise/processed_feed\rep65\processed_rep65__cam4_s343483_rank954.jpg,processed_rep65__cam4_s343483_rank954.jpg,TRUE,rep65,cam4,343483,954,0.9932339787483216,948.7900390625,816.51092529296875,0.028333663940429688,874.34173583984375,825.21435546875,0.4129076898097992,833.395263671875,822.7276611328125,0.033666227012872696,887.2708333333334,821.4649621212121,2112,1000,1000,FALSE,FALSE,0.23514110847897962,no issue,FALSE
frame955__s343843,C:/R_projects/spat_1f_noise/processed_feed\rep65\processed_rep65__cam4_s343843_rank955.jpg,processed_rep65__cam4_s343843_rank955.jpg,TRUE,rep65,cam4,343843,955,0.997632384300232,950.01373291015625,838.3302001953125,0.04331759363412857,873.8436279296875,826.05950927734375,8.0932769775390625,833.88555908203125,819.924072265625,0.07256770879030228,888.0235178833905,826.5257226849584,2038.5,1000,1000,FALSE,FALSE,0.06159705380211132,no issue,FALSE
frame956__s344204,C:/R_projects/spat_1f_noise/processed_feed\rep65\processed_rep65__cam4_s344204_rank956.jpg,processed_rep65__cam4_s344204_rank956.jpg,TRUE,rep65,cam4,344204,956,0.9982798099517822,941.843505859375,789.90380859375,0.070391446352005,908.20001220703125,813.50775146484375,0.08062232285737991,837.1749267578125,820.961669921875,0.08283322304487228,890.3680555555555,811.0708333333333,2159.5,1000,1000,FALSE,FALSE,0.4161517625761235,no issue,FALSE
frame957__s344564,C:/R_projects/spat_1f_noise/processed_feed\rep65\processed_rep65__cam4_s344564_rank957.jpg,processed_rep65__cam4_s344564_rank957.jpg,TRUE,rep65,cam4,344564,957,0.9975042939186096,947.27813720703125,787.07940673828125,0.07737954705953598,908.69805908203125,813.037841796875,0.0763121172785759,839.0050048828125,821.69073486328125,0.0761551707983017,892.1081593927894,810.5592979127134,2106.5,1000,1000,FALSE,FALSE,0.27835240494311975,no issue,FALSE
frame958__s344925,C:/R_projects/spat_1f_noise/processed_feed\rep65\processed_rep65__cam4_s344925_rank958.jpg,processed_rep65__cam4_s344925_rank958.jpg,TRUE,rep65,cam4,344925,958,0.9946526288986206,935.41998291015625,799.5511474609375,0.04484637826681137,873.16046142578125,826.4228515625,0.3813341557979584,835.80474853515625,821.53717041015625,0.0632350891828537,885.6101159114858,817.6232876712329,1896,1000,1000,FALSE,FALSE,-0.28474346046154286,no issue,FALSE
frame959__s345285,C:/R_projects/spat_1f_noise/processed_feed\rep65\processed_rep65__cam4_s345285_rank959.jpg,processed_rep65__cam4_s345285_rank959.jpg,TRUE,rep65,cam4,345285,959,0.9943976402282716,934.6466064453125,799.39178466796875,0.04888885095715523,872.70263671875,825.41650390625,1.375002384185791,834.29742431640625,821.69866943359375,0.06913916766643524,885.1411643482741,817.3663060278207,1940,1000,1000,FALSE,FALSE,-0.12127242956687237,no issue,FALSE
frame960__s345646,C:/R_projects/spat_1f_noise/processed_feed\rep65\processed_rep65__cam4_s345646_rank960.jpg,processed_rep65__cam4_s345646_rank960.jpg,TRUE,rep65,cam4,345646,960,0.9930118918418884,931.92596435546875,794.0079345703125,0.06232975795865059,908.2344970703125,822.17376708984375,0.06764448434114456,834.6661376953125,820.94915771484375,0.07893496006727219,887.4797462176672,815.8042947779404,2048,1000,1000,FALSE,FALSE,0.20333574998294127,no issue,FALSE
frame961__s346006,C:/R_projects/spat_1f_noise/processed_feed\rep65\processed_rep65__cam4_s346006_rank961.jpg,processed_rep65__cam4_s346006_rank961.jpg,TRUE,rep65,cam4,346006,961,0.989159882068634,932.06298828125,795.0740966796875,0.05819077417254448,873.4947509765625,826.87188720703125,0.35984915494918823,836.1107177734375,821.97991943359375,0.07239042967557907,887.1437185929648,816.8798994974875,1990,1000,1000,FALSE,FALSE,0.042733049613004254,no issue,FALSE
frame962__s346366,C:/R_projects/spat_1f_noise/processed_feed\rep65\processed_rep65__cam4_s346366_rank962.jpg,processed_rep65__cam4_s346366_rank962.jpg,TRUE,rep65,cam4,346366,962,0.9893624186515808,916.01434326171875,793.2152099609375,0.0350283682346344,868.67059326171875,826.5772705078125,0.4626528024673462,835.03167724609375,821.634765625,0.0875253826379776,882.5885286783042,817.4169576059851,2002.5,1000,1000,FALSE,FALSE,0.10757542828220738,no issue,FALSE
frame963__s346727,C:/R_projects/spat_1f_noise/processed_feed\rep65\processed_rep65__cam4_s346727_rank963.jpg,processed_rep65__cam4_s346727_rank963.jpg,TRUE,rep65,cam4,346727,963,0.990997314453125,922.31390380859375,791.26513671875,0.044867441058158875,871.18402099609375,825.52459716796875,1.3977773189544678,841.2542724609375,816.959716796875,0.07396157085895538,886.5406649616368,816.8690537084399,1950.5,1000,1000,FALSE,FALSE,-0.029189014022930462,no issue,FALSE
frame964__s347087,C:/R_projects/spat_1f_noise/processed_feed\rep65\processed_rep65__cam4_s347087_rank964.jpg,processed_rep65__cam4_s347087_rank964.jpg,TRUE,rep65,cam4,347087,964,0.9915452599525452,928.20855712890625,816.50482177734375,0.033670712262392044,868.4798583984375,824.93536376953125,0.1646110713481903,833.63800048828125,822.526611328125,0.05806222930550575,879.0267111853088,822.3828603227602,1795.5,1000,1000,FALSE,FALSE,-0.44921877339476435,no issue,FALSE
frame965__s347448,C:/R_projects/spat_1f_noise/processed_feed\rep65\processed_rep65__cam4_s347448_rank965.jpg,processed_rep65__cam4_s347448_rank965.jpg,TRUE,rep65,cam4,347448,965,0.9929105639457704,810.0594482421875,813.1260986328125,2.5591981410980225,843.65081787109375,816.75653076171875,0.023981992155313492,810.0594482421875,813.1260986328125,0.8366624116897583,851.8731762065096,815.1515151515151,1779,1000,1000,FALSE,FALSE,-0.7549192230679772,no issue,FALSE
frame966__s347808,C:/R_projects/spat_1f_noise/processed_feed\rep65\processed_rep65__cam4_s347808_rank966.jpg,processed_rep65__cam4_s347808_rank966.jpg,TRUE,rep65,cam4,347808,966,0.9946921467781068,894.77423095703125,818.97247314453125,0.014624728821218014,839.1204833984375,821.388916015625,0.03835739195346832,795.834228515625,814.1395263671875,0.042733993381261826,841.5957972805933,817.3683559950556,1616,1000,1000,FALSE,FALSE,-2.1014895626362744,too small,FALSE
frame967__s348169,C:/R_projects/spat_1f_noise/processed_feed\rep65\processed_rep65__cam4_s348169_rank967.jpg,processed_rep65__cam4_s348169_rank967.jpg,TRUE,rep65,cam4,348169,967,0.9912444353103638,794.61614990234375,819.65118408203125,0.026834804564714432,840.666015625,824.57159423828125,0.019272569566965103,900.40643310546875,820.88128662109375,0.017188556492328644,846.5260115606936,819.5323173935891,1899.5,1000,1000,FALSE,FALSE,-0.8346815275934609,no issue,FALSE
frame968__s348529,C:/R_projects/spat_1f_noise/processed_feed\rep65\processed_rep65__cam4_s348529_rank968.jpg,processed_rep65__cam4_s348529_rank968.jpg,TRUE,rep65,cam4,348529,968,0.9972617626190186,831.53936767578125,790.76171875,0.05850433558225632,841.4891357421875,824.32550048828125,0.04863346740603447,902.4312744140625,820.59619140625,0.05999799817800522,855.3059475806451,814.8865927419355,1982.5,1000,1000,FALSE,FALSE,-0.39090020935278047,no issue,FALSE
frame969__s348889,C:/R_projects/spat_1f_noise/processed_feed\rep65\processed_rep65__cam4_s348889_rank969.jpg,processed_rep65__cam4_s348889_rank969.jpg,TRUE,rep65,cam4,348889,969,0.9977554678916932,898.67401123046875,820.5609130859375,0.04801959916949272,838.1949462890625,824.3006591796875,0.04281127080321312,830.789306640625,781.91650390625,0.14051690697669983,849.9542105263158,813.751052631579,1900.5,1000,1000,FALSE,FALSE,-0.846847459587428,no issue,FALSE
frame970__s349250,C:/R_projects/spat_1f_noise/processed_feed\rep65\processed_rep65__cam4_s349250_rank970.jpg,processed_rep65__cam4_s349250_rank970.jpg,TRUE,rep65,cam4,349250,970,0.999090313911438,907.536865234375,819.332275390625,0.03203738108277321,845.3287353515625,819.332275390625,0.03861920163035393,803.02728271484375,786.190673828125,0.04204100742936134,845.8940898345154,808.4382978723404,2113.5,1000,1000,FALSE,FALSE,0.16343173437613934,no issue,FALSE
frame971__s349610,C:/R_projects/spat_1f_noise/processed_feed\rep65\processed_rep65__cam4_s349610_rank971.jpg,processed_rep65__cam4_s349610_rank971.jpg,TRUE,rep65,cam4,349610,971,0.9986799359321594,806.8643798828125,791.9219970703125,0.07233221083879471,864.251220703125,821.674560546875,0.25215452909469604,902.9249267578125,820.43487548828125,0.05993657559156418,850.8906481939633,810.9327065809006,2017.5,1000,1000,FALSE,FALSE,-0.3376837409303943,no issue,FALSE
frame972__s349971,C:/R_projects/spat_1f_noise/processed_feed\rep65\processed_rep65__cam4_s349971_rank972.jpg,processed_rep65__cam4_s349971_rank972.jpg,TRUE,rep65,cam4,349971,972,0.9986300468444824,903.23822021484375,817.943603515625,0.047389864921569824,837.09320068359375,814.2379150390625,0.04746661335229874,873.2857666015625,824.11981201171875,0.45949587225914,839.275799086758,806.0566210045662,2186.5,1000,1000,FALSE,FALSE,0.42615038025871116,no issue,FALSE
frame973__s350331,C:/R_projects/spat_1f_noise/processed_feed\rep65\processed_rep65__cam4_s350331_rank973.jpg,processed_rep65__cam4_s350331_rank973.jpg,TRUE,rep65,cam4,350331,973,0.998994529247284,793.7373046875,792.4417724609375,0.09292810410261154,848.67498779296875,819.42071533203125,0.04189993068575859,902.3641357421875,819.42071533203125,0.04643623158335686,842.492678318375,809.0363722248464,2112.5,1000,1000,FALSE,FALSE,0.06175288218537742,no issue,FALSE
frame974__s350692,C:/R_projects/spat_1f_noise/processed_feed\rep65\processed_rep65__cam4_s350692_rank974.jpg,processed_rep65__cam4_s350692_rank974.jpg,TRUE,rep65,cam4,350692,974,0.9974933862686156,798.5855712890625,809.8275146484375,0.07816758751869202,863.3656005859375,817.30987548828125,0.23569445312023163,903.23028564453125,819.80401611328125,0.05676771700382233,848.1029336078229,808.6767884714359,1944,1000,1000,FALSE,FALSE,-0.727887985328106,no issue,FALSE
frame975__s351052,C:/R_projects/spat_1f_noise/processed_feed\rep65\processed_rep65__cam4_s351052_rank975.jpg,processed_rep65__cam4_s351052_rank975.jpg,TRUE,rep65,cam4,351052,975,0.9982492923736572,794.63800048828125,807.4801025390625,0.023543626070022583,865.7310791015625,817.2529296875,0.27114227414131165,903.1484375,819.6961669921875,0.05198703333735466,846.4805457301668,807.8746841839313,1980.5,1000,1000,FALSE,FALSE,-0.5676122150245505,no issue,FALSE
frame976__s351412,C:/R_projects/spat_1f_noise/processed_feed\rep65\processed_rep65__cam4_s351412_rank976.jpg,processed_rep65__cam4_s351412_rank976.jpg,TRUE,rep65,cam4,351412,976,0.998547613620758,789.7452392578125,805.192138671875,0.02409067191183567,860.45281982421875,816.297119140625,1.5244308710098267,901.388671875,819.998779296875,0.054718825966119766,842.5421741091565,809.1493008570139,2214.5,1000,1000,FALSE,FALSE,0.4982030191120217,no issue,FALSE
frame977__s351773,C:/R_projects/spat_1f_noise/processed_feed\rep65\processed_rep65__cam4_s351773_rank977.jpg,processed_rep65__cam4_s351773_rank977.jpg,TRUE,rep65,cam4,351773,977,0.9987918734550476,787.7364501953125,792.60772705078125,0.07878880202770233,831.1473388671875,812.50604248046875,0.06640027463436127,872.07757568359375,818.72430419921875,0.1628863513469696,839.9350163627863,808.932211313698,2135.5,1000,1000,FALSE,FALSE,0.06107983900443984,no issue,FALSE
frame978__s352133,C:/R_projects/spat_1f_noise/processed_feed\rep65\processed_rep65__cam4_s352133_rank978.jpg,processed_rep65__cam4_s352133_rank978.jpg,TRUE,rep65,cam4,352133,978,0.9988988637924194,902.03363037109375,819.19970703125,0.04750724881887436,831.17578125,814.2142333984375,0.06221486255526543,873.44183349609375,820.446044921875,0.22863411903381348,833.7565410199556,807.7361419068736,2253.5,1000,1000,FALSE,FALSE,0.4444428145331919,no issue,FALSE
frame979__s352494,C:/R_projects/spat_1f_noise/processed_feed\rep65\processed_rep65__cam4_s352494_rank979.jpg,processed_rep65__cam4_s352494_rank979.jpg,TRUE,rep65,cam4,352494,979,0.999157190322876,794.2750244140625,796.422119140625,0.06559129804372787,847.9134521484375,818.87109375,0.025212418287992477,890.3251953125,818.87109375,0.07898036390542984,843.0004921259842,810.5236220472441,2028.5,1000,1000,FALSE,FALSE,-0.06320028243472163,no issue,FALSE
frame980__s352854,C:/R_projects/spat_1f_noise/processed_feed\rep65\processed_rep65__cam4_s352854_rank980.jpg,processed_rep65__cam4_s352854_rank980.jpg,TRUE,rep65,cam4,352854,980,0.9991586208343506,802.15234375,780.2459716796875,0.08498049527406693,839.262939453125,818.6904296875,0.08128746598958969,901.11383056640625,819.9305419921875,0.07045727968215942,846.6003592276605,808.9483610237988,2226.5,1000,1000,FALSE,FALSE,0.37100322492478754,no issue,FALSE
frame981__s353215,C:/R_projects/spat_1f_noise/processed_feed\rep65\processed_rep65__cam4_s353215_rank981.jpg,processed_rep65__cam4_s353215_rank981.jpg,TRUE,rep65,cam4,353215,981,0.9989514350891112,899.59588623046875,817.99102783203125,0.044190242886543274,837.7467041015625,810.50830078125,0.08428201824426651,869.9083251953125,819.23822021484375,2.3261373043060303,840.8232596915382,799.3934972905378,2401.5,1000,1000,FALSE,FALSE,0.7629284043974665,no issue,FALSE
frame982__s353575,C:/R_projects/spat_1f_noise/processed_feed\rep65\processed_rep65__cam4_s353575_rank982.jpg,processed_rep65__cam4_s353575_rank982.jpg,TRUE,rep65,cam4,353575,982,0.9986284971237184,905.01068115234375,817.8177490234375,0.04451638460159302,838.13970947265625,810.33660888671875,0.07645070552825928,879.0052490234375,817.8177490234375,0.0708421990275383,840.747870528109,801.4833901192504,2347,1000,1000,FALSE,FALSE,0.6178294048299358,no issue,FALSE
frame983__s353935,C:/R_projects/spat_1f_noise/processed_feed\rep65\processed_rep65__cam4_s353935_rank983.jpg,processed_rep65__cam4_s353935_rank983.jpg,TRUE,rep65,cam4,353935,983,0.9988377690315248,900.4981689453125,820.11712646484375,0.041875772178173065,838.505615234375,807.79388427734375,0.11045311391353607,791.39129638671875,762.19781494140625,0.1062738373875618,841.0153301886793,798.3474842767296,2545.5,1000,1000,FALSE,FALSE,1.0650047110838112,no issue,FALSE
frame984__s354296,C:/R_projects/spat_1f_noise/processed_feed\rep65\processed_rep65__cam4_s354296_rank984.jpg,processed_rep65__cam4_s354296_rank984.jpg,TRUE,rep65,cam4,354296,984,0.9986127614974976,872.1629638671875,818.85711669921875,0.06057777628302574,837.49334716796875,808.9754638671875,0.08923058956861496,870.92474365234375,821.3275146484375,0.3040563464164734,838.4822521419828,798.6352509179926,2452.5,1000,1000,FALSE,FALSE,0.8395932925836814,no issue,FALSE
frame985__s354656,C:/R_projects/spat_1f_noise/processed_feed\rep65\processed_rep65__cam4_s354656_rank985.jpg,processed_rep65__cam4_s354656_rank985.jpg,TRUE,rep65,cam4,354656,985,0.9984972476959229,907.77227783203125,818.97802734375,0.039305154234170914,833.0281982421875,806.52880859375,0.09355543553829193,869.154541015625,820.2230224609375,0.09235189855098724,843.0503956684714,801.8163265306123,2397,1000,1000,FALSE,FALSE,0.6687420794134167,no issue,FALSE
frame986__s355017,C:/R_projects/spat_1f_noise/processed_feed\rep65\processed_rep65__cam4_s355017_rank986.jpg,processed_rep65__cam4_s355017_rank986.jpg,TRUE,rep65,cam4,355017,986,0.998051643371582,810.7462158203125,764.22430419921875,0.08456431329250336,836.971923828125,811.72265625,0.11906987428665161,900.662841796875,820.47235107421875,0.03616183251142502,846.7580236486486,802.9890202702703,2370.5,1000,1000,FALSE,FALSE,0.588331548277318,no issue,FALSE
frame987__s355377,C:/R_projects/spat_1f_noise/processed_feed\rep65\processed_rep65__cam4_s355377_rank987.jpg,processed_rep65__cam4_s355377_rank987.jpg,TRUE,rep65,cam4,355377,987,0.99770987033844,902.40289306640625,821.88299560546875,0.03463532030582428,835.4117431640625,814.3896484375,0.10463439673185349,816.8031005859375,765.682373046875,0.08158528059720993,847.207729468599,804.1119894598155,2277.5,1000,1000,FALSE,FALSE,0.3428616948373265,no issue,FALSE
frame988__s355737,C:/R_projects/spat_1f_noise/processed_feed\rep65\processed_rep65__cam4_s355737_rank988.jpg,processed_rep65__cam4_s355737_rank988.jpg,TRUE,rep65,cam4,355737,988,0.9983766078948976,903.8775634765625,818.267822265625,0.03145696967840195,837.84814453125,812.04840087890625,0.09003882855176926,821.6522216796875,768.51287841796875,0.07437845319509506,851.0954485196642,803.6036235086169,2263,1000,1000,FALSE,FALSE,0.29287595615928325,no issue,FALSE
frame989__s356098,C:/R_projects/spat_1f_noise/processed_feed\rep65\processed_rep65__cam4_s356098_rank989.jpg,processed_rep65__cam4_s356098_rank989.jpg,TRUE,rep65,cam4,356098,989,0.9975632429122924,804.013671875,788.63671875,0.045406196266412735,841.1744384765625,820.4666748046875,0.08013541251420975,901.87060546875,821.69091796875,0.048664648085832596,846.8631578947368,811.2651629072682,1991.5,1000,1000,FALSE,FALSE,-0.3314775285497295,no issue,FALSE
frame990__s356458,C:/R_projects/spat_1f_noise/processed_feed\rep65\processed_rep65__cam4_s356458_rank990.jpg,processed_rep65__cam4_s356458_rank990.jpg,TRUE,rep65,cam4,356458,990,0.9983550906181335,802.73529052734375,788.0618896484375,0.04751792177557945,844.97381591796875,820.43890380859375,0.053736940026283264,903.3624267578125,820.43890380859375,0.053364235907793045,844.5455005055612,809.3579373104145,1978,1000,1000,FALSE,FALSE,-0.3966657224025662,no issue,FALSE
frame991__s356819,C:/R_projects/spat_1f_noise/processed_feed\rep65\processed_rep65__cam4_s356819_rank991.jpg,processed_rep65__cam4_s356819_rank991.jpg,TRUE,rep65,cam4,356819,991,0.9980466365814208,806.61199951171875,790.58203125,0.03209279105067253,845.17144775390625,820.54052734375,0.054333820939064026,904.87640380859375,823.037109375,0.04894711449742317,850.1894395553497,811.5303381194998,2157,1000,1000,FALSE,FALSE,-0.037208096402475056,no issue,FALSE
frame992__s357179,C:/R_projects/spat_1f_noise/processed_feed\rep65\processed_rep65__cam4_s357179_rank992.jpg,processed_rep65__cam4_s357179_rank992.jpg,TRUE,rep65,cam4,357179,992,0.9970701932907104,809.67236328125,764.5982666015625,0.03496112301945686,839.5726318359375,819.189697265625,0.062471989542245865,900.61883544921875,820.43035888671875,0.04576060548424721,845.2772801302932,805.521986970684,2456.5,1000,1000,FALSE,FALSE,0.5812418157146232,no issue,FALSE
frame993__s357540,C:/R_projects/spat_1f_noise/processed_feed\rep65\processed_rep65__cam4_s357540_rank993.jpg,processed_rep65__cam4_s357540_rank993.jpg,TRUE,rep65,cam4,357540,993,0.9986407160758972,802.0289306640625,782.0443115234375,0.0724768340587616,837.959228515625,820.19622802734375,0.07259191572666168,873.88946533203125,826.3497314453125,7.078445911407471,896.8,820.6,5.5,1000,1000,FALSE,FALSE,-4.755535834334803,too small,FALSE
frame994__s357900,C:/R_projects/spat_1f_noise/processed_feed\rep65\processed_rep65__cam4_s357900_rank994.jpg,processed_rep65__cam4_s357900_rank994.jpg,TRUE,rep65,cam4,357900,994,0.9951476454734802,805.52618408203125,800.076416015625,0.026191409677267075,863.81597900390625,820.65118408203125,0.05177736654877663,904.742919921875,821.86151123046875,0.045902419835329056,852.9323621227887,813.4698231009365,1919.5,1000,1000,FALSE,FALSE,-0.6233183147673131,no issue,FALSE
frame995__s358260,C:/R_projects/spat_1f_noise/processed_feed\rep65\processed_rep65__cam4_s358260_rank995.jpg,processed_rep65__cam4_s358260_rank995.jpg,TRUE,rep65,cam4,358260,995,0.997008979320526,800.12542724609375,799.34515380859375,0.028193481266498566,863.4168701171875,819.19921875,0.06270171701908112,906.852294921875,820.44012451171875,0.05482552945613861,852.750123701138,812.3785254824344,2020.5,1000,1000,FALSE,FALSE,-0.431168391428524,no issue,FALSE
frame996__s358621,C:/R_projects/spat_1f_noise/processed_feed\rep65\processed_rep65__cam4_s358621_rank996.jpg,processed_rep65__cam4_s358621_rank996.jpg,TRUE,rep65,cam4,358621,996,0.997173547744751,808.04052734375,796.9615478515625,0.04916214570403099,864.96710205078125,820.11865234375,0.3328064978122711,904.5682373046875,820.11865234375,0.06113829091191292,853.110248447205,811.7903726708074,1928.5,1000,1000,FALSE,FALSE,-0.6398640869305282,no issue,FALSE
frame997__s358981,C:/R_projects/spat_1f_noise/processed_feed\rep65\processed_rep65__cam4_s358981_rank997.jpg,processed_rep65__cam4_s358981_rank997.jpg,TRUE,rep65,cam4,358981,997,0.9985187649726868,796.78466796875,796.990478515625,0.03658843785524368,861.65802001953125,820.2984619140625,0.20627936720848083,904.07525634765625,821.52520751953125,0.05004388466477394,848.9765739385066,812.3538311371401,2045,1000,1000,FALSE,FALSE,-0.3875929945279537,no issue,FALSE
frame998__s359342,C:/R_projects/spat_1f_noise/processed_feed\rep65\processed_rep65__cam4_s359342_rank998.jpg,processed_rep65__cam4_s359342_rank998.jpg,TRUE,rep65,cam4,359342,998,0.998040497303009,805.86724853515625,793.8807373046875,0.04016045108437538,862.92547607421875,820.8837890625,0.04437870532274246,903.85858154296875,820.8837890625,0.05420279875397682,850.9638218923933,811.2861781076067,2153.5,1000,1000,FALSE,FALSE,-0.1330710959513882,no issue,FALSE
frame999__s359702,C:/R_projects/spat_1f_noise/processed_feed\rep65\processed_rep65__cam4_s359702_rank999.jpg,processed_rep65__cam4_s359702_rank999.jpg,TRUE,rep65,cam4,359702,999,0.9985690116882324,805.258056640625,794.13262939453125,0.04177315533161163,862.48114013671875,820.1466064453125,0.04780998453497887,904.77655029296875,821.38543701171875,0.06130785122513771,853.9289799809342,812.0147759771211,2097,1000,1000,FALSE,FALSE,-0.25213528262015583,no issue,FALSE
frame1000__s360062,C:/R_projects/spat_1f_noise/processed_feed\rep65\processed_rep65__cam4_s360062_rank1000.jpg,processed_rep65__cam4_s360062_rank1000.jpg,TRUE,rep65,cam4,360062,1000,0.9989792704582214,795.9931640625,789.97747802734375,0.07006771117448807,860.6912841796875,821.154296875,0.16966596245765686,902.993896484375,821.154296875,0.061504069715738297,847.1427976686095,810.9050791007494,2401,1000,1000,FALSE,FALSE,0.4392724781535427,no issue,FALSE
frame1001__s360423,C:/R_projects/spat_1f_noise/processed_feed\rep65\processed_rep65__cam4_s360423_rank1001.jpg,processed_rep65__cam4_s360423_rank1001.jpg,TRUE,rep65,cam4,360423,1001,0.9990262985229492,799.0430908203125,789.513671875,0.06157079339027405,836.21826171875,820.26220703125,0.08570598065853119,904.3726806640625,821.4921875,0.05447842925786972,845.4586014586015,811.7507507507507,2328,1000,1000,FALSE,FALSE,0.3302328969306973,no issue,FALSE
frame1002__s360783,C:/R_projects/spat_1f_noise/processed_feed\rep65\processed_rep65__cam4_s360783_rank1002.jpg,processed_rep65__cam4_s360783_rank1002.jpg,TRUE,rep65,cam4,360783,1002,0.9980512857437134,791.8555908203125,789.9215087890625,0.05753607675433159,834.10516357421875,820.9571533203125,0.06785965710878372,876.3546142578125,820.9571533203125,0.11746018379926682,837.5010482180294,810.9568134171908,2386,1000,1000,FALSE,FALSE,0.44089686776927495,no issue,FALSE
frame1003__s361144,C:/R_projects/spat_1f_noise/processed_feed\rep65\processed_rep65__cam4_s361144_rank1003.jpg,processed_rep65__cam4_s361144_rank1003.jpg,TRUE,rep65,cam4,361144,1003,0.9991043210029602,794.53173828125,790.3828125,0.07819146662950516,844.3743896484375,819.793212890625,0.04499364271759987,907.92388916015625,823.46954345703125,0.0521998405456543,845.2424623115578,810.6277219430485,2386,1000,1000,FALSE,FALSE,0.4155100134352596,no issue,FALSE
frame1004__s361504,C:/R_projects/spat_1f_noise/processed_feed\rep65\processed_rep65__cam4_s361504_rank1004.jpg,processed_rep65__cam4_s361504_rank1004.jpg,TRUE,rep65,cam4,361504,1004,0.9989933371543884,798.935546875,790.59033203125,0.05814432352781296,836.1429443359375,820.118408203125,0.060019589960575104,874.5906982421875,825.03973388671875,0.11395242810249329,842.5092111478507,811.9811053377421,2115.5,1000,1000,FALSE,FALSE,-0.05320379012782535,no issue,FALSE
frame1005__s361865,C:/R_projects/spat_1f_noise/processed_feed\rep65\processed_rep65__cam4_s361865_rank1005.jpg,processed_rep65__cam4_s361865_rank1005.jpg,TRUE,rep65,cam4,361865,1005,0.9980680346488952,797.103515625,787.238525390625,0.044682614505290985,830.67755126953125,820.7332763671875,0.09130297601222992,904.0430908203125,823.21435546875,0.05677692964673042,843.4075907590759,812.2322607260726,2422.5,1000,1000,FALSE,FALSE,0.4110662160038206,no issue,FALSE
frame1006__s362225,C:/R_projects/spat_1f_noise/processed_feed\rep65\processed_rep65__cam4_s362225_rank1006.jpg,processed_rep65__cam4_s362225_rank1006.jpg,TRUE,rep65,cam4,362225,1006,0.9979758858680724,803.9990234375,763.83148193359375,0.04380147159099579,831.2440185546875,819.7427978515625,0.08125697821378708,870.87310791015625,822.227783203125,0.12178502231836319,841.5014936519791,806.9320388349514,2676,1000,1000,FALSE,FALSE,0.776258826221769,no issue,FALSE
frame1007__s362585,C:/R_projects/spat_1f_noise/processed_feed\rep65\processed_rep65__cam4_s362585_rank1007.jpg,processed_rep65__cam4_s362585_rank1007.jpg,TRUE,rep65,cam4,362585,1007,0.9982547163963318,810.9530029296875,767.94622802734375,0.07674598693847656,832.190673828125,821.38128662109375,0.07708975672721863,903.39935302734375,821.38128662109375,0.061861634254455566,841.6295892402762,806.5154489276626,2750,1000,1000,FALSE,FALSE,0.8564538246920854,no issue,FALSE
frame1008__s362946,C:/R_projects/spat_1f_noise/processed_feed\rep65\processed_rep65__cam4_s362946_rank1008.jpg,processed_rep65__cam4_s362946_rank1008.jpg,TRUE,rep65,cam4,362946,1008,0.9983453750610352,800.567138671875,788.9110107421875,0.08691437542438507,841.48345947265625,825.022216796875,0.06666345149278641,904.71771240234375,822.53179931640625,0.052094027400016785,846.597152751058,812.8611004232397,2596.5,1000,1000,FALSE,FALSE,0.6059749080294746,no issue,FALSE
frame1009__s363306,C:/R_projects/spat_1f_noise/processed_feed\rep65\processed_rep65__cam4_s363306_rank1009.jpg,processed_rep65__cam4_s363306_rank1009.jpg,TRUE,rep65,cam4,363306,1009,0.9992889165878296,800.828125,791.835693359375,0.06411103159189224,841.86151123046875,821.1793212890625,0.05849705636501312,906.520263671875,819.95672607421875,0.07018545269966125,849.1213030432918,811.8825546506644,2330,1000,1000,FALSE,FALSE,0.09138710762247584,no issue,FALSE
frame1010__s363667,C:/R_projects/spat_1f_noise/processed_feed\rep65\processed_rep65__cam4_s363667_rank1010.jpg,processed_rep65__cam4_s363667_rank1010.jpg,TRUE,rep65,cam4,363667,1010,0.9988552331924438,798.7862548828125,788.79833984375,0.08506681025028229,835.95880126953125,820.82452392578125,0.06305079162120819,904.1083984375,822.0562744140625,0.06925775855779648,846.5318617242815,812.6863806747189,2401,1000,1000,FALSE,FALSE,0.20446571946264155,no issue,FALSE
frame1011__s364027,C:/R_projects/spat_1f_noise/processed_feed\rep65\processed_rep65__cam4_s364027_rank1011.jpg,processed_rep65__cam4_s364027_rank1011.jpg,TRUE,rep65,cam4,364027,1011,0.9991223216056824,796.289794921875,787.916015625,0.09184417873620987,844.984375,823.69940185546875,0.06552142649888992,903.66748046875,821.23162841796875,0.054691269993782043,844.5595486836606,811.5440869201839,2391,1000,1000,FALSE,FALSE,0.15525156539964952,no issue,FALSE
frame1012__s364387,C:/R_projects/spat_1f_noise/processed_feed\rep65\processed_rep65__cam4_s364387_rank1012.jpg,processed_rep65__cam4_s364387_rank1012.jpg,TRUE,rep65,cam4,364387,1012,0.9989380240440368,797.8240966796875,788.86383056640625,0.08943163603544235,842.509765625,827.48541259765625,0.04865870997309685,904.57330322265625,822.501953125,0.05903333052992821,842.1120436424675,814.2715065044063,2380,1000,1000,FALSE,FALSE,0.10947288885538707,no issue,FALSE
frame1013__s364748,C:/R_projects/spat_1f_noise/processed_feed\rep65\processed_rep65__cam4_s364748_rank1013.jpg,processed_rep65__cam4_s364748_rank1013.jpg,TRUE,rep65,cam4,364748,1013,0.9987139701843262,795.884521484375,787.35955810546875,0.07798701524734497,831.9866943359375,821.7191162109375,0.06634949147701263,871.8236083984375,822.94622802734375,2.769166946411133,833.734375,812.1484375,2052,1000,1000,FALSE,FALSE,-0.6239333540276052,no issue,FALSE
frame1014__s365108,C:/R_projects/spat_1f_noise/processed_feed\rep65\processed_rep65__cam4_s365108_rank1014.jpg,processed_rep65__cam4_s365108_rank1014.jpg,TRUE,rep65,cam4,365108,1014,0.9987165927886964,788.3406982421875,783.3968505859375,0.10239706188440323,834.200927734375,824.02825927734375,0.05257878452539444,903.61083984375,824.02825927734375,0.0685354471206665,840.0099960015993,813.5809676129549,2500,1000,1000,FALSE,FALSE,0.3062904079448253,no issue,FALSE
frame1015__s365469,C:/R_projects/spat_1f_noise/processed_feed\rep65\processed_rep65__cam4_s365469_rank1015.jpg,processed_rep65__cam4_s365469_rank1015.jpg,TRUE,rep65,cam4,365469,1015,0.9989004135131836,787.0501708984375,785.2198486328125,0.11150718480348587,831.86248779296875,820.8994140625,0.09646178036928177,875.42999267578125,824.5904541015625,2.467782974243164,899.5116279069767,823.8837209302326,42,1000,1000,FALSE,FALSE,-3.563854064632638,too small,FALSE
frame1016__s365829,C:/R_projects/spat_1f_noise/processed_feed\rep65\processed_rep65__cam4_s365829_rank1016.jpg,processed_rep65__cam4_s365829_rank1016.jpg,TRUE,rep65,cam4,365829,1016,0.9982733726501464,792.969970703125,788.66326904296875,0.08870392292737961,834.08154296875,820.9940185546875,0.08600471913814545,875.19317626953125,824.7244873046875,0.5817041993141174,836.9015047879617,812.1992704058367,2191.5,1000,1000,FALSE,FALSE,-0.12963460387362383,no issue,FALSE
frame1017__s366189,C:/R_projects/spat_1f_noise/processed_feed\rep65\processed_rep65__cam4_s366189_rank1017.jpg,processed_rep65__cam4_s366189_rank1017.jpg,TRUE,rep65,cam4,366189,1017,0.99885356426239,791.92498779296875,789.795654296875,0.08198526501655579,836.66229248046875,821.6370849609375,0.06607115268707275,875.18603515625,825.3111572265625,2.812703847885132,832.1181176470589,811.2131764705882,2128.5,1000,1000,FALSE,FALSE,-0.2275273341583136,no issue,FALSE
frame1018__s366550,C:/R_projects/spat_1f_noise/processed_feed\rep65\processed_rep65__cam4_s366550_rank1018.jpg,processed_rep65__cam4_s366550_rank1018.jpg,TRUE,rep65,cam4,366550,1018,0.9989542961120604,788.9208984375,790.39068603515625,0.0845104306936264,859.556640625,825.0098876953125,0.058870941400527954,904.16876220703125,822.53717041015625,0.06658484786748886,843.7730176625329,813.5193536264562,2657.5,1000,1000,FALSE,FALSE,0.6116219038768053,no issue,FALSE
frame1019__s366910,C:/R_projects/spat_1f_noise/processed_feed\rep65\processed_rep65__cam4_s366910_rank1019.jpg,processed_rep65__cam4_s366910_rank1019.jpg,TRUE,rep65,cam4,366910,1019,0.9991328120231628,787.276123046875,789.90570068359375,0.09963864833116531,859.372802734375,824.6646728515625,0.06922172009944916,904.12237548828125,820.9405517578125,0.07320529967546463,841.2537808926595,812.4640354112873,2707.5,1000,1000,FALSE,FALSE,0.7085100314930861,no issue,FALSE
frame1020__s367271,C:/R_projects/spat_1f_noise/processed_feed\rep65\processed_rep65__cam4_s367271_rank1020.jpg,processed_rep65__cam4_s367271_rank1020.jpg,TRUE,rep65,cam4,367271,1020,0.9986045956611632,784.7476806640625,792.27081298828125,0.08792325109243393,839.35064697265625,825.84259033203125,0.04167252033948898,907.60430908203125,822.11236572265625,0.058540623635053635,838.4340638216071,813.9515570934255,2598.5,1000,1000,FALSE,FALSE,0.5137602881245482,no issue,FALSE
frame1021__s367631,C:/R_projects/spat_1f_noise/processed_feed\rep65\processed_rep65__cam4_s367631_rank1021.jpg,processed_rep65__cam4_s367631_rank1021.jpg,TRUE,rep65,cam4,367631,1021,0.9989357590675354,783.0570068359375,792.70928955078125,0.09755616635084152,842.830810546875,826.4136962890625,0.07346157729625702,903.84979248046875,815.17889404296875,0.07005032151937485,842.4469273743017,813.3128491620112,2684,1000,1000,FALSE,FALSE,0.653574790465965,no issue,FALSE
frame1022__s367991,C:/R_projects/spat_1f_noise/processed_feed\rep65\processed_rep65__cam4_s367991_rank1022.jpg,processed_rep65__cam4_s367991_rank1022.jpg,TRUE,rep65,cam4,367991,1022,0.998842716217041,786.98876953125,793.3424072265625,0.08613800257444382,843.09759521484375,827.6092529296875,0.0696946382522583,904.1939697265625,816.59490966796875,0.059859782457351685,841.8139963167588,814.3307550644568,2712.5,1000,1000,FALSE,FALSE,0.7196039683912967,no issue,FALSE
frame1023__s368352,C:/R_projects/spat_1f_noise/processed_feed\rep65\processed_rep65__cam4_s368352_rank1023.jpg,processed_rep65__cam4_s368352_rank1023.jpg,TRUE,rep65,cam4,368352,1023,0.9987586736679076,784.7261962890625,793.87451171875,0.09154835343360901,840.57708740234375,828.51373291015625,0.0741344541311264,905.11590576171875,817.37969970703125,0.04140821099281311,838.710843373494,814.6700349786241,2572.5,1000,1000,FALSE,FALSE,0.5412818705035275,no issue,FALSE
frame1024__s368712,C:/R_projects/spat_1f_noise/processed_feed\rep65\processed_rep65__cam4_s368712_rank1024.jpg,processed_rep65__cam4_s368712_rank1024.jpg,TRUE,rep65,cam4,368712,1024,0.9984490871429444,792.018310546875,798.99468994140625,0.04219535365700722,839.43475341796875,822.5826416015625,0.05367239937186241,905.56829833984375,816.375244140625,0.053043995052576065,848.8070021881838,814.2739606126914,2284.5,1000,1000,FALSE,FALSE,0.2340615579052737,no issue,FALSE
frame1025__s369073,C:/R_projects/spat_1f_noise/processed_feed\rep65\processed_rep65__cam4_s369073_rank1025.jpg,processed_rep65__cam4_s369073_rank1025.jpg,TRUE,rep65,cam4,369073,1025,0.9992411136627196,786.36419677734375,799.10736083984375,0.05565348640084267,843.73712158203125,822.49395751953125,0.07264639437198639,904.8516845703125,818.80133056640625,0.04199443757534027,846.0935839803841,813.6501838986514,2449,1000,1000,FALSE,FALSE,0.4781945996928636,no issue,FALSE
frame1026__s369433,C:/R_projects/spat_1f_noise/processed_feed\rep65\processed_rep65__cam4_s369433_rank1026.jpg,processed_rep65__cam4_s369433_rank1026.jpg,TRUE,rep65,cam4,369433,1026,0.9977136850357056,790.89117431640625,798.90374755859375,0.03796117380261421,846.66107177734375,824.95263671875,0.06051390618085861,904.90966796875,817.51007080078125,0.05519609525799751,849.0354667753771,815.7488789237668,2453.5,1000,1000,FALSE,FALSE,0.48850306278758465,no issue,FALSE
frame1027__s369794,C:/R_projects/spat_1f_noise/processed_feed\rep65\processed_rep65__cam4_s369794_rank1027.jpg,processed_rep65__cam4_s369794_rank1027.jpg,TRUE,rep65,cam4,369794,1027,0.9983516931533812,787.95806884765625,797.88848876953125,0.0633092001080513,839.20623779296875,822.65673828125,0.050061825662851334,902.953857421875,822.65673828125,0.0596441775560379,840.3684440559441,814.5747377622378,2284,1000,1000,FALSE,FALSE,0.2841399216629553,no issue,FALSE
frame1028__s370154,C:/R_projects/spat_1f_noise/processed_feed\rep65\processed_rep65__cam4_s370154_rank1028.jpg,processed_rep65__cam4_s370154_rank1028.jpg,TRUE,rep65,cam4,370154,1028,0.9980401396751404,782.306396484375,793.81597900390625,0.06811027973890305,837.04376220703125,824.26788330078125,0.04035868123173714,906.70953369140625,820.6136474609375,0.07583296298980713,843.1402836335761,814.4599463395937,2613,1000,1000,FALSE,FALSE,0.6507757950825975,no issue,FALSE
frame1029__s370514,C:/R_projects/spat_1f_noise/processed_feed\rep65\processed_rep65__cam4_s370514_rank1029.jpg,processed_rep65__cam4_s370514_rank1029.jpg,TRUE,rep65,cam4,370514,1029,0.9982458353042604,796.2872314453125,776.991455078125,0.05845719948410988,824.9713134765625,826.1923828125,0.0308384969830513,864.879638671875,826.1923828125,0.14650073647499084,832.23973727422,812.4261083743843,2436.5,1000,1000,FALSE,FALSE,0.45169769193058135,no issue,FALSE
frame1030__s370875,C:/R_projects/spat_1f_noise/processed_feed\rep65\processed_rep65__cam4_s370875_rank1030.jpg,processed_rep65__cam4_s370875_rank1030.jpg,TRUE,rep65,cam4,370875,1030,0.997883141040802,800.30645751953125,785.38543701171875,0.052236158400774,832.78143310546875,830.77911376953125,0.04948849976062775,869.0035400390625,824.644775390625,2.9519946575164795,899.0666666666667,824.2,16.5,1000,1000,FALSE,FALSE,-2.210620952259096,too small,FALSE
frame1031__s371235,C:/R_projects/spat_1f_noise/processed_feed\rep65\processed_rep65__cam4_s371235_rank1031.jpg,processed_rep65__cam4_s371235_rank1031.jpg,TRUE,rep65,cam4,371235,1031,0.9970980882644652,794.817138671875,801.68035888671875,0.06247001886367798,838.1976318359375,831.2327880859375,0.059554386883974075,872.9019775390625,823.8446044921875,40.11726760864258,831.6220268872803,819.4674250258531,1935,1000,1000,FALSE,FALSE,-0.17142107079671454,no issue,FALSE
frame1032__s371596,C:/R_projects/spat_1f_noise/processed_feed\rep65\processed_rep65__cam4_s371596_rank1032.jpg,processed_rep65__cam4_s371596_rank1032.jpg,TRUE,rep65,cam4,371596,1032,0.998040735721588,793.5235595703125,796.86279296875,0.05621127784252167,840.67816162109375,828.97412109375,0.07594343274831772,908.92828369140625,822.798828125,0.05693492665886879,841.970818815331,818.3645470383275,2296,1000,1000,FALSE,FALSE,0.27722006740520244,no issue,FALSE
frame1033__s371956,C:/R_projects/spat_1f_noise/processed_feed\rep65\processed_rep65__cam4_s371956_rank1033.jpg,processed_rep65__cam4_s371956_rank1033.jpg,TRUE,rep65,cam4,371956,1033,0.9979526996612548,786.2694091796875,795.2625732421875,0.07339434325695038,841.0030517578125,830.1014404296875,0.11808846890926361,909.42010498046875,825.12451171875,0.06469975411891937,835.6739784946236,817.3432258064516,2321,1000,1000,FALSE,FALSE,0.35609114830046423,no issue,FALSE
frame1034__s372316,C:/R_projects/spat_1f_noise/processed_feed\rep65\processed_rep65__cam4_s372316_rank1034.jpg,processed_rep65__cam4_s372316_rank1034.jpg,TRUE,rep65,cam4,372316,1034,0.9979518055915833,792.62628173828125,793.60546875,0.06815365701913834,839.86260986328125,829.23699951171875,0.07155503332614899,874.6683349609375,824.322265625,12.565544128417969,828.7244133799301,816.610084872691,2005,1000,1000,FALSE,FALSE,0.02371247973995306,no issue,FALSE
frame1035__s372677,C:/R_projects/spat_1f_noise/processed_feed\rep65\processed_rep65__cam4_s372677_rank1035.jpg,processed_rep65__cam4_s372677_rank1035.jpg,TRUE,rep65,cam4,372677,1035,0.9982872605323792,786.46734619140625,789.73193359375,0.07382874190807343,834.8209228515625,829.69268798828125,0.04687328636646271,909.21112060546875,824.69757080078125,0.060554590076208115,836.8846456692913,816.5425196850393,2542.5,1000,1000,FALSE,FALSE,0.6521147405106077,no issue,FALSE
frame1036__s373037,C:/R_projects/spat_1f_noise/processed_feed\rep65\processed_rep65__cam4_s373037_rank1036.jpg,processed_rep65__cam4_s373037_rank1036.jpg,TRUE,rep65,cam4,373037,1036,0.9976981282234192,788.492431640625,798.33587646484375,0.06963592767715454,837.1002197265625,828.05572509765625,0.0650409683585167,910.635009765625,824.3408203125,0.050399310886859894,905.021052631579,822.3473684210526,93,1000,1000,FALSE,FALSE,-2.1109403282665395,too small,FALSE
frame1037__s373398,C:/R_projects/spat_1f_noise/processed_feed\rep65\processed_rep65__cam4_s373398_rank1037.jpg,processed_rep65__cam4_s373398_rank1037.jpg,TRUE,rep65,cam4,373398,1037,0.9979829788208008,786.717041015625,796.37274169921875,0.06927996873855591,838.91546630859375,831.3477783203125,0.057553477585315704,873.71435546875,821.35491943359375,20.30232810974121,827.5434277751974,817.4073385973061,2152,1000,1000,FALSE,FALSE,0.2429306725322236,no issue,FALSE
frame1038__s373758,C:/R_projects/spat_1f_noise/processed_feed\rep65\processed_rep65__cam4_s373758_rank1038.jpg,processed_rep65__cam4_s373758_rank1038.jpg,TRUE,rep65,cam4,373758,1038,0.998297393321991,787.26202392578125,797.66595458984375,0.07806394249200821,844.2335205078125,826.3275146484375,0.07636194676160812,904.920654296875,821.3428955078125,0.04842598736286163,842.1546832491256,815.9984453944811,2568,1000,1000,FALSE,FALSE,0.7545476254684982,no issue,FALSE
frame1039__s374119,C:/R_projects/spat_1f_noise/processed_feed\rep65\processed_rep65__cam4_s374119_rank1039.jpg,processed_rep65__cam4_s374119_rank1039.jpg,TRUE,rep65,cam4,374119,1039,0.9973710775375366,795.2713623046875,783.5924072265625,0.05549312382936478,818.95379638671875,825.86053466796875,0.040782783180475235,871.30426025390625,824.61737060546875,0.038611192256212234,903.4230769230769,821.7692307692307,26.5,1000,1000,FALSE,FALSE,-2.1985836921484716,too small,FALSE
frame1040__s374479,C:/R_projects/spat_1f_noise/processed_feed\rep65\processed_rep65__cam4_s374479_rank1040.jpg,processed_rep65__cam4_s374479_rank1040.jpg,TRUE,rep65,cam4,374479,1040,0.998524844646454,786.50262451171875,792.908447265625,0.07814912497997284,838.5897216796875,829.97412109375,0.04142657667398453,877.034912109375,821.325439453125,0.5034795999526978,898.6727272727272,822.2727272727273,53,1000,1000,FALSE,FALSE,-2.167303937874771,too small,FALSE
frame1041__s374839,C:/R_projects/spat_1f_noise/processed_feed\rep65\processed_rep65__cam4_s374839_rank1041.jpg,processed_rep65__cam4_s374839_rank1041.jpg,TRUE,rep65,cam4,374839,1041,0.99811851978302,785.72052001953125,790.9022216796875,0.08542568236589432,835.5562744140625,829.367919921875,0.06152947619557381,872.93310546875,820.68212890625,13.70853042602539,825.9018053720828,815.7837956847204,2275,1000,1000,FALSE,FALSE,0.45389736971947353,no issue,FALSE
frame1042__s375200,C:/R_projects/spat_1f_noise/processed_feed\rep65\processed_rep65__cam4_s375200_rank1042.jpg,processed_rep65__cam4_s375200_rank1042.jpg,TRUE,rep65,cam4,375200,1042,0.999097228050232,786.67205810546875,789.02166748046875,0.06217768415808678,840.27294921875,830.0426025390625,0.04655998572707176,906.33935546875,821.3411865234375,0.08572622388601303,839.7371841155235,814.3379061371841,2772,1000,1000,FALSE,FALSE,1.054079218785527,no issue,FALSE
frame1043__s375560,C:/R_projects/spat_1f_noise/processed_feed\rep65\processed_rep65__cam4_s375560_rank1043.jpg,processed_rep65__cam4_s375560_rank1043.jpg,TRUE,rep65,cam4,375560,1043,0.9926579594612122,790.259521484375,809.10009765625,0.04673269763588905,832.4473876953125,847.365234375,0.07299607247114182,873.3944091796875,823.91241455078125,0.07742338627576828,834.7247141600703,831.1811785400176,2277.5,1000,1000,FALSE,FALSE,0.4754407297476847,no issue,FALSE
frame1044__s375921,C:/R_projects/spat_1f_noise/processed_feed\rep65\processed_rep65__cam4_s375921_rank1044.jpg,processed_rep65__cam4_s375921_rank1044.jpg,TRUE,rep65,cam4,375921,1044,0.995360791683197,808.3043212890625,788.50335693359375,0.05117213353514671,841.8646240234375,838.917236328125,0.05833456665277481,874.18206787109375,827.850830078125,1.329269528388977,834.8417166589755,820.5759113982464,2174,1000,1000,FALSE,FALSE,0.42573597808505914,no issue,FALSE
frame1045__s376281,C:/R_projects/spat_1f_noise/processed_feed\rep65\processed_rep65__cam4_s376281_rank1045.jpg,processed_rep65__cam4_s376281_rank1045.jpg,TRUE,rep65,cam4,376281,1045,0.9975473284721376,795.29571533203125,794.8272705078125,0.07376561313867569,838.798095703125,831.9649658203125,0.05446755141019821,874.84283447265625,825.7752685546875,26.074312210083008,830.343779677113,818.701804368471,2110,1000,1000,FALSE,FALSE,0.36681562272970175,no issue,FALSE
frame1046__s376641,C:/R_projects/spat_1f_noise/processed_feed\rep65\processed_rep65__cam4_s376641_rank1046.jpg,processed_rep65__cam4_s376641_rank1046.jpg,TRUE,rep65,cam4,376641,1046,0.9977230429649352,790.5595703125,803.35504150390625,0.061259374022483826,841.44012451171875,830.6802978515625,0.07155159115791321,874.94683837890625,821.98583984375,3.20106840133667,831.757560483871,819.3024193548387,1986,1000,1000,FALSE,FALSE,0.16014471572346373,no issue,FALSE
frame1047__s377002,C:/R_projects/spat_1f_noise/processed_feed\rep65\processed_rep65__cam4_s377002_rank1047.jpg,processed_rep65__cam4_s377002_rank1047.jpg,TRUE,rep65,cam4,377002,1047,0.9967795014381408,792.8441162109375,800.43975830078125,0.0495900996029377,838.90936279296875,830.41693115234375,0.050152651965618134,873.76959228515625,825.420654296875,1.7950719594955444,831.7868504772005,819.2979851537646,1887,1000,1000,FALSE,FALSE,0.10522995850818169,no issue,FALSE
frame1048__s377362,C:/R_projects/spat_1f_noise/processed_feed\rep65\processed_rep65__cam4_s377362_rank1048.jpg,processed_rep65__cam4_s377362_rank1048.jpg,TRUE,rep65,cam4,377362,1048,0.9984530210494996,788.1241455078125,799.3748779296875,0.0664648711681366,836.51055908203125,834.80517578125,0.04473412036895752,873.73077392578125,827.4747314453125,2.018699884414673,897.8947368421053,826.7631578947369,35.5,1000,1000,FALSE,FALSE,-1.9720442425428588,no issue,FALSE
frame1049__s377723,C:/R_projects/spat_1f_noise/processed_feed\rep65\processed_rep65__cam4_s377723_rank1049.jpg,processed_rep65__cam4_s377723_rank1049.jpg,TRUE,rep65,cam4,377723,1049,0.9979148507118224,792.1251220703125,795.5074462890625,0.06053959205746651,836.9366455078125,832.55499267578125,0.04622086510062218,874.2796630859375,823.9105224609375,3.449040412902832,830.9686346863468,820.2615313653137,2175.5,1000,1000,FALSE,FALSE,0.4749146020747482,no issue,FALSE
frame1050__s378083,C:/R_projects/spat_1f_noise/processed_feed\rep65\processed_rep65__cam4_s378083_rank1050.jpg,processed_rep65__cam4_s378083_rank1050.jpg,TRUE,rep65,cam4,378083,1050,0.9985029697418212,788.25616455078125,792.21588134765625,0.07249324768781662,837.750732421875,829.56512451171875,0.051156241446733475,873.63433837890625,824.58526611328125,4.6797637939453125,827.8156398104265,817.381990521327,2115,1000,1000,FALSE,FALSE,0.40686050063365603,no issue,FALSE
frame1051__s378444,C:/R_projects/spat_1f_noise/processed_feed\rep65\processed_rep65__cam4_s378444_rank1051.jpg,processed_rep65__cam4_s378444_rank1051.jpg,TRUE,rep65,cam4,378444,1051,0.9982726573944092,822.43170166015625,786.7979736328125,0.07963991165161133,839.7947998046875,834.16656494140625,0.06237638741731644,873.28057861328125,827.933837890625,0.05075703561306,838.9990352146648,817.7969126869272,2071,1000,1000,FALSE,FALSE,0.34641162456106595,no issue,FALSE
frame1052__s378804,C:/R_projects/spat_1f_noise/processed_feed\rep65\processed_rep65__cam4_s378804_rank1052.jpg,processed_rep65__cam4_s378804_rank1052.jpg,TRUE,rep65,cam4,378804,1052,0.9964717626571656,819.7801513671875,779.25567626953125,0.02899204008281231,835.92376708984375,836.312255859375,0.02932337485253811,866.96923828125,828.8701171875,1.2831087112426758,835.5079819893574,813.749079001228,2445.5,1000,1000,FALSE,FALSE,0.710349690823138,no issue,FALSE
frame1053__s379164,C:/R_projects/spat_1f_noise/processed_feed\rep65\processed_rep65__cam4_s379164_rank1053.jpg,processed_rep65__cam4_s379164_rank1053.jpg,TRUE,rep65,cam4,379164,1053,0.9982958436012268,808.628662109375,797.64306640625,0.07255471497774124,842.28204345703125,836.37646484375,0.051961660385131836,869.7032470703125,826.3807373046875,3.3010406494140625,837.6149679960611,820.7016248153619,2034.5,1000,1000,FALSE,FALSE,0.20999086051977275,no issue,FALSE
frame1054__s379525,C:/R_projects/spat_1f_noise/processed_feed\rep65\processed_rep65__cam4_s379525_rank1054.jpg,processed_rep65__cam4_s379525_rank1054.jpg,TRUE,rep65,cam4,379525,1054,0.9972327351570128,805.6473388671875,804.38409423828125,0.052633967250585556,835.37591552734375,842.41339111328125,0.05830353498458862,873.775390625,826.465576171875,0.06147867068648338,836.5295787979177,827.2981542830099,2117,1000,1000,FALSE,FALSE,0.3089784920899633,no issue,FALSE
frame1055__s379885,C:/R_projects/spat_1f_noise/processed_feed\rep65\processed_rep65__cam4_s379885_rank1055.jpg,processed_rep65__cam4_s379885_rank1055.jpg,TRUE,rep65,cam4,379885,1055,0.9953717589378356,803.55889892578125,803.4664306640625,0.05562051013112068,838.3492431640625,849.6251220703125,0.06516137719154358,873.1395263671875,825.92193603515625,0.07774931937456131,836.5569620253165,831.0849909584086,2214,1000,1000,FALSE,FALSE,0.3537254210865897,no issue,FALSE
frame1056__s380246,C:/R_projects/spat_1f_noise/processed_feed\rep65\processed_rep65__cam4_s380246_rank1056.jpg,processed_rep65__cam4_s380246_rank1056.jpg,TRUE,rep65,cam4,380246,1056,0.9949125051498412,813.40789794921875,805.2337646484375,0.020267363637685776,839.33624267578125,848.7784423828125,0.08805368095636368,875.1419677734375,825.139892578125,0.035020750015974045,841.2838862559241,831.7308056872038,2113,1000,1000,FALSE,FALSE,0.13934930756941763,no issue,FALSE
frame1057__s380606,C:/R_projects/spat_1f_noise/processed_feed\rep65\processed_rep65__cam4_s380606_rank1057.jpg,processed_rep65__cam4_s380606_rank1057.jpg,TRUE,rep65,cam4,380606,1057,0.997657299041748,792.7276611328125,802.2406005859375,0.07579538226127625,833.8499755859375,842.221923828125,0.08545771986246109,873.7261962890625,825.97955322265625,0.07144349068403244,831.6753597122303,825.1110611510792,2223.5,1000,1000,FALSE,FALSE,0.29363817905455164,no issue,FALSE
frame1058__s380967,C:/R_projects/spat_1f_noise/processed_feed\rep65\processed_rep65__cam4_s380967_rank1058.jpg,processed_rep65__cam4_s380967_rank1058.jpg,TRUE,rep65,cam4,380967,1058,0.997452676296234,797.4288330078125,805.739013671875,0.04685139283537865,836.13006591796875,840.185546875,0.055949751287698746,873.58282470703125,824.1925048828125,0.07295715063810349,834.52527161077,825.5767595654228,2117,1000,1000,FALSE,FALSE,0.1573456824911872,no issue,FALSE
frame1059__s381327,C:/R_projects/spat_1f_noise/processed_feed\rep65\processed_rep65__cam4_s381327_rank1059.jpg,processed_rep65__cam4_s381327_rank1059.jpg,TRUE,rep65,cam4,381327,1059,0.9967130422592164,795.9852294921875,797.455078125,0.0692487433552742,831.87103271484375,841.974853515625,0.05604403093457222,867.7568359375,829.60821533203125,0.16665074229240417,902.2,829.2,5.5,1000,1000,FALSE,FALSE,-2.866266359854143,too small,FALSE
frame1060__s381687,C:/R_projects/spat_1f_noise/processed_feed\rep65\processed_rep65__cam4_s381687_rank1060.jpg,processed_rep65__cam4_s381687_rank1060.jpg,TRUE,rep65,cam4,381687,1060,0.9966467022895812,801.00579833984375,798.580078125,0.07086999714374542,833.19140625,840.974365234375,0.0463622510433197,872.80450439453125,826.01165771484375,0.06379283964633942,834.2510479739171,824.8467629250116,2147.5,1000,1000,FALSE,FALSE,0.15798728176307322,no issue,FALSE
frame1061__s382048,C:/R_projects/spat_1f_noise/processed_feed\rep65\processed_rep65__cam4_s382048_rank1061.jpg,processed_rep65__cam4_s382048_rank1061.jpg,TRUE,rep65,cam4,382048,1061,0.997210681438446,805.93634033203125,802.6724853515625,0.06669921427965164,832.0634765625,843.60345458984375,0.05822794884443283,874.36456298828125,824.99847412109375,0.07620684802532196,834.4909930715935,826.4387990762125,2167.5,1000,1000,FALSE,FALSE,0.16336300785536276,no issue,FALSE
frame1062__s382408,C:/R_projects/spat_1f_noise/processed_feed\rep65\processed_rep65__cam4_s382408_rank1062.jpg,processed_rep65__cam4_s382408_rank1062.jpg,TRUE,rep65,cam4,382408,1062,0.9965870380401612,798.5596923828125,797.623291015625,0.08558807522058487,833.43902587890625,846.27008056640625,0.07350196689367294,905.68896484375,827.55975341796875,0.060432687401771545,900.9540229885057,824.2413793103449,84.5,1000,1000,FALSE,FALSE,-2.7387838879636313,too small,FALSE
frame1063__s382769,C:/R_projects/spat_1f_noise/processed_feed\rep65\processed_rep65__cam4_s382769_rank1063.jpg,processed_rep65__cam4_s382769_rank1063.jpg,TRUE,rep65,cam4,382769,1063,0.9748535752296448,815.1334228515625,832.51959228515625,0.048817504197359085,836.2611083984375,842.4117431640625,0.030294671654701233,873.54522705078125,823.8638916015625,0.019879866391420364,844.5177514792899,832.1952662721893,1695.5,1000,1000,FALSE,FALSE,-0.5497068814574351,no issue,FALSE
frame1064__s383129,C:/R_projects/spat_1f_noise/processed_feed\rep65\processed_rep65__cam4_s383129_rank1064.jpg,processed_rep65__cam4_s383129_rank1064.jpg,TRUE,rep65,cam4,383129,1064,0.9954046010971068,793.9931640625,809.90875244140625,0.027286235243082047,844.642578125,835.8348388671875,0.030634606257081032,871.8203125,825.95819091796875,0.8179274797439575,836.3227370689655,824.5975215517242,1859,1000,1000,FALSE,FALSE,-0.5195991681967523,no issue,FALSE
frame1065__s383490,C:/R_projects/spat_1f_noise/processed_feed\rep65\processed_rep65__cam4_s383490_rank1065.jpg,processed_rep65__cam4_s383490_rank1065.jpg,TRUE,rep65,cam4,383490,1065,0.9968851208686828,800.169189453125,803.3365478515625,0.053550105541944504,835.0985107421875,840.52984619140625,0.04623933136463165,872.522705078125,824.41278076171875,0.047800272703170776,834.2018209408194,825.8811330298432,1980.5,1000,1000,FALSE,FALSE,-0.3607867456104556,no issue,FALSE
frame1066__s383850,C:/R_projects/spat_1f_noise/processed_feed\rep65\processed_rep65__cam4_s383850_rank1066.jpg,processed_rep65__cam4_s383850_rank1066.jpg,TRUE,rep65,cam4,383850,1066,0.9989007711410522,791.131103515625,784.20111083984375,0.06722664833068848,835.7393798828125,831.37060546875,0.05723902955651283,877.869384765625,825.16412353515625,0.49989190697669983,832.1408296943231,815.1801310043668,2746.5,1000,1000,FALSE,FALSE,0.7357872419218171,no issue,FALSE
frame1067__s384211,C:/R_projects/spat_1f_noise/processed_feed\rep65\processed_rep65__cam4_s384211_rank1067.jpg,processed_rep65__cam4_s384211_rank1067.jpg,TRUE,rep65,cam4,384211,1067,0.9990087747573853,781.68505859375,788.61456298828125,0.08134737610816956,836.554931640625,829.6932373046875,0.12081774324178696,877.7073974609375,820.97955322265625,0.7567970156669617,831.2374719521316,815.1503365744203,2674.5,1000,1000,FALSE,FALSE,0.568733341758872,no issue,FALSE
frame1068__s384571,C:/R_projects/spat_1f_noise/processed_feed\rep65\processed_rep65__cam4_s384571_rank1068.jpg,processed_rep65__cam4_s384571_rank1068.jpg,TRUE,rep65,cam4,384571,1068,0.9990711212158204,782.93603515625,787.5853271484375,0.09985808283090591,831.4222412109375,832.06939697265625,0.04925529658794403,868.71942138671875,825.89105224609375,5.374337673187256,824.5820215410108,815.4780447390224,2417.5,1000,1000,FALSE,FALSE,0.17699111579401608,no issue,FALSE
frame1069__s384931,C:/R_projects/spat_1f_noise/processed_feed\rep65\processed_rep65__cam4_s384931_rank1069.jpg,processed_rep65__cam4_s384931_rank1069.jpg,TRUE,rep65,cam4,384931,1069,0.998738706111908,781.41143798828125,788.5909423828125,0.08953393995761871,833.5677490234375,831.9351806640625,0.07005271315574646,872.0640869140625,825.7431640625,4.8171772956848145,825.0681907765077,816.121403232164,2540,1000,1000,FALSE,FALSE,0.3202511472402941,no issue,FALSE
frame1070__s385292,C:/R_projects/spat_1f_noise/processed_feed\rep65\processed_rep65__cam4_s385292_rank1070.jpg,processed_rep65__cam4_s385292_rank1070.jpg,TRUE,rep65,cam4,385292,1070,0.9988634586334229,784.592041015625,788.6707763671875,0.08408177644014359,834.5208740234375,829.55877685546875,0.09814605116844177,875.71221923828125,823.3636474609375,31.270959854125977,828.3237945903567,814.843982751862,2552.5,1000,1000,FALSE,FALSE,0.3212422152279231,no issue,FALSE
frame1071__s385652,C:/R_projects/spat_1f_noise/processed_feed\rep65\processed_rep65__cam4_s385652_rank1071.jpg,processed_rep65__cam4_s385652_rank1071.jpg,TRUE,rep65,cam4,385652,1071,0.9988137483596802,781.5806884765625,786.7271728515625,0.07927870750427246,833.641845703125,830.351318359375,0.08083676546812057,874.54705810546875,825.36572265625,111.83824920654297,824.0959183673469,814.3926530612245,2451,1000,1000,FALSE,FALSE,0.1494949286591265,no issue,FALSE
frame1072__s386013,C:/R_projects/spat_1f_noise/processed_feed\rep65\processed_rep65__cam4_s386013_rank1072.jpg,processed_rep65__cam4_s386013_rank1072.jpg,TRUE,rep65,cam4,386013,1072,0.9983217120170592,786.86083984375,792.29498291015625,0.06440498679876328,834.06951904296875,830.69183349609375,0.0736326277256012,875.0665283203125,826.97601318359375,3.896742343902588,824.932560137457,815.7388316151203,2330,1000,1000,FALSE,FALSE,-0.04930197319170375,no issue,FALSE
frame1073__s386373,C:/R_projects/spat_1f_noise/processed_feed\rep65\processed_rep65__cam4_s386373_rank1073.jpg,processed_rep65__cam4_s386373_rank1073.jpg,TRUE,rep65,cam4,386373,1073,0.9987603425979614,783.4852294921875,791.96197509765625,0.0647357851266861,831.93572998046875,830.5145263671875,0.10342720150947571,870.4476318359375,821.80914306640625,4.207215309143066,825.745871929118,815.6906967378171,2486,1000,1000,FALSE,FALSE,0.16395313563185265,no issue,FALSE
frame1074__s386734,C:/R_projects/spat_1f_noise/processed_feed\rep65\processed_rep65__cam4_s386734_rank1074.jpg,processed_rep65__cam4_s386734_rank1074.jpg,TRUE,rep65,cam4,386734,1074,0.9989396929740906,784.149169921875,793.27490234375,0.07484277337789536,835.13494873046875,829.23944091796875,0.0832376703619957,876.17236328125,824.27880859375,10.679380416870117,828.6929892141757,815.5862865947612,2597,1000,1000,FALSE,FALSE,0.30625539092028536,no issue,FALSE
frame1075__s387094,C:/R_projects/spat_1f_noise/processed_feed\rep65\processed_rep65__cam4_s387094_rank1075.jpg,processed_rep65__cam4_s387094_rank1075.jpg,TRUE,rep65,cam4,387094,1075,0.998966097831726,774.8873291015625,787.0579833984375,0.09702453762292862,832.28179931640625,828.91259765625,0.08027783781290054,878.44696044921875,825.2196044921875,0.8710038065910339,828.197334320622,814.6812291743798,2704,1000,1000,FALSE,FALSE,0.44509893650726,no issue,FALSE
frame1076__s387454,C:/R_projects/spat_1f_noise/processed_feed\rep65\processed_rep65__cam4_s387454_rank1076.jpg,processed_rep65__cam4_s387454_rank1076.jpg,TRUE,rep65,cam4,387454,1076,0.9986372590065002,774.416748046875,793.380615234375,0.064914606511592865,816.7318115234375,830.26788330078125,0.07506650686264038,871.4925537109375,824.11993408203125,0.09410881251096725,822.4776699029126,817.7568932038835,2578,1000,1000,FALSE,FALSE,0.1828478476819456,no issue,FALSE
frame1077__s387815,C:/R_projects/spat_1f_noise/processed_feed\rep65\processed_rep65__cam4_s387815_rank1077.jpg,processed_rep65__cam4_s387815_rank1077.jpg,TRUE,rep65,cam4,387815,1077,0.9986735582351683,778.759521484375,796.14996337890625,0.07654077559709549,820.99005126953125,832.358642578125,0.048981424421072006,873.1572265625,824.8671875,0.05548294261097908,823.2872340425532,818.8029944838455,2541.5,1000,1000,FALSE,FALSE,0.08921356567471382,no issue,FALSE
frame1078__s388175,C:/R_projects/spat_1f_noise/processed_feed\rep65\processed_rep65__cam4_s388175_rank1078.jpg,processed_rep65__cam4_s388175_rank1078.jpg,TRUE,rep65,cam4,388175,1078,0.9985824823379515,779.2403564453125,794.429443359375,0.07265625894069672,822.8863525390625,834.07354736328125,0.05479685217142105,900.20208740234375,814.2515869140625,0.041530631482601166,832.7498316498317,818.0030303030303,2969.5,1000,1000,FALSE,FALSE,1.2845486037135916,no issue,FALSE
frame1079__s388536,C:/R_projects/spat_1f_noise/processed_feed\rep65\processed_rep65__cam4_s388536_rank1079.jpg,processed_rep65__cam4_s388536_rank1079.jpg,TRUE,rep65,cam4,388536,1079,0.9987634420394896,775.43798828125,784.828369140625,0.06887366622686386,820.1378173828125,830.824951171875,0.05182786285877228,864.83758544921875,824.609130859375,0.5506686568260193,826.0371900826447,815.047520661157,2907,1000,1000,FALSE,FALSE,1.1741542472535629,no issue,FALSE
frame1080__s388896,C:/R_projects/spat_1f_noise/processed_feed\rep65\processed_rep65__cam4_s388896_rank1080.jpg,processed_rep65__cam4_s388896_rank1080.jpg,TRUE,rep65,cam4,388896,1080,0.998933732509613,773.4739990234375,786.93408203125,0.11758293211460114,819.7056884765625,831.2940673828125,0.06722089648246765,863.4383544921875,822.66851806640625,0.16551871597766876,824.3015267175573,815.7297015961138,2884,1000,1000,FALSE,FALSE,1.1687072566291308,no issue,FALSE
frame1081__s389256,C:/R_projects/spat_1f_noise/processed_feed\rep65\processed_rep65__cam4_s389256_rank1081.jpg,processed_rep65__cam4_s389256_rank1081.jpg,TRUE,rep65,cam4,389256,1081,0.9985675811767578,776.5479736328125,783.2744140625,0.07118090987205505,828.77880859375,833.78204345703125,0.039252303540706635,869.8173828125,822.69500732421875,0.06257687509059906,829.1835401698237,815.1417374265186,3064,1000,1000,FALSE,FALSE,2.0675176043860777,too big,FALSE
frame1082__s389617,C:/R_projects/spat_1f_noise/processed_feed\rep65\processed_rep65__cam4_s389617_rank1082.jpg,processed_rep65__cam4_s389617_rank1082.jpg,TRUE,rep65,cam4,389617,1082,0.9989857077598572,770.684814453125,788.4241943359375,0.09330819547176361,825.58843994140625,833.324951171875,0.05560559034347534,897.96136474609375,820.85260009765625,0.04661978781223297,828.1102080624187,815.3823146944084,3075,1000,1000,FALSE,FALSE,2.1017264663643327,too big,FALSE
frame1083__s389977,C:/R_projects/spat_1f_noise/processed_feed\rep65\processed_rep65__cam4_s389977_rank1083.jpg,processed_rep65__cam4_s389977_rank1083.jpg,TRUE,rep65,cam4,389977,1083,0.9990360736846924,770.02288818359375,787.05963134765625,0.10432825237512589,827.18499755859375,829.16412353515625,0.06662900000810623,869.4351806640625,820.49554443359375,3.654782295227051,823.4186374867631,813.852100247088,2836.5,1000,1000,FALSE,FALSE,1.064307369064937,no issue,FALSE
frame1084__s390338,C:/R_projects/spat_1f_noise/processed_feed\rep65\processed_rep65__cam4_s390338_rank1084.jpg,processed_rep65__cam4_s390338_rank1084.jpg,TRUE,rep65,cam4,390338,1084,0.9982720613479614,776.95672607421875,796.33905029296875,0.06730610877275467,837.6400146484375,830.6590576171875,0.054223157465457916,876.031494140625,820.853271484375,1.2165980339050293,829.9841562269712,816.5084745762712,2711,1000,1000,FALSE,FALSE,0.5180736283379885,no issue,FALSE
frame1085__s390698,C:/R_projects/spat_1f_noise/processed_feed\rep65\processed_rep65__cam4_s390698_rank1085.jpg,processed_rep65__cam4_s390698_rank1085.jpg,TRUE,rep65,cam4,390698,1085,0.9986741542816162,776.9783935546875,794.850830078125,0.09892253577709198,836.8121337890625,827.29559326171875,0.07359325885772705,876.70135498046875,819.808349609375,6.40077018737793,826.3671089666265,814.8009650180941,2486.5,1000,1000,FALSE,FALSE,-0.33280735465298783,no issue,FALSE
frame1086__s391059,C:/R_projects/spat_1f_noise/processed_feed\rep65\processed_rep65__cam4_s391059_rank1086.jpg,processed_rep65__cam4_s391059_rank1086.jpg,TRUE,rep65,cam4,391059,1086,0.999213933944702,768.44970703125,786.59478759765625,0.08879726380109787,825.9400634765625,829.086181640625,0.07643360644578934,868.4329833984375,822.83746337890625,4.674842834472656,822.9837720879914,814.5138838802741,2773.5,1000,1000,FALSE,FALSE,0.7905829766007878,no issue,FALSE
frame1087__s391419,C:/R_projects/spat_1f_noise/processed_feed\rep65\processed_rep65__cam4_s391419_rank1087.jpg,processed_rep65__cam4_s391419_rank1087.jpg,TRUE,rep65,cam4,391419,1087,0.997569978237152,798.478515625,788.0283203125,0.08564458787441254,828.355224609375,839.60479736328125,0.06380440294742584,873.17022705078125,822.41265869140625,0.026471517980098724,832.2514814814815,821.0107407407407,2702,1000,1000,FALSE,FALSE,0.5305009010564412,no issue,FALSE
frame1088__s391779,C:/R_projects/spat_1f_noise/processed_feed\rep65\processed_rep65__cam4_s391779_rank1088.jpg,processed_rep65__cam4_s391779_rank1088.jpg,TRUE,rep65,cam4,391779,1088,0.9972565770149232,801.4456787109375,796.4522705078125,0.08453483879566193,827.56439208984375,840.9139404296875,0.04866160452365875,872.33935546875,824.85833740234375,0.06765981018543243,831.162635529608,824.7985821517932,2399,1000,1000,FALSE,FALSE,-0.6408826403589695,no issue,FALSE
frame1089__s392140,C:/R_projects/spat_1f_noise/processed_feed\rep65\processed_rep65__cam4_s392140_rank1089.jpg,processed_rep65__cam4_s392140_rank1089.jpg,TRUE,rep65,cam4,392140,1089,0.9981122016906738,793.019775390625,797.42852783203125,0.05196073278784752,831.69549560546875,841.771728515625,0.046766262501478195,871.6187744140625,826.99066162109375,0.05079995095729828,828.8462789751932,822.3782025213501,2462,1000,1000,FALSE,FALSE,-0.451824003208372,no issue,FALSE
frame1090__s392500,C:/R_projects/spat_1f_noise/processed_feed\rep65\processed_rep65__cam4_s392500_rank1090.jpg,processed_rep65__cam4_s392500_rank1090.jpg,TRUE,rep65,cam4,392500,1090,0.9976575374603271,786.7896728515625,798.25390625,0.0698355957865715,831.68707275390625,837.601806640625,0.05321873724460602,874.090087890625,821.61676025390625,0.056357432156801224,829.0746513535685,821.4011484823626,2438.5,1000,1000,FALSE,FALSE,-0.5602672609466026,no issue,FALSE
frame1091__s392861,C:/R_projects/spat_1f_noise/processed_feed\rep65\processed_rep65__cam4_s392861_rank1091.jpg,processed_rep65__cam4_s392861_rank1091.jpg,TRUE,rep65,cam4,392861,1091,0.9981610178947448,788.37774658203125,801.536865234375,0.05196268856525421,837.03131103515625,838.3741455078125,0.052093666046857834,898.16009521484375,816.2718505859375,0.04851648956537247,834.0181012190617,820.6047284817141,2705.5,1000,1000,FALSE,FALSE,0.24699927181156328,no issue,FALSE
frame1092__s393221,C:/R_projects/spat_1f_noise/processed_feed\rep65\processed_rep65__cam4_s393221_rank1092.jpg,processed_rep65__cam4_s393221_rank1092.jpg,TRUE,rep65,cam4,393221,1092,0.9971587657928468,792.42645263671875,788.5230712890625,0.06753731518983841,834.64605712890625,839.4122314453125,0.07609926164150238,866.9317626953125,825.759033203125,0.061601802706718445,829.6185213414634,820.546493902439,2629.5,1000,1000,FALSE,FALSE,-0.05531313488074231,no issue,FALSE
frame1093__s393581,C:/R_projects/spat_1f_noise/processed_feed\rep65\processed_rep65__cam4_s393581_rank1093.jpg,processed_rep65__cam4_s393581_rank1093.jpg,TRUE,rep65,cam4,393581,1093,0.9979541301727296,787.29791259765625,791.35870361328125,0.054461538791656494,837.0869140625,837.34002685546875,0.07042740285396576,870.694580078125,826.1553955078125,0.6254580020904541,828.3984658861526,818.881308033912,2480,1000,1000,FALSE,FALSE,-0.531713841661186,no issue,FALSE
frame1094__s393942,C:/R_projects/spat_1f_noise/processed_feed\rep65\processed_rep65__cam4_s393942_rank1094.jpg,processed_rep65__cam4_s393942_rank1094.jpg,TRUE,rep65,cam4,393942,1094,0.9907816052436828,790.80474853515625,838.1988525390625,0.017685716971755028,843.26605224609375,828.4346923828125,0.05342067405581474,803.2955322265625,823.55255126953125,0.6259444952011108,849.1573688592839,822.3626144879267,2398.5,1000,1000,FALSE,FALSE,-0.7574271002753373,no issue,FALSE
frame1095__s394302,C:/R_projects/spat_1f_noise/processed_feed\rep65\processed_rep65__cam4_s394302_rank1095.jpg,processed_rep65__cam4_s394302_rank1095.jpg,TRUE,rep65,cam4,394302,1095,0.990626335144043,905.87274169921875,807.023193359375,0.0463968962430954,836.389404296875,829.0166015625,0.048775069415569305,792.962158203125,830.2384033203125,0.1924499273300171,840.3147632311977,823.7990449661759,2515,1000,1000,FALSE,FALSE,-0.46618401907894735,no issue,FALSE
frame1096__s394663,C:/R_projects/spat_1f_noise/processed_feed\rep65\processed_rep65__cam4_s394663_rank1096.jpg,processed_rep65__cam4_s394663_rank1096.jpg,TRUE,rep65,cam4,394663,1096,0.9792470335960388,802.48895263671875,820.02392578125,0.4469616413116455,837.14080810546875,826.2196044921875,0.020074589177966118,802.48895263671875,820.02392578125,1.3550034761428833,841.9133211678832,820.1532846715329,2188.5,1000,1000,FALSE,FALSE,-1.2871011658796103,no issue,FALSE
frame1097__s395023,C:/R_projects/spat_1f_noise/processed_feed\rep65\processed_rep65__cam4_s395023_rank1097.jpg,processed_rep65__cam4_s395023_rank1097.jpg,TRUE,rep65,cam4,395023,1097,0.9869869947433472,898.67138671875,814.8828125,0.01794334687292576,834.93804931640625,828.20074462890625,0.048658765852451324,797.4478759765625,823.35791015625,16.469440460205078,838.351860152398,821.6584491259525,2232,1000,1000,FALSE,FALSE,-1.1744375080774863,no issue,FALSE
frame1098__s395384,C:/R_projects/spat_1f_noise/processed_feed\rep65\processed_rep65__cam4_s395384_rank1098.jpg,processed_rep65__cam4_s395384_rank1098.jpg,TRUE,rep65,cam4,395384,1098,0.9905428290367126,797.84295654296875,817.50848388671875,0.03266386687755585,841.2908935546875,827.4814453125,0.06013203039765358,801.5670166015625,823.7415771484375,0.028472917154431343,846.6356326703343,819.3461701227253,2359.5,1000,1000,FALSE,FALSE,-0.8631501048665683,no issue,FALSE
frame1099__s395744,C:/R_projects/spat_1f_noise/processed_feed\rep65\processed_rep65__cam4_s395744_rank1099.jpg,processed_rep65__cam4_s395744_rank1099.jpg,TRUE,rep65,cam4,395744,1099,0.9900789260864258,800.5040283203125,808.283203125,0.2639797627925873,841.59912109375,820.2437744140625,0.02648223005235195,809.22113037109375,816.65557861328125,1.766080379486084,844.0398740818468,816.927072402938,1904.5,1000,1000,FALSE,FALSE,-1.9537043613386258,no issue,FALSE
frame1100__s396104,C:/R_projects/spat_1f_noise/processed_feed\rep65\processed_rep65__cam4_s396104_rank1100.jpg,processed_rep65__cam4_s396104_rank1100.jpg,TRUE,rep65,cam4,396104,1100,0.9800455570220948,797.6728515625,817.4754638671875,0.6734850406646729,835.0037841796875,823.6966552734375,0.023540856316685677,797.6728515625,817.4754638671875,0.14776425063610077,842.8139825218477,817.675821889305,2399,1000,1000,FALSE,FALSE,-0.798672809744965,no issue,FALSE
frame1101__s396465,C:/R_projects/spat_1f_noise/processed_feed\rep65\processed_rep65__cam4_s396465_rank1101.jpg,processed_rep65__cam4_s396465_rank1101.jpg,TRUE,rep65,cam4,396465,1101,0.98297715187072765,798.9931640625,822.3818359375,0.33894404768943787,837.37396240234375,828.4674072265625,0.06117663532495499,798.9931640625,822.3818359375,3.984102725982666,843.6048171275647,820.5584299732382,2238,1000,1000,FALSE,FALSE,-1.2139960340850215,no issue,FALSE
frame1102__s396825,C:/R_projects/spat_1f_noise/processed_feed\rep65\processed_rep65__cam4_s396825_rank1102.jpg,processed_rep65__cam4_s396825_rank1102.jpg,TRUE,rep65,cam4,396825,1102,0.991101086139679,791.9984130859375,818.58734130859375,0.14484280347824097,823.04632568359375,829.70556640625,0.027824342250823975,898.8031005859375,812.4105224609375,0.03690512850880623,834.1050616758826,820.5312632922161,2350.5,1000,1000,FALSE,FALSE,-0.9640594686974493,no issue,FALSE
frame1103__s397186,C:/R_projects/spat_1f_noise/processed_feed\rep65\processed_rep65__cam4_s397186_rank1103.jpg,processed_rep65__cam4_s397186_rank1103.jpg,TRUE,rep65,cam4,397186,1103,0.9983538389205932,780.89044189453125,790.46142578125,0.05814787745475769,830.421875,831.54290771484375,0.06350946426391602,867.570556640625,820.3388671875,2.376070022583008,827.713358778626,815.9793893129771,2625.5,1000,1000,FALSE,FALSE,-0.3557588582210459,no issue,FALSE
frame1104__s397546,C:/R_projects/spat_1f_noise/processed_feed\rep65\processed_rep65__cam4_s397546_rank1104.jpg,processed_rep65__cam4_s397546_rank1104.jpg,TRUE,rep65,cam4,397546,1104,0.9987429976463318,773.08770751953125,788.36083984375,0.05710700526833534,831.35430908203125,830.58868408203125,0.07803700119256973,897.05908203125,809.47479248046875,0.058015745133161545,830.4735854954673,813.0137542982181,3199,1000,1000,FALSE,FALSE,0.8683313859199512,no issue,FALSE
frame1105__s397907,C:/R_projects/spat_1f_noise/processed_feed\rep65\processed_rep65__cam4_s397907_rank1105.jpg,processed_rep65__cam4_s397907_rank1105.jpg,TRUE,rep65,cam4,397907,1105,0.9984986782073976,770.4398193359375,791.87628173828125,0.05872455984354019,832.7911376953125,831.71533203125,0.07455328851938248,897.63641357421875,809.305908203125,0.06324110180139542,828.6222289705436,814.040085028849,3290.5,1000,1000,FALSE,FALSE,1.006969888774787,no issue,FALSE
frame1106__s398267,C:/R_projects/spat_1f_noise/processed_feed\rep65\processed_rep65__cam4_s398267_rank1106.jpg,processed_rep65__cam4_s398267_rank1106.jpg,TRUE,rep65,cam4,398267,1106,0.997292459011078,780.03662109375,798.08843994140625,0.07315872609615326,837.2994384765625,834.874755859375,0.05818410962820053,895.8070068359375,810.3504638671875,0.08207003027200699,837.9125163826999,817.8404325032766,3051,1000,1000,FALSE,FALSE,0.42818056030764234,no issue,FALSE
frame1107__s398627,C:/R_projects/spat_1f_noise/processed_feed\rep65\processed_rep65__cam4_s398627_rank1107.jpg,processed_rep65__cam4_s398627_rank1107.jpg,TRUE,rep65,cam4,398627,1107,0.9982049465179444,766.94891357421875,787.465087890625,0.06783699989318848,835.2586669921875,830.56085205078125,0.0939294844865799,896.1163330078125,808.39727783203125,0.05284445732831955,828.982088646023,812.0789313904068,3288.5,1000,1000,FALSE,FALSE,0.9167342809494566,no issue,FALSE
frame1108__s398988,C:/R_projects/spat_1f_noise/processed_feed\rep65\processed_rep65__cam4_s398988_rank1108.jpg,processed_rep65__cam4_s398988_rank1108.jpg,TRUE,rep65,cam4,398988,1108,0.9970082640647888,774.78271484375,791.87799072265625,0.07750730216503143,833.11712646484375,833.7830810546875,0.0524895079433918,895.175048828125,807.9005126953125,0.09215834736824036,831.4679038637055,815.400365074536,3286.5,1000,1000,FALSE,FALSE,0.8867428096426787,no issue,FALSE
frame1109__s399348,C:/R_projects/spat_1f_noise/processed_feed\rep65\processed_rep65__cam4_s399348_rank1109.jpg,processed_rep65__cam4_s399348_rank1109.jpg,TRUE,rep65,cam4,399348,1109,0.9985418319702148,771.31280517578125,789.24102783203125,0.06477142870426178,832.04833984375,832.200439453125,0.0843617245554924,894.0234375,807.6522216796875,0.06822355091571808,831.6921450151058,814.4767371601208,3308.5,1000,1000,FALSE,FALSE,0.9247995786196344,no issue,FALSE
frame1110__s399709,C:/R_projects/spat_1f_noise/processed_feed\rep65\processed_rep65__cam4_s399709_rank1110.jpg,processed_rep65__cam4_s399709_rank1110.jpg,TRUE,rep65,cam4,399709,1110,0.998129665851593,770.560302734375,785.76849365234375,0.07548253983259201,834.0892333984375,835.648193359375,0.04441909119486809,896.37255859375,809.46136474609375,0.05444683879613876,829.28969521045,814.7030478955007,3442,1000,1000,FALSE,FALSE,1.2289697626912877,no issue,FALSE
frame1111__s400069,C:/R_projects/spat_1f_noise/processed_feed\rep65\processed_rep65__cam4_s400069_rank1111.jpg,processed_rep65__cam4_s400069_rank1111.jpg,TRUE,rep65,cam4,400069,1111,0.9987114667892456,772.4046630859375,789.87615966796875,0.0712655708193779,829.7213134765625,827.343994140625,0.06733164936304092,872.0858154296875,818.6014404296875,0.13649745285511017,827.0529584831644,812.1281464530892,3056.5,1000,1000,FALSE,FALSE,0.32534861578950386,no issue,FALSE
frame1112__s400430,C:/R_projects/spat_1f_noise/processed_feed\rep65\processed_rep65__cam4_s400430_rank1112.jpg,processed_rep65__cam4_s400430_rank1112.jpg,TRUE,rep65,cam4,400430,1112,0.9988558292388916,774.71063232421875,782.81103515625,0.054529573768377304,826.9981689453125,833.354248046875,0.04028906300663948,895.46990966796875,813.63006591796875,0.044068221002817154,830.3940704138357,814.6525633106857,3239,1000,1000,FALSE,FALSE,0.7449698964167607,no issue,FALSE
frame1113__s400790,C:/R_projects/spat_1f_noise/processed_feed\rep65\processed_rep65__cam4_s400790_rank1113.jpg,processed_rep65__cam4_s400790_rank1113.jpg,TRUE,rep65,cam4,400790,1113,0.9981127977371216,773.31549072265625,786.1922607421875,0.07090962678194046,825.810546875,835.6734619140625,0.0378580316901207,898.3038330078125,814.6439208984375,0.040131427347660065,827.6151882578175,816.2227185705169,3133.5,1000,1000,FALSE,FALSE,0.4802864703384635,no issue,FALSE
frame1114__s401150,C:/R_projects/spat_1f_noise/processed_feed\rep65\processed_rep65__cam4_s401150_rank1114.jpg,processed_rep65__cam4_s401150_rank1114.jpg,TRUE,rep65,cam4,401150,1114,0.9986995458602904,778.64508056640625,781.8447265625,0.031085139140486717,821.09747314453125,833.5281982421875,0.0395539216697216,896.0135498046875,815.06982421875,0.03775361180305481,830.433281972265,815.5836671802773,3244,1000,1000,FALSE,FALSE,0.7517320695735954,no issue,FALSE
frame1115__s401511,C:/R_projects/spat_1f_noise/processed_feed\rep65\processed_rep65__cam4_s401511_rank1115.jpg,processed_rep65__cam4_s401511_rank1115.jpg,TRUE,rep65,cam4,401511,1115,0.9982860684394836,793.0548095703125,780.78863525390625,0.09877698868513107,826.5361328125,836.60455322265625,0.042218808084726334,862.49749755859375,825.44134521484375,0.029154757037758827,829.2274052478134,816.140589569161,3089,1000,1000,FALSE,FALSE,0.35417728925216735,no issue,FALSE
frame1116__s401871,C:/R_projects/spat_1f_noise/processed_feed\rep65\processed_rep65__cam4_s401871_rank1116.jpg,processed_rep65__cam4_s401871_rank1116.jpg,TRUE,rep65,cam4,401871,1116,0.9978838562965392,787.39434814453125,782.31072998046875,0.06487995386123657,822.09161376953125,838.25537109375,0.03992214426398277,871.6591796875,823.3367919921875,0.03170838579535484,828.2341079972659,817.7399179767601,2930,1000,1000,FALSE,FALSE,-0.13293821052523114,no issue,FALSE
frame1117__s402232,C:/R_projects/spat_1f_noise/processed_feed\rep65\processed_rep65__cam4_s402232_rank1117.jpg,processed_rep65__cam4_s402232_rank1117.jpg,TRUE,rep65,cam4,402232,1117,0.9981003403663636,782.67694091796875,778.743896484375,0.04692520201206207,821.3455810546875,835.6063232421875,0.05030306801199913,860.0142822265625,824.4810791015625,0.0643562525510788,826.405750798722,814.9990415335463,3135.5,1000,1000,FALSE,FALSE,0.4252647765442978,no issue,FALSE
frame1118__s402592,C:/R_projects/spat_1f_noise/processed_feed\rep65\processed_rep65__cam4_s402592_rank1118.jpg,processed_rep65__cam4_s402592_rank1118.jpg,TRUE,rep65,cam4,402592,1118,0.99778950214386,777.015380859375,783.85687255859375,0.0970860943198204,826.99761962890625,837.26202392578125,0.04671388491988182,865.7337646484375,824.84222412109375,0.12143377214670181,828.4919987449011,815.9657985566363,3185.5,1000,1000,FALSE,FALSE,0.5696576617659935,no issue,FALSE
frame1119__s402953,C:/R_projects/spat_1f_noise/processed_feed\rep65\processed_rep65__cam4_s402953_rank1119.jpg,processed_rep65__cam4_s402953_rank1119.jpg,TRUE,rep65,cam4,402953,1119,0.9981222748756408,786.8818359375,776.27740478515625,0.03303539752960205,832.818359375,836.14166259765625,0.042477019131183624,893.65325927734375,817.43408203125,0.0376829132437706,829.1069958847737,812.075543797766,3402,1000,1000,FALSE,FALSE,1.2325771928173173,no issue,FALSE
frame1120__s403313,C:/R_projects/spat_1f_noise/processed_feed\rep65\processed_rep65__cam4_s403313_rank1120.jpg,processed_rep65__cam4_s403313_rank1120.jpg,TRUE,rep65,cam4,403313,1120,0.9977633953094482,786.9644775390625,775.998291015625,0.07983905076980591,829.45281982421875,838.89825439453125,0.04026445746421814,886.93701171875,821.63153076171875,0.04033277928829193,828.2436949255546,814.6247341233668,3291.5,1000,1000,FALSE,FALSE,0.8597738182309559,no issue,FALSE
frame1121__s403673,C:/R_projects/spat_1f_noise/processed_feed\rep65\processed_rep65__cam4_s403673_rank1121.jpg,processed_rep65__cam4_s403673_rank1121.jpg,TRUE,rep65,cam4,403673,1121,0.9981354475021362,785.83648681640625,777.552978515625,0.07368562370538712,828.08154296875,838.36968994140625,0.030741021037101746,865.35650634765625,827.19921875,0.11484784632921219,827.0920840064621,815.2726978998385,3097,1000,1000,FALSE,FALSE,0.2596339239335827,no issue,FALSE
frame1122__s404034,C:/R_projects/spat_1f_noise/processed_feed\rep65\processed_rep65__cam4_s404034_rank1122.jpg,processed_rep65__cam4_s404034_rank1122.jpg,TRUE,rep65,cam4,404034,1122,0.998151957988739,785.4354248046875,777.13427734375,0.06942520290613174,827.55914306640625,836.28106689453125,0.03779352083802223,883.3111572265625,820.26214599609375,0.03623245656490326,825.7687557888237,813.3569002778636,3237.5,1000,1000,FALSE,FALSE,0.7343779772366854,no issue,FALSE
frame1123__s404394,C:/R_projects/spat_1f_noise/processed_feed\rep65\processed_rep65__cam4_s404394_rank1123.jpg,processed_rep65__cam4_s404394_rank1123.jpg,TRUE,rep65,cam4,404394,1123,0.9979504942893982,781.54998779296875,783.5726318359375,0.08209226280450821,814.00054931640625,830.73614501953125,0.04524035379290581,871.4132080078125,825.77154541015625,0.042860426008701324,825.905311778291,815.3546684262619,3029,1000,1000,FALSE,FALSE,0.08246870104513364,no issue,FALSE
frame1124__s404755,C:/R_projects/spat_1f_noise/processed_feed\rep65\processed_rep65__cam4_s404755_rank1124.jpg,processed_rep65__cam4_s404755_rank1124.jpg,TRUE,rep65,cam4,404755,1124,0.9982341527938844,790.9700927734375,802.107666015625,0.0713244304060936,827.05255126953125,837.6148681640625,0.04049054905772209,895.48492431640625,820.4735107421875,0.021277107298374176,834.2014898900319,821.9017382050372,2816.5,1000,1000,FALSE,FALSE,-0.5726578499434113,no issue,FALSE
frame1125__s405115,C:/R_projects/spat_1f_noise/processed_feed\rep65\processed_rep65__cam4_s405115_rank1125.jpg,processed_rep65__cam4_s405115_rank1125.jpg,TRUE,rep65,cam4,405115,1125,0.9969781637191772,894.5994873046875,818.89703369140625,0.032010823488235474,831.07183837890625,839.7188720703125,0.08390330523252487,792.45703125,844.6180419921875,0.07459914684295654,838.2940688510992,830.7731231854002,2411.5,1000,1000,FALSE,FALSE,-1.8755156270292037,no issue,FALSE
frame1126__s405475,C:/R_projects/spat_1f_noise/processed_feed\rep65\processed_rep65__cam4_s405475_rank1126.jpg,processed_rep65__cam4_s405475_rank1126.jpg,TRUE,rep65,cam4,405475,1126,0.9993601441383362,770.88739013671875,788.759521484375,0.082529217004776,821.95037841796875,829.9383544921875,0.06845447421073914,868.0316162109375,827.44268798828125,0.0996868833899498,818.7890410958904,813.852397260274,2922,1000,1000,FALSE,FALSE,-0.08063681600086631,no issue,FALSE
frame1127__s405836,C:/R_projects/spat_1f_noise/processed_feed\rep65\processed_rep65__cam4_s405836_rank1127.jpg,processed_rep65__cam4_s405836_rank1127.jpg,TRUE,rep65,cam4,405836,1127,0.9992176294326782,775.2198486328125,792.40234375,0.05130729079246521,831.2000732421875,829.804931640625,1.997381329536438,874.74029541015625,829.804931640625,0.08230950683355331,822.4841057066258,815.3106089620835,2615.5,1000,1000,FALSE,FALSE,-1.1462748087991446,no issue,FALSE
frame1128__s406196,C:/R_projects/spat_1f_noise/processed_feed\rep65\processed_rep65__cam4_s406196_rank1128.jpg,processed_rep65__cam4_s406196_rank1128.jpg,TRUE,rep65,cam4,406196,1128,0.9991616010665894,784.1766357421875,792.2423095703125,0.08075285702943802,835.26190185546875,832.7484130859375,0.45465803146362305,876.37933349609375,830.29351806640625,0.10480006784200668,825.1943164362519,817.639400921659,2607.5,1000,1000,FALSE,FALSE,-1.1465979228615928,no issue,FALSE
frame1129__s406557,C:/R_projects/spat_1f_noise/processed_feed\rep65\processed_rep65__cam4_s406557_rank1129.jpg,processed_rep65__cam4_s406557_rank1129.jpg,TRUE,rep65,cam4,406557,1129,0.9986968636512756,800.52606201171875,799.66009521484375,0.06276009976863861,845.056884765625,825.278564453125,0.05317504703998566,877.2181396484375,830.158203125,0.03641847148537636,834.6327762302693,818.5622098421542,2157,1000,1000,FALSE,FALSE,-2.764141944754197,too small,FALSE
frame1130__s406917,C:/R_projects/spat_1f_noise/processed_feed\rep65\processed_rep65__cam4_s406917_rank1130.jpg,processed_rep65__cam4_s406917_rank1130.jpg,TRUE,rep65,cam4,406917,1130,0.998761773109436,785.91522216796875,789.396240234375,0.03741537407040596,839.37139892578125,826.57830810546875,0.08600538969039917,877.90960693359375,831.535888671875,0.07274305820465088,825.1896420411272,814.1374714394516,2628,1000,1000,FALSE,FALSE,-1.0114519375726418,no issue,FALSE
frame1131__s407277,C:/R_projects/spat_1f_noise/processed_feed\rep65\processed_rep65__cam4_s407277_rank1131.jpg,processed_rep65__cam4_s407277_rank1131.jpg,TRUE,rep65,cam4,407277,1131,0.9989416003227234,807.614013671875,763.87396240234375,0.06397473812103271,813.84649658203125,828.66241455078125,0.1081463098526001,878.66485595703125,829.90838623046875,0.07601942867040634,827.2708962739174,813.1725411211816,2981.5,1000,1000,FALSE,FALSE,0.32418603054009565,no issue,FALSE
frame1132__s407638,C:/R_projects/spat_1f_noise/processed_feed\rep65\processed_rep65__cam4_s407638_rank1132.jpg,processed_rep65__cam4_s407638_rank1132.jpg,TRUE,rep65,cam4,407638,1132,0.9983250498771667,782.1494140625,786.734375,0.07072810083627701,836.86309814453125,837.63067626953125,0.32091641426086426,875.411376953125,830.18243408203125,0.10790649801492691,824.5216158752658,817.1722182849044,2824,1000,1000,FALSE,FALSE,-0.27910333461934694,no issue,FALSE
frame1133__s407998,C:/R_projects/spat_1f_noise/processed_feed\rep65\processed_rep65__cam4_s407998_rank1133.jpg,processed_rep65__cam4_s407998_rank1133.jpg,TRUE,rep65,cam4,407998,1133,0.997825562953949,813.766845703125,797.07269287109375,0.10092783719301224,819.9849853515625,842.73614501953125,0.06873034685850143,877.19189453125,830.3946533203125,0.12769943475723267,831.5811442965096,826.4390068369918,2779.5,1000,1000,FALSE,FALSE,-0.4274767578670504,no issue,FALSE
frame1134__s408359,C:/R_projects/spat_1f_noise/processed_feed\rep65\processed_rep65__cam4_s408359_rank1134.jpg,processed_rep65__cam4_s408359_rank1134.jpg,TRUE,rep65,cam4,408359,1134,0.9994402527809144,773.1641845703125,772.85455322265625,0.07014549523591995,810.3416748046875,817.759765625,0.10149095207452774,874.782470703125,831.48077392578125,0.0758674293756485,817.0291201982652,806.9222428748451,3230.5,1000,1000,FALSE,FALSE,1.311178754561732,no issue,FALSE
frame1135__s408719,C:/R_projects/spat_1f_noise/processed_feed\rep65\processed_rep65__cam4_s408719_rank1135.jpg,processed_rep65__cam4_s408719_rank1135.jpg,TRUE,rep65,cam4,408719,1135,0.9989437460899352,774.4749755859375,769.1015625,0.09339170157909393,808.1064453125,818.87335205078125,0.10977520048618317,871.63262939453125,827.58349609375,0.054014839231967926,816.4567026194145,807.5297380585516,3243,1000,1000,FALSE,FALSE,1.5322544516708525,no issue,FALSE
frame1136__s409080,C:/R_projects/spat_1f_noise/processed_feed\rep65\processed_rep65__cam4_s409080_rank1136.jpg,processed_rep65__cam4_s409080_rank1136.jpg,TRUE,rep65,cam4,409080,1136,0.999221682548523,773.6683349609375,780.8275146484375,0.08438829332590103,809.71710205078125,822.78857421875,0.08994487673044205,871.87005615234375,827.72515869140625,0.06058012321591377,820.0622222222222,813.12,2930.5,1000,1000,FALSE,FALSE,0.30674903182378405,no issue,FALSE
frame1137__s409440,C:/R_projects/spat_1f_noise/processed_feed\rep65\processed_rep65__cam4_s409440_rank1137.jpg,processed_rep65__cam4_s409440_rank1137.jpg,TRUE,rep65,cam4,409440,1137,0.9992532134056092,773.64404296875,777.1446533203125,0.06328395754098892,810.7740478515625,825.543212890625,0.07389752566814423,872.65753173828125,828.02520751953125,0.08308491855859756,820.3588885169066,813.5420154000669,2994,1000,1000,FALSE,FALSE,0.6391849731967336,no issue,FALSE
frame1138__s409801,C:/R_projects/spat_1f_noise/processed_feed\rep65\processed_rep65__cam4_s409801_rank1138.jpg,processed_rep65__cam4_s409801_rank1138.jpg,TRUE,rep65,cam4,409801,1138,0.999089241027832,772.6513671875,780.8885498046875,0.0722227692604065,816.04034423828125,828.23333740234375,0.0678260326385498,871.82611083984375,828.23333740234375,0.0930478572845459,818.4315898856945,813.6702459300312,2893.5,1000,1000,FALSE,FALSE,0.26332169304920616,no issue,FALSE
frame1139__s410161,C:/R_projects/spat_1f_noise/processed_feed\rep65\processed_rep65__cam4_s410161_rank1139.jpg,processed_rep65__cam4_s410161_rank1139.jpg,TRUE,rep65,cam4,410161,1139,0.999174177646637,775.4296875,784.48736572265625,0.07441546767950058,830.26177978515625,828.08831787109375,0.09050044417381287,872.6319580078125,826.84259033203125,0.09007178246974945,820.3026947212994,813.6600221483942,2712,1000,1000,FALSE,FALSE,-0.5614172961830411,no issue,FALSE
frame1140__s410521,C:/R_projects/spat_1f_noise/processed_feed\rep65\processed_rep65__cam4_s410521_rank1140.jpg,processed_rep65__cam4_s410521_rank1140.jpg,TRUE,rep65,cam4,410521,1140,0.9994111061096193,778.911865234375,791.220947265625,0.08219007402658463,831.0205078125,828.701171875,0.4884788393974304,873.20367431640625,828.701171875,0.07726428657770157,821.8118663161847,814.666541494555,2664.5,1000,1000,FALSE,FALSE,-0.8068725815839115,no issue,FALSE
frame1141__s410882,C:/R_projects/spat_1f_noise/processed_feed\rep65\processed_rep65__cam4_s410882_rank1141.jpg,processed_rep65__cam4_s410882_rank1141.jpg,TRUE,rep65,cam4,410882,1141,0.999315857887268,771.87811279296875,787.41204833984375,0.06458193063735962,830.5155029296875,830.469482421875,0.5928347110748291,872.93408203125,829.2392578125,0.08779509365558624,819.0499643112063,814.7687366167023,2808,1000,1000,FALSE,FALSE,-0.26720327748260975,no issue,FALSE
frame1142__s411242,C:/R_projects/spat_1f_noise/processed_feed\rep65\processed_rep65__cam4_s411242_rank1142.jpg,processed_rep65__cam4_s411242_rank1142.jpg,TRUE,rep65,cam4,411242,1142,0.9990399479866028,769.09979248046875,782.66900634765625,0.09117626398801804,812.63458251953125,826.2672119140625,0.06202469766139984,874.8271484375,828.758544921875,0.08524226397275925,818.6706086956522,814.3373913043479,2879,1000,1000,FALSE,FALSE,0.02855610814937578,no issue,FALSE
frame1143__s411603,C:/R_projects/spat_1f_noise/processed_feed\rep65\processed_rep65__cam4_s411603_rank1143.jpg,processed_rep65__cam4_s411603_rank1143.jpg,TRUE,rep65,cam4,411603,1143,0.9992344379425048,767.3248291015625,781.27166748046875,0.09243788570165634,812.174560546875,824.61029052734375,0.0831916332244873,874.4656982421875,829.56329345703125,0.0941624790430069,817.4183818310859,813.6894960965224,2821,1000,1000,FALSE,FALSE,-0.31610237359178084,no issue,FALSE
frame1144__s411963,C:/R_projects/spat_1f_noise/processed_feed\rep65\processed_rep65__cam4_s411963_rank1144.jpg,processed_rep65__cam4_s411963_rank1144.jpg,TRUE,rep65,cam4,411963,1144,0.9994184970855712,771.4796142578125,786.275634765625,0.10760066658258438,817.62542724609375,829.89013671875,0.07248730957508087,872.50152587890625,828.6439208984375,0.10170015692710876,819.2729814750087,815.417686123733,2863.5,1000,1000,FALSE,FALSE,-0.18803490565140354,no issue,FALSE
frame1145__s412323,C:/R_projects/spat_1f_noise/processed_feed\rep65\processed_rep65__cam4_s412323_rank1145.jpg,processed_rep65__cam4_s412323_rank1145.jpg,TRUE,rep65,cam4,412323,1145,0.9990872144699096,777.9017333984375,788.3170166015625,0.07551641017198563,809.01483154296875,828.27667236328125,0.05662396922707558,873.72998046875,829.52545166015625,0.11850954592227936,820.8826958105647,817.4109289617486,2744.5,1000,1000,FALSE,FALSE,-1.1486886160989085,no issue,FALSE
frame1146__s412684,C:/R_projects/spat_1f_noise/processed_feed\rep65\processed_rep65__cam4_s412684_rank1146.jpg,processed_rep65__cam4_s412684_rank1146.jpg,TRUE,rep65,cam4,412684,1146,0.9976487755775452,794.3883056640625,786.16455078125,0.09335417300462723,809.23248291015625,835.46136474609375,0.06116069480776787,872.3204345703125,829.29925537109375,0.1155146062374115,822.8200620475698,819.9072733540158,2904,1000,1000,FALSE,FALSE,-0.2948091310358901,no issue,FALSE
frame1147__s413044,C:/R_projects/spat_1f_noise/processed_feed\rep65\processed_rep65__cam4_s413044_rank1147.jpg,processed_rep65__cam4_s413044_rank1147.jpg,TRUE,rep65,cam4,413044,1147,0.9977788329124452,796.694580078125,783.4967041015625,0.06524533778429031,810.4034423828125,836.7537841796875,0.05072244629263878,873.962890625,828.08404541015625,0.11662757396697998,823.5411495754408,819.453625081646,3063,1000,1000,FALSE,FALSE,0.6275191186213926,no issue,FALSE
frame1148__s413405,C:/R_projects/spat_1f_noise/processed_feed\rep65\processed_rep65__cam4_s413405_rank1148.jpg,processed_rep65__cam4_s413405_rank1148.jpg,TRUE,rep65,cam4,413405,1148,0.99777752161026,791.73394775390625,783.681884765625,0.0951908752322197,820.41900634765625,840.47271728515625,0.04248473048210144,874.047607421875,829.36151123046875,0.1316986083984375,822.4599184782609,819.1059782608696,2948.5,1000,1000,FALSE,FALSE,-0.13808777293858437,no issue,FALSE
frame1149__s413765,C:/R_projects/spat_1f_noise/processed_feed\rep65\processed_rep65__cam4_s413765_rank1149.jpg,processed_rep65__cam4_s413765_rank1149.jpg,TRUE,rep65,cam4,413765,1149,0.9973548650741576,789.70953369140625,778.463623046875,0.04313162341713905,816.99188232421875,842.60565185546875,0.048107538372278214,874.036865234375,829.03717041015625,0.1227637454867363,822.3301324503311,820.8748344370861,3025,1000,1000,FALSE,FALSE,0.24381896195481514,no issue,FALSE
frame1150__s414125,C:/R_projects/spat_1f_noise/processed_feed\rep65\processed_rep65__cam4_s414125_rank1150.jpg,processed_rep65__cam4_s414125_rank1150.jpg,TRUE,rep65,cam4,414125,1150,0.9983701109886168,788.367919921875,782.68438720703125,0.08042159676551819,814.44122314453125,832.47369384765625,0.08390630036592484,872.79571533203125,829.98419189453125,0.14584173262119293,822.7585964912281,817.3287719298246,2855,1000,1000,FALSE,FALSE,-0.6453369079689306,no issue,FALSE
frame1151__s414486,C:/R_projects/spat_1f_noise/processed_feed\rep65\processed_rep65__cam4_s414486_rank1151.jpg,processed_rep65__cam4_s414486_rank1151.jpg,TRUE,rep65,cam4,414486,1151,0.998731791973114,779.7528076171875,778.999755859375,0.06329251080751419,835.49432373046875,836.48248291015625,0.16393202543258667,872.65533447265625,828.9847412109375,0.10776587575674057,820.2794316644114,815.5023680649526,2961.5,1000,1000,FALSE,FALSE,0.08233338698583123,no issue,FALSE
frame1152__s414846,C:/R_projects/spat_1f_noise/processed_feed\rep65\processed_rep65__cam4_s414846_rank1152.jpg,processed_rep65__cam4_s414846_rank1152.jpg,TRUE,rep65,cam4,414846,1152,0.9984519481658936,785.806396484375,789.56964111328125,0.077320002019405365,825.48150634765625,839.342041015625,0.029880886897444725,873.83551025390625,830.6318359375,0.12299016118049622,823.3934545454546,821.1847272727273,2754,1000,1000,FALSE,FALSE,-1.0488471278317213,no issue,FALSE
frame1153__s415207,C:/R_projects/spat_1f_noise/processed_feed\rep65\processed_rep65__cam4_s415207_rank1153.jpg,processed_rep65__cam4_s415207_rank1153.jpg,TRUE,rep65,cam4,415207,1153,0.9980546236038208,786.47698974609375,779.57757568359375,0.05376756936311722,807.6524658203125,831.98065185546875,0.031189700588583946,872.4244384765625,829.4853515625,0.1252969652414322,821.443201677735,818.5414190842363,2869,1000,1000,FALSE,FALSE,-0.37729880665412,no issue,FALSE
frame1154__s415567,C:/R_projects/spat_1f_noise/processed_feed\rep65\processed_rep65__cam4_s415567_rank1154.jpg,processed_rep65__cam4_s415567_rank1154.jpg,TRUE,rep65,cam4,415567,1154,0.9986034035682678,787.46533203125,777.5394287109375,0.05906776338815689,809.9013671875,831.88116455078125,0.05282091721892357,872.2237548828125,829.41107177734375,0.11536052823066711,820.952596723597,816.8731265249215,2873.5,1000,1000,FALSE,FALSE,-0.30301183705634455,no issue,FALSE
frame1155__s415927,C:/R_projects/spat_1f_noise/processed_feed\rep65\processed_rep65__cam4_s415927_rank1155.jpg,processed_rep65__cam4_s415927_rank1155.jpg,TRUE,rep65,cam4,415927,1155,0.9994020462036132,781.01654052734375,771.5745849609375,0.09464190900325775,808.254150390625,826.34033203125,0.07949132472276688,872.63397216796875,828.82965087890625,0.09386219084262848,816.5623800383877,809.3275751759437,3126,1000,1000,FALSE,FALSE,1.0663802820897865,no issue,FALSE
frame1156__s416288,C:/R_projects/spat_1f_noise/processed_feed\rep65\processed_rep65__cam4_s416288_rank1156.jpg,processed_rep65__cam4_s416288_rank1156.jpg,TRUE,rep65,cam4,416288,1156,0.9992545247077942,779.773681640625,774.0640869140625,0.06499558687210083,808.49560546875,829.5859375,0.07796891778707504,872.183349609375,829.5859375,0.10680720210075378,817.9286636539703,812.9486765655262,3102.5,1000,1000,FALSE,FALSE,0.9363310728289733,no issue,FALSE
frame1157__s416648,C:/R_projects/spat_1f_noise/processed_feed\rep65\processed_rep65__cam4_s416648_rank1157.jpg,processed_rep65__cam4_s416648_rank1157.jpg,TRUE,rep65,cam4,416648,1157,0.9994389414787292,776.047119140625,770.8104248046875,0.09244241565465927,805.8575439453125,827.581787109375,0.08582388609647751,872.9310302734375,830.05010986328125,0.08747179061174393,816.5337922403004,811.1204630788486,3197.5,1000,1000,FALSE,FALSE,1.4674552013363402,no issue,FALSE
frame1158__s417009,C:/R_projects/spat_1f_noise/processed_feed\rep65\processed_rep65__cam4_s417009_rank1158.jpg,processed_rep65__cam4_s417009_rank1158.jpg,TRUE,rep65,cam4,417009,1158,0.9995083808898926,778.51104736328125,769.41497802734375,0.08773481845855713,808.2857666015625,826.11053466796875,0.09654900431632996,872.79754638671875,829.80804443359375,0.07271932810544968,816.6724082934609,809.8791068580542,3137,1000,1000,FALSE,FALSE,1.1235544491891252,no issue,FALSE
frame1159__s417369,C:/R_projects/spat_1f_noise/processed_feed\rep65\processed_rep65__cam4_s417369_rank1159.jpg,processed_rep65__cam4_s417369_rank1159.jpg,TRUE,rep65,cam4,417369,1159,0.9995388984680176,777.3970947265625,770.0902099609375,0.099107526242733,807.3302001953125,823.126708984375,0.07927372306585312,872.185302734375,831.76055908203125,0.05745735391974449,817.6302770448549,809.7750659630607,3034,1000,1000,FALSE,FALSE,0.5726338035438767,no issue,FALSE
frame1160__s417730,C:/R_projects/spat_1f_noise/processed_feed\rep65\processed_rep65__cam4_s417730_rank1160.jpg,processed_rep65__cam4_s417730_rank1160.jpg,TRUE,rep65,cam4,417730,1160,0.9994969367980956,778.26806640625,770.486572265625,0.09369180351495743,808.0040283203125,823.6602783203125,0.07126305252313614,871.1927490234375,828.60662841796875,0.07722313702106476,817.1354231974922,809.3131661442006,3191.5,1000,1000,FALSE,FALSE,1.4084373096430027,no issue,FALSE
frame1161__s418090,C:/R_projects/spat_1f_noise/processed_feed\rep65\processed_rep65__cam4_s418090_rank1161.jpg,processed_rep65__cam4_s418090_rank1161.jpg,TRUE,rep65,cam4,418090,1161,0.999460756778717,778.318115234375,770.21875,0.08295580744743347,808.2208251953125,824.73974609375,0.08825170248746872,873.01025390625,829.6961669921875,0.06534355133771896,817.4034629206142,810.4276380267886,3062.5,1000,1000,FALSE,FALSE,0.7395999354892189,no issue,FALSE
frame1162__s418450,C:/R_projects/spat_1f_noise/processed_feed\rep65\processed_rep65__cam4_s418450_rank1162.jpg,processed_rep65__cam4_s418450_rank1162.jpg,TRUE,rep65,cam4,418450,1162,0.9992656111717224,786.273193359375,777.062744140625,0.06197617948055267,809.95050048828125,826.96478271484375,0.0818544402718544,872.259033203125,829.45989990234375,0.08577103167772293,818.3367441860465,811.4626356589147,3228,1000,1000,FALSE,FALSE,1.5829626925842906,no issue,FALSE
frame1163__s418811,C:/R_projects/spat_1f_noise/processed_feed\rep65\processed_rep65__cam4_s418811_rank1163.jpg,processed_rep65__cam4_s418811_rank1163.jpg,TRUE,rep65,cam4,418811,1163,0.998865842819214,785.13916015625,780.384033203125,0.06300102919340134,811.35491943359375,827.26708984375,0.07495535165071487,872.52508544921875,829.73455810546875,0.09118686616420746,817.9022208513263,810.7507711289328,3243,1000,1000,FALSE,FALSE,1.696652259954173,no issue,FALSE
frame1164__s419171,C:/R_projects/spat_1f_noise/processed_feed\rep65\processed_rep65__cam4_s419171_rank1164.jpg,processed_rep65__cam4_s419171_rank1164.jpg,TRUE,rep65,cam4,419171,1164,0.9985999464988708,786.63238525390625,782.3492431640625,0.07606055587530136,812.777587890625,829.425537109375,0.06950511783361435,873.78302001953125,830.664306640625,0.08380962908267975,820.1918771985929,814.270227054685,3129,1000,1000,FALSE,FALSE,1.1551317532113579,no issue,FALSE
frame1165__s419532,C:/R_projects/spat_1f_noise/processed_feed\rep65\processed_rep65__cam4_s419532_rank1165.jpg,processed_rep65__cam4_s419532_rank1165.jpg,TRUE,rep65,cam4,419532,1165,0.9990542531013488,789.91668701171875,786.87872314453125,0.08258606493473053,817.1490478515625,829.1202392578125,0.063560850918293,874.08935546875,830.36260986328125,0.11682074517011642,824.6604547148714,817.265747297801,2686.5,1000,1000,FALSE,FALSE,-1.009368403526792,no issue,FALSE
frame1166__s419892,C:/R_projects/spat_1f_noise/processed_feed\rep65\processed_rep65__cam4_s419892_rank1166.jpg,processed_rep65__cam4_s419892_rank1166.jpg,TRUE,rep65,cam4,419892,1166,0.999105989933014,788.6483154296875,786.57415771484375,0.07208066433668137,818.35986328125,828.4010009765625,0.06190648302435875,875.30694580078125,830.8614501953125,0.10337144881486893,824.0477443609022,816.7830827067669,2665.5,1000,1000,FALSE,FALSE,-1.06493272143257,no issue,FALSE
frame1167__s420252,C:/R_projects/spat_1f_noise/processed_feed\rep65\processed_rep65__cam4_s420252_rank1167.jpg,processed_rep65__cam4_s420252_rank1167.jpg,TRUE,rep65,cam4,420252,1167,0.99906986951828,787.1121826171875,785.859619140625,0.07438825070858002,815.6778564453125,827.8505859375,0.06292460858821869,874.0511474609375,831.5556640625,0.11018555611371994,822.9345414201183,816.6845414201183,2708,1000,1000,FALSE,FALSE,-0.8555958542097659,no issue,FALSE
frame1168__s420613,C:/R_projects/spat_1f_noise/processed_feed\rep65\processed_rep65__cam4_s420613_rank1168.jpg,processed_rep65__cam4_s420613_rank1168.jpg,TRUE,rep65,cam4,420613,1168,0.9986805319786072,788.369873046875,783.427490234375,0.07162407040596008,804.55560302734375,826.693603515625,0.04436119273304939,874.278564453125,830.402099609375,0.10609462112188339,822.7642333216905,817.8735592036326,2866.5,1000,1000,FALSE,FALSE,-0.3308999701897515,no issue,FALSE
frame1169__s420973,C:/R_projects/spat_1f_noise/processed_feed\rep65\processed_rep65__cam4_s420973_rank1169.jpg,processed_rep65__cam4_s420973_rank1169.jpg,TRUE,rep65,cam4,420973,1169,0.9992223978042604,787.2696533203125,788.6427001953125,0.07619798183441162,815.75567626953125,828.56292724609375,0.08400029689073563,872.72772216796875,829.8104248046875,0.11336753517389297,823.2009712364587,817.3025775121405,2678.5,1000,1000,FALSE,FALSE,-0.9595431816665678,no issue,FALSE
frame1170__s421334,C:/R_projects/spat_1f_noise/processed_feed\rep65\processed_rep65__cam4_s421334_rank1170.jpg,processed_rep65__cam4_s421334_rank1170.jpg,TRUE,rep65,cam4,421334,1170,0.9987027645111084,785.57769775390625,786.28424072265625,0.07004296779632568,802.96142578125,827.3157958984375,0.07687544822692871,872.496337890625,831.0460205078125,0.10547173768281937,819.883044982699,817.9906574394464,2893,1000,1000,FALSE,FALSE,-0.3637405191756489,no issue,FALSE
frame1171__s421694,C:/R_projects/spat_1f_noise/processed_feed\rep65\processed_rep65__cam4_s421694_rank1171.jpg,processed_rep65__cam4_s421694_rank1171.jpg,TRUE,rep65,cam4,421694,1171,0.9991098046302797,784.01214599609375,787.13922119140625,0.08231870830059052,814.00323486328125,825.31317138671875,0.06030188500881195,873.98529052734375,830.2388916015625,0.09537189453840256,820.7638266068759,815.103139013453,2679,1000,1000,FALSE,FALSE,-0.9700437156977755,no issue,FALSE
frame1172__s422055,C:/R_projects/spat_1f_noise/processed_feed\rep65\processed_rep65__cam4_s422055_rank1172.jpg,processed_rep65__cam4_s422055_rank1172.jpg,TRUE,rep65,cam4,422055,1172,0.9988191723823548,781.1500244140625,784.7979736328125,0.06840395927429199,818.31640625,829.22845458984375,0.07735513895750046,874.0660400390625,830.46258544921875,0.09165067970752716,819.1773967809658,815.2536738978306,2860,1000,1000,FALSE,FALSE,-0.48076380795709345,no issue,FALSE
frame1173__s422415,C:/R_projects/spat_1f_noise/processed_feed\rep65\processed_rep65__cam4_s422415_rank1173.jpg,processed_rep65__cam4_s422415_rank1173.jpg,TRUE,rep65,cam4,422415,1173,0.9991559982299804,782.07855224609375,787.7034912109375,0.08178502321243286,820.6982421875,823.42645263671875,0.03757595270872116,874.26751708984375,830.8173828125,0.07709664851427078,821.8116981132075,814.8135849056604,2653.5,1000,1000,FALSE,FALSE,-1.051537204262108,no issue,FALSE
frame1174__s422775,C:/R_projects/spat_1f_noise/processed_feed\rep65\processed_rep65__cam4_s422775_rank1174.jpg,processed_rep65__cam4_s422775_rank1174.jpg,TRUE,rep65,cam4,422775,1174,0.999118983745575,779.57147216796875,787.68035888671875,0.07683620601892471,830.52154541015625,826.11273193359375,0.07462609559297562,870.2874755859375,828.59228515625,0.084663495421409607,821.634601316752,814.5947329919532,2738,1000,1000,FALSE,FALSE,-0.83007965539689,no issue,FALSE
frame1175__s423136,C:/R_projects/spat_1f_noise/processed_feed\rep65\processed_rep65__cam4_s423136_rank1175.jpg,processed_rep65__cam4_s423136_rank1175.jpg,TRUE,rep65,cam4,423136,1175,0.9991905093193054,782.8192138671875,788.3709716796875,0.088129423558712,837.484130859375,825.76873779296875,0.07872593402862549,874.7557373046875,832.00164794921875,0.10299079120159149,821.6478767380684,814.1134911687335,2663,1000,1000,FALSE,FALSE,-1.0492239580004648,no issue,FALSE
frame1176__s423496,C:/R_projects/spat_1f_noise/processed_feed\rep65\processed_rep65__cam4_s423496_rank1176.jpg,processed_rep65__cam4_s423496_rank1176.jpg,TRUE,rep65,cam4,423496,1176,0.999209761619568,781.19580078125,789.61236572265625,0.0875651016831398,836.1553955078125,825.3321533203125,0.20016804337501526,874.8768310546875,830.259033203125,0.094081975519657135,821.4278700906344,814.3731117824774,2649.5,1000,1000,FALSE,FALSE,-1.0894235090995008,no issue,FALSE
frame1177__s423857,C:/R_projects/spat_1f_noise/processed_feed\rep65\processed_rep65__cam4_s423857_rank1177.jpg,processed_rep65__cam4_s423857_rank1177.jpg,TRUE,rep65,cam4,423857,1177,0.999176561832428,782.8316650390625,788.5029296875,0.06602401286363602,816.492431640625,826.86834716796875,0.05919785425066948,873.840576171875,831.81878662109375,0.10333114117383957,820.465743167353,815.9329839011606,2672.5,1000,1000,FALSE,FALSE,-1.037925275290874,no issue,FALSE
frame1178__s424217,C:/R_projects/spat_1f_noise/processed_feed\rep65\processed_rep65__cam4_s424217_rank1178.jpg,processed_rep65__cam4_s424217_rank1178.jpg,TRUE,rep65,cam4,424217,1178,0.9993392825126648,782.929931640625,790.35003662109375,0.08381182700395584,821.27587890625,827.2054443359375,0.0834866538643837,874.46539306640625,830.8909912109375,0.08621520549058914,823.1952326901248,816.6367763904653,2648,1000,1000,FALSE,FALSE,-1.1053504457960244,no issue,FALSE
frame1179__s424577,C:/R_projects/spat_1f_noise/processed_feed\rep65\processed_rep65__cam4_s424577_rank1179.jpg,processed_rep65__cam4_s424577_rank1179.jpg,TRUE,rep65,cam4,424577,1179,0.9990723133087158,779.62109375,790.49932861328125,0.07322821021080017,816.862548828125,829.18896484375,0.05800158157944679,872.7247314453125,830.43701171875,0.08566883206367493,818.9918899858957,818.101904090268,2840,1000,1000,FALSE,FALSE,-0.6152706503693102,no issue,FALSE
frame1180__s424938,C:/R_projects/spat_1f_noise/processed_feed\rep65\processed_rep65__cam4_s424938_rank1180.jpg,processed_rep65__cam4_s424938_rank1180.jpg,TRUE,rep65,cam4,424938,1180,0.9967181086540222,810.3880615234375,786.9210205078125,0.028255661949515343,817.882080078125,828.78759765625,0.09125158935785294,885.32843017578125,846.02685546875,0.07893203943967819,840.0879380053908,823.8278301886793,2974.5,1000,1000,FALSE,FALSE,-0.3005467180111568,no issue,FALSE
frame1181__s425298,C:/R_projects/spat_1f_noise/processed_feed\rep65\processed_rep65__cam4_s425298_rank1181.jpg,processed_rep65__cam4_s425298_rank1181.jpg,TRUE,rep65,cam4,425298,1181,0.9992850422859192,778.34228515625,776.22802734375,0.09259078651666641,823.1051025390625,821.82830810546875,0.09599874168634415,889.00579833984375,844.01220703125,0.09800481051206589,827.805508233958,812.7007382169222,3524,1000,1000,FALSE,FALSE,0.9980973044845308,no issue,FALSE
frame1182__s425659,C:/R_projects/spat_1f_noise/processed_feed\rep65\processed_rep65__cam4_s425659_rank1182.jpg,processed_rep65__cam4_s425659_rank1182.jpg,TRUE,rep65,cam4,425659,1182,0.9991027116775512,778.362548828125,775.593505859375,0.10411690175533295,823.1470947265625,822.6485595703125,0.1159777045249939,890.3238525390625,844.937744140625,0.09262416511774063,826.9598560354374,812.5099667774086,3613.5,1000,1000,FALSE,FALSE,1.1474611560104904,no issue,FALSE
frame1183__s426019,C:/R_projects/spat_1f_noise/processed_feed\rep65\processed_rep65__cam4_s426019_rank1183.jpg,processed_rep65__cam4_s426019_rank1183.jpg,TRUE,rep65,cam4,426019,1183,0.9990593791007996,778.75665283203125,774.9075927734375,0.1407991498708725,822.10455322265625,821.011962890625,0.12575870752334595,888.98431396484375,848.4254150390625,0.08957741409540176,828.4695843655381,812.6537296999725,3630,1000,1000,FALSE,FALSE,1.132823100551858,no issue,FALSE
frame1184__s426379,C:/R_projects/spat_1f_noise/processed_feed\rep65\processed_rep65__cam4_s426379_rank1184.jpg,processed_rep65__cam4_s426379_rank1184.jpg,TRUE,rep65,cam4,426379,1184,0.9989468455314636,776.34130859375,773.68017578125,0.14238862693309784,817.566650390625,820.59014892578125,0.0959237739443779,888.7740478515625,847.74847412109375,0.09332799166440964,826.5370950888192,812.7985893416928,3824.5,1000,1000,FALSE,FALSE,1.4254945708343714,no issue,FALSE
frame1185__s426740,C:/R_projects/spat_1f_noise/processed_feed\rep65\processed_rep65__cam4_s426740_rank1185.jpg,processed_rep65__cam4_s426740_rank1185.jpg,TRUE,rep65,cam4,426740,1185,0.9992660880088806,778.7625732421875,774.12286376953125,0.11365853250026703,856.198486328125,826.56134033203125,0.12043525278568268,891.1695556640625,850.28350830078125,0.10434138029813766,828.463266384778,813.5512684989429,3784.5,1000,1000,FALSE,FALSE,1.163230154582459,no issue,FALSE
frame1186__s427100,C:/R_projects/spat_1f_noise/processed_feed\rep65\processed_rep65__cam4_s427100_rank1186.jpg,processed_rep65__cam4_s427100_rank1186.jpg,TRUE,rep65,cam4,427100,1186,0.9994120597839355,776.8310546875,772.845458984375,0.07836335897445679,815.51214599609375,817.79180908203125,0.08482594043016434,874.15771484375,831.5255126953125,0.08470948785543442,820.0359889264842,807.6004306367272,3251,1000,1000,FALSE,FALSE,-0.1104013259087857,no issue,FALSE
frame1187__s427461,C:/R_projects/spat_1f_noise/processed_feed\rep65\processed_rep65__cam4_s427461_rank1187.jpg,processed_rep65__cam4_s427461_rank1187.jpg,TRUE,rep65,cam4,427461,1187,0.9992324113845824,776.61688232421875,773.977783203125,0.07718808948993683,816.3612060546875,818.895263671875,0.0944833904504776,874.73577880859375,832.6199951171875,0.08334136009216309,819.0452366686638,807.9412822049131,3338,1000,1000,FALSE,FALSE,1.4313449936325653e-4,no issue,FALSE
frame1188__s427821,C:/R_projects/spat_1f_noise/processed_feed\rep65\processed_rep65__cam4_s427821_rank1188.jpg,processed_rep65__cam4_s427821_rank1188.jpg,TRUE,rep65,cam4,427821,1188,0.999321222305298,779.05401611328125,773.155029296875,0.07498621940612793,815.2451171875,817.7493896484375,0.07355386018753052,875.14776611328125,832.61419677734375,0.07648264616727829,820.5114693118413,808.2982021078735,3228,1000,1000,FALSE,FALSE,-0.31656791235228926,no issue,FALSE
frame1189__s428182,C:/R_projects/spat_1f_noise/processed_feed\rep65\processed_rep65__cam4_s428182_rank1189.jpg,processed_rep65__cam4_s428182_rank1189.jpg,TRUE,rep65,cam4,428182,1189,0.9991344809532166,783.5439453125,776.6732177734375,0.09708482027053833,829.447509765625,815.0628662109375,0.062432169914245605,893.96051025390625,846.02227783203125,0.07119715958833694,832.7581395348838,809.9177325581395,3438.5,1000,1000,FALSE,FALSE,0.06639505472178273,no issue,FALSE
frame1190__s428542,C:/R_projects/spat_1f_noise/processed_feed\rep65\processed_rep65__cam4_s428542_rank1190.jpg,processed_rep65__cam4_s428542_rank1190.jpg,TRUE,rep65,cam4,428542,1190,0.9993460774421692,783.1524658203125,777.19287109375,0.09946732968091965,823.017578125,813.03497314453125,0.07822360098361969,889.0440673828125,842.6973876953125,0.08922819048166275,830.4384637765493,808.763456502764,3435,1000,1000,FALSE,FALSE,-0.008689419545777918,no issue,FALSE
frame1191__s428903,C:/R_projects/spat_1f_noise/processed_feed\rep65\processed_rep65__cam4_s428903_rank1191.jpg,processed_rep65__cam4_s428903_rank1191.jpg,TRUE,rep65,cam4,428903,1191,0.99933260679245,779.99566650390625,777.094970703125,0.114437535405159,841.123046875,818.15399169921875,0.06900079548358917,891.02294921875,846.77093505859375,0.09363911300897598,830.9651129539606,809.0386045181584,3498.5,1000,1000,FALSE,FALSE,0.049615510697358096,no issue,FALSE
frame1192__s429263,C:/R_projects/spat_1f_noise/processed_feed\rep65\processed_rep65__cam4_s429263_rank1192.jpg,processed_rep65__cam4_s429263_rank1192.jpg,TRUE,rep65,cam4,429263,1192,0.9989175796508788,781.49468994140625,779.342041015625,0.06155584380030632,851.4564208984375,818.93560791015625,3.5835368633270264,886.43731689453125,836.2578125,0.089783675968647,830.6172955974843,805.38679245283015,3179,1000,1000,FALSE,FALSE,-0.8877401271481067,no issue,FALSE
frame1193__s429623,C:/R_projects/spat_1f_noise/processed_feed\rep65\processed_rep65__cam4_s429623_rank1193.jpg,processed_rep65__cam4_s429623_rank1193.jpg,TRUE,rep65,cam4,429623,1193,0.9990992546081544,781.84765625,780.0999755859375,0.06954875588417053,821.78375244140625,811.1292724609375,0.06115226820111275,887.9278564453125,838.43511962890625,0.06633033603429794,829.4803102625299,808.2628281622912,3350.5,1000,1000,FALSE,FALSE,-0.5711421095283838,no issue,FALSE
frame1194__s429984,C:/R_projects/spat_1f_noise/processed_feed\rep65\processed_rep65__cam4_s429984_rank1194.jpg,processed_rep65__cam4_s429984_rank1194.jpg,TRUE,rep65,cam4,429984,1194,0.9992942810058594,778.56195068359375,779.0555419921875,0.07522939890623093,823.41668701171875,812.79736328125,0.08439099788665771,888.206787109375,840.290771484375,0.1016603484749794,829.8212905144217,809.526613143027,3362,1000,1000,FALSE,FALSE,-0.7335905693281548,no issue,FALSE
frame1195__s430344,C:/R_projects/spat_1f_noise/processed_feed\rep65\processed_rep65__cam4_s430344_rank1195.jpg,processed_rep65__cam4_s430344_rank1195.jpg,TRUE,rep65,cam4,430344,1195,0.99938702583313,781.1234130859375,775.41900634765625,0.07504545897245407,820.931640625,812.90185546875,0.07299668341875076,889.3519287109375,840.38916015625,0.09434783458709717,828.2736842105263,807.978947368421,3608,1000,1000,FALSE,FALSE,-0.09027960593363274,no issue,FALSE
frame1196__s430705,C:/R_projects/spat_1f_noise/processed_feed\rep65\processed_rep65__cam4_s430705_rank1196.jpg,processed_rep65__cam4_s430705_rank1196.jpg,TRUE,rep65,cam4,430705,1196,0.9995490908622742,779.00933837890625,774.78448486328125,0.07518921792507172,851.12127685546875,821.6678466796875,0.29032886028289795,889.6639404296875,841.4083251953125,0.09846917539834976,829.0626052779337,809.6549691184728,3562.5,1000,1000,FALSE,FALSE,-0.3661082657600447,no issue,FALSE
frame1197__s431065,C:/R_projects/spat_1f_noise/processed_feed\rep65\processed_rep65__cam4_s431065_rank1197.jpg,processed_rep65__cam4_s431065_rank1197.jpg,TRUE,rep65,cam4,431065,1197,0.9992340803146362,781.169189453125,779.6939697265625,0.05896487832069397,818.6654052734375,813.25244140625,0.06336099654436111,888.6583251953125,839.3533935546875,0.07533051073551178,826.0097195223549,807.8397667314634,3598,1000,1000,FALSE,FALSE,-0.30785186356045663,no issue,FALSE
frame1198__s431426,C:/R_projects/spat_1f_noise/processed_feed\rep65\processed_rep65__cam4_s431426_rank1198.jpg,processed_rep65__cam4_s431426_rank1198.jpg,TRUE,rep65,cam4,431426,1198,0.999358594417572,782.14239501953125,778.34033203125,0.07311119884252548,820.7042236328125,814.52752685546875,0.06612267345190048,887.87646484375,839.4842529296875,0.07956484705209732,826.8841896111269,809.3945500993472,3523,1000,1000,FALSE,FALSE,-0.5903366064366009,no issue,FALSE
frame1199__s431786,C:/R_projects/spat_1f_noise/processed_feed\rep65\processed_rep65__cam4_s431786_rank1199.jpg,processed_rep65__cam4_s431786_rank1199.jpg,TRUE,rep65,cam4,431786,1199,0.9992595314979552,785.7838134765625,776.4000244140625,0.04689173772931099,808.1591796875,819.79547119140625,0.09655257314443588,888.9588623046875,840.873291015625,0.07573051750659943,821.7992164544564,808.7690989226248,4084,1000,1000,FALSE,FALSE,0.9976495477008022,no issue,FALSE
frame1200__s432146,C:/R_projects/spat_1f_noise/processed_feed\rep65\processed_rep65__cam4_s432146_rank1200.jpg,processed_rep65__cam4_s432146_rank1200.jpg,TRUE,rep65,cam4,432146,1200,0.9991347193717957,784.60302734375,775.093994140625,0.05677851662039757,807.02392578125,820.93994140625,0.08411627262830734,889.2340087890625,842.00433349609375,0.07017788290977478,822.8418146903505,809.9200672107537,4163,1000,1000,FALSE,FALSE,1.1871633410641296,no issue,FALSE
frame1201__s432507,C:/R_projects/spat_1f_noise/processed_feed\rep65\processed_rep65__cam4_s432507_rank1201.jpg,processed_rep65__cam4_s432507_rank1201.jpg,TRUE,rep65,cam4,432507,1201,0.9993600249290466,778.2559814453125,772.68310546875,0.07704925537109375,806.75390625,818.64697265625,0.07264091074466705,888.530517578125,843.4923095703125,0.07057761400938034,823.1009312861818,810.4382079033476,3971.5,1000,1000,FALSE,FALSE,0.542963666977187,no issue,FALSE
frame1202__s432867,C:/R_projects/spat_1f_noise/processed_feed\rep65\processed_rep65__cam4_s432867_rank1202.jpg,processed_rep65__cam4_s432867_rank1202.jpg,TRUE,rep65,cam4,432867,1202,0.99929678440094,778.783447265625,772.215087890625,0.04854647070169449,813.5926513671875,818.2431640625,0.06872258335351944,890.67047119140625,845.61126708984375,0.06043669953942299,827.7748883635409,812.1694247438928,3810,1000,1000,FALSE,FALSE,0.08811630079423272,no issue,FALSE
frame1203__s433228,C:/R_projects/spat_1f_noise/processed_feed\rep65\processed_rep65__cam4_s433228_rank1203.jpg,processed_rep65__cam4_s433228_rank1203.jpg,TRUE,rep65,cam4,433228,1203,0.9991464614868164,779.42926025390625,775.47607421875,0.07389938086271286,824.1412353515625,820.1060791015625,0.06760375946760178,892.45123291015625,844.9005126953125,0.06615445017814636,827.7521850899743,811.6876606683804,3891,1000,1000,FALSE,FALSE,0.28782371125814304,no issue,FALSE
frame1204__s433588,C:/R_projects/spat_1f_noise/processed_feed\rep65\processed_rep65__cam4_s433588_rank1204.jpg,processed_rep65__cam4_s433588_rank1204.jpg,TRUE,rep65,cam4,433588,1204,0.9994137287139891,778.197998046875,772.64886474609375,0.08911174535751343,825.69512939453125,818.870849609375,0.11677947640419006,889.44122314453125,845.10498046875,0.09074601531028748,827.1267275097783,810.5945241199479,3835.5,1000,1000,FALSE,FALSE,0.09204330155220387,no issue,FALSE
frame1205__s433948,C:/R_projects/spat_1f_noise/processed_feed\rep65\processed_rep65__cam4_s433948_rank1205.jpg,processed_rep65__cam4_s433948_rank1205.jpg,TRUE,rep65,cam4,433948,1205,0.9992019534111024,781.2646484375,777.75482177734375,0.07023856043815613,848.2818603515625,827.21502685546875,0.0894089937210083,890.4779052734375,844.526123046875,0.09964068233966827,828.8378600823045,812.3119341563786,3648,1000,1000,FALSE,FALSE,-0.5109178818988416,no issue,FALSE
frame1206__s434309,C:/R_projects/spat_1f_noise/processed_feed\rep65\processed_rep65__cam4_s434309_rank1206.jpg,processed_rep65__cam4_s434309_rank1206.jpg,TRUE,rep65,cam4,434309,1206,0.999357521533966,778.016357421875,773.4583740234375,0.06950648874044418,819.10650634765625,817.05938720703125,0.10696630924940109,888.8353271484375,844.4658203125,0.07674014568328857,825.3949666153056,810.098356445814,3894,1000,1000,FALSE,FALSE,0.19009079478277133,no issue,FALSE
frame1207__s434669,C:/R_projects/spat_1f_noise/processed_feed\rep65\processed_rep65__cam4_s434669_rank1207.jpg,processed_rep65__cam4_s434669_rank1207.jpg,TRUE,rep65,cam4,434669,1207,0.9994786381721495,777.35015869140625,774.966064453125,0.06298229843378067,817.2510986328125,816.9251708984375,0.0876815989613533,889.57159423828125,845.3092041015625,0.08944812417030334,827.8165210484511,811.9936457505958,3775.5,1000,1000,FALSE,FALSE,NA,unclear,FALSE
frame1208__s435030,C:/R_projects/spat_1f_noise/processed_feed\rep65\processed_rep65__cam4_s435030_rank1208.jpg,processed_rep65__cam4_s435030_rank1208.jpg,TRUE,rep65,cam4,435030,1208,0.9991855025291444,779.3116455078125,776.58868408203125,0.09050378203392029,827.81341552734375,820.039794921875,0.09647064656019211,889.99505615234375,846.11053466796875,0.08317306637763977,830.2628447809627,812.4632233639805,3699,1000,1000,FALSE,FALSE,NA,unclear,FALSE
frame1209__s435390,C:/R_projects/spat_1f_noise/processed_feed\rep65\processed_rep65__cam4_s435390_rank1209.jpg,processed_rep65__cam4_s435390_rank1209.jpg,TRUE,rep65,cam4,435390,1209,0.9992652535438538,777.281005859375,773.22943115234375,0.10717988759279251,813.435546875,825.19464111328125,0.07879073917865753,889.48455810546875,846.2281494140625,0.06510445475578308,824.7733526430123,813.3861935795318,4144.5,1000,1000,FALSE,FALSE,NA,unclear,FALSE
frame1210__s435750,C:/R_projects/spat_1f_noise/processed_feed\rep65\processed_rep65__cam4_s435750_rank1210.jpg,processed_rep65__cam4_s435750_rank1210.jpg,TRUE,rep65,cam4,435750,1210,0.998391091823578,778.4661865234375,777.9105224609375,0.09208262711763382,820.8790283203125,820.0030517578125,0.06652390211820602,868.2816162109375,834.8592529296875,0.2926129102706909,831.7068581332013,814.8229759841545,4038,1000,1000,FALSE,FALSE,NA,unclear,FALSE
frame1211__s436111,C:/R_projects/spat_1f_noise/processed_feed\rep65\processed_rep65__cam4_s436111_rank1211.jpg,processed_rep65__cam4_s436111_rank1211.jpg,TRUE,rep65,cam4,436111,1211,0.9992597699165344,778.955810546875,774.5018310546875,0.10317370295524597,821.248779296875,821.4267578125,0.08274901658296585,888.4200439453125,844.88922119140625,0.06402668356895447,827.2467191601049,813.3776902887139,3812,1000,1000,FALSE,FALSE,NA,unclear,FALSE
frame1212__s436471,C:/R_projects/spat_1f_noise/processed_feed\rep65\processed_rep65__cam4_s436471_rank1212.jpg,processed_rep65__cam4_s436471_rank1212.jpg,TRUE,rep65,cam4,436471,1212,0.9985094666481018,781.476318359375,777.04718017578125,0.06850606203079224,803.91204833984375,810.6434326171875,0.12753018736839294,884.929931640625,838.0181884765625,0.2630426287651062,837.3078128497873,816.6997985224983,4462.5,1000,1000,FALSE,FALSE,NA,unclear,FALSE
frame1213__s436832,C:/R_projects/spat_1f_noise/processed_feed\rep65\processed_rep65__cam4_s436832_rank1213.jpg,processed_rep65__cam4_s436832_rank1213.jpg,TRUE,rep65,cam4,436832,1213,0.9987605810165404,894.089599609375,846.217529296875,0.03667369484901428,808.26531982421875,827.60205078125,0.12677526473999023,769.70654296875,759.34539794921875,0.03407009690999985,829.5486127302402,815.6656563301469,4291,1000,1000,FALSE,FALSE,NA,unclear,FALSE
frame1214__s437192,C:/R_projects/spat_1f_noise/processed_feed\rep65\processed_rep65__cam4_s437192_rank1214.jpg,processed_rep65__cam4_s437192_rank1214.jpg,TRUE,rep65,cam4,437192,1214,0.9981507658958436,795.557861328125,769.623046875,0.033306997269392014,811.7230224609375,829.27978515625,0.11178033798933029,891.3052978515625,844.19384765625,0.039857424795627594,829.9194463353755,816.069434989789,4406,1000,1000,FALSE,FALSE,NA,unclear,FALSE
frame1215__s437552,C:/R_projects/spat_1f_noise/processed_feed\rep65\processed_rep65__cam4_s437552_rank1215.jpg,processed_rep65__cam4_s437552_rank1215.jpg,TRUE,rep65,cam4,437552,1215,0.9995691180229188,789.49407958984375,769.5628662109375,0.06040235236287117,806.99310302734375,826.76019287109375,0.12714770436286926,884.4886474609375,839.1943359375,0.07143677026033401,822.9237392373924,811.4880688806888,4067.5,1000,1000,FALSE,FALSE,NA,unclear,FALSE
frame1216__s437913,C:/R_projects/spat_1f_noise/processed_feed\rep65\processed_rep65__cam4_s437913_rank1216.jpg,processed_rep65__cam4_s437913_rank1216.jpg,TRUE,rep65,cam4,437913,1216,0.9994661211967468,791.19378662109375,769.1246337890625,0.03806905075907707,806.0921630859375,827.30169677734375,0.11091380566358566,886.791748046875,839.67987060546875,0.06518145650625229,820.1094415788293,810.0699708454811,4464,1000,1000,FALSE,FALSE,NA,unclear,FALSE
frame1217__s438273,C:/R_projects/spat_1f_noise/processed_feed\rep65\processed_rep65__cam4_s438273_rank1217.jpg,processed_rep65__cam4_s438273_rank1217.jpg,TRUE,rep65,cam4,438273,1217,0.9994578957557678,791.893798828125,765.80755615234375,0.0659964382648468,805.5731201171875,821.87060546875,0.09259356558322906,873.9698486328125,834.3289794921875,0.08248456567525864,820.1348219332956,809.3388920293951,3538.5,1000,1000,FALSE,FALSE,NA,unclear,FALSE
frame1218__s438634,C:/R_projects/spat_1f_noise/processed_feed\rep65\processed_rep65__cam4_s438634_rank1218.jpg,processed_rep65__cam4_s438634_rank1218.jpg,TRUE,rep65,cam4,438634,1218,0.9993535876274108,791.50048828125,764.6943359375,0.08537310361862183,806.482177734375,823.41644287109375,0.0984971821308136,876.396728515625,835.91058349609375,0.0895995944738388,821.0487472766885,810.3466775599129,3674.5,1000,1000,FALSE,FALSE,NA,unclear,FALSE
frame1219__s438994,C:/R_projects/spat_1f_noise/processed_feed\rep65\processed_rep65__cam4_s438994_rank1219.jpg,processed_rep65__cam4_s438994_rank1219.jpg,TRUE,rep65,cam4,438994,1219,0.999466359615326,786.775390625,761.94268798828125,0.11170174181461334,807.832763671875,823.77044677734375,0.10734186321496964,875.9599609375,836.135986328125,0.08554130047559738,820.052049622438,808.7292340884574,3705.5,1000,1000,FALSE,FALSE,NA,unclear,FALSE
frame1220__s439354,C:/R_projects/spat_1f_noise/processed_feed\rep65\processed_rep65__cam4_s439354_rank1220.jpg,processed_rep65__cam4_s439354_rank1220.jpg,TRUE,rep65,cam4,439354,1220,0.9992437362670898,786.552734375,763.56683349609375,0.08237452059984207,811.4879150390625,828.5528564453125,0.10440714657306671,876.3192138671875,836.0511474609375,0.08688963949680328,820.2509034589572,810.8933918430563,3874.5,1000,1000,FALSE,FALSE,NA,unclear,FALSE
